Pixels	
pxl	arb
1	8,39999389648438
2	9,5
3	4,0999755859375
4	-4,60000610351563
5	-7,30001831054688
6	15,3999938964844
7	2,69998168945313
8	1,19998168945313
9	0,29998779296875
10	3,0999755859375
11	-6,70001220703125
12	-2,10000610351563
13	3,5
14	4,19998168945313
15	9,5
16	2
17	-0,300018310546875
18	0,199981689453125
19	4,19998168945313
20	2,89999389648438
21	6,89999389648438
22	0,699981689453125
23	3,5
24	6,0999755859375
25	5,69998168945313
26	7,5
27	-0,4000244140625
28	10,5
29	1,5
30	8,69998168945313
31	8,0999755859375
32	1,29998779296875
33	7,79998779296875
34	1,29998779296875
35	5,29998779296875
36	7,19998168945313
37	9,89999389648438
38	9,5
39	16,1999816894531
40	21,5999755859375
41	47,0999755859375
42	135,399993896484
43	613
44	2397,30004882813
45	6434,7998046875
46	10162,5
47	12448,599609375
48	8832,900390625
49	3877,60009765625
50	2038,69995117188
51	1116,40002441406
52	542,400024414063
53	232,399993896484
54	104,599975585938
55	62,5
56	43,5
57	32,5999755859375
58	29,0999755859375
59	13,7999877929688
60	18,5
61	15,3999938964844
62	5,5
63	12,2999877929688
64	7,79998779296875
65	0,79998779296875
66	6,29998779296875
67	-0,800018310546875
68	3,19998168945313
69	5,19998168945313
70	-3,9000244140625
71	1,39999389648438
72	-5
73	3,5999755859375
74	0,399993896484375
75	-2,30001831054688
76	1,5
77	8,39999389648438
78	0,29998779296875
79	0,0999755859375
80	-5,10000610351563
81	2,29998779296875
82	0,5
83	7,69998168945313
84	4,5
85	0,0999755859375
86	1,79998779296875
87	10,3999938964844
88	4,29998779296875
89	0,699981689453125
90	4,39999389648438
91	5,5
92	2,69998168945313
93	12,5
94	-0,70001220703125
95	11,3999938964844
96	-0,600006103515625
97	8,69998168945313
98	7,29998779296875
99	3,79998779296875
100	0,899993896484375
101	8,79998779296875
102	3,19998168945313
103	3,19998168945313
104	7,69998168945313
105	8
106	-3,10000610351563
107	1,5999755859375
108	3,29998779296875
109	-1,80001831054688
110	4
111	3
112	3,19998168945313
113	4,89999389648438
114	0,79998779296875
115	8,39999389648438
116	2,5
117	6,0999755859375
118	-4,20001220703125
119	2,19998168945313
120	-0,70001220703125
121	10,5999755859375
122	-7,5
123	6,5
124	4,89999389648438
125	2,5999755859375
126	1,29998779296875
127	-6,5
128	2,5
129	-4,5
130	7,19998168945313
131	-0,600006103515625
132	-2,9000244140625
133	-4,20001220703125
134	1,19998168945313
135	3,0999755859375
136	9,69998168945313
137	-3,4000244140625
138	2,0999755859375
139	4,89999389648438
140	3,89999389648438
141	0,0999755859375
142	1,89999389648438
143	7,29998779296875
144	1,39999389648438
145	-1,60000610351563
146	4,69998168945313
147	4,89999389648438
148	-8,4000244140625
149	5,19998168945313
150	-6,30001831054688
151	3,0999755859375
152	2,29998779296875
153	8,0999755859375
154	19,8999938964844
155	32,5
156	12,5
157	18,6999816894531
158	13,3999938964844
159	10,5999755859375
160	4,79998779296875
161	8,5999755859375
162	4,19998168945313
163	-7,5
164	3
165	5,29998779296875
166	5,29998779296875
167	0,199981689453125
168	-0,4000244140625
169	5,89999389648438
170	9,79998779296875
171	-5,30001831054688
172	1,5
173	6,19998168945313
174	3,69998168945313
175	2,5
176	-4,4000244140625
177	3,5
178	12,3999938964844
179	1,5
180	-2
181	5,39999389648438
182	9,29998779296875
183	-5,80001831054688
184	-3,70001220703125
185	7,19998168945313
186	-5,60000610351563
187	-3,5
188	-1,30001831054688
189	0,199981689453125
190	-6,30001831054688
191	-2,30001831054688
192	0
193	-0,9000244140625
194	-1,4000244140625
195	-3,4000244140625
196	13,6999816894531
197	4,39999389648438
198	7,89999389648438
199	4,5999755859375
200	-5,60000610351563
201	0,29998779296875
202	3,69998168945313
203	5,79998779296875
204	-0,70001220703125
205	-3,30001831054688
206	2,19998168945313
207	6,0999755859375
208	9
209	3,5
210	2,0999755859375
211	2,5
212	0
213	-1,20001220703125
214	1,29998779296875
215	8
216	-1,80001831054688
217	4,89999389648438
218	0,0999755859375
219	1,79998779296875
220	2,79998779296875
221	-8,20001220703125
222	5,69998168945313
223	5,69998168945313
224	6
225	-1,20001220703125
226	4,79998779296875
227	2,5
228	0,79998779296875
229	0,5999755859375
230	4,39999389648438
231	7,29998779296875
232	-4,80001831054688
233	-1,30001831054688
234	3,0999755859375
235	-5,60000610351563
236	0,29998779296875
237	3,5
238	1,0999755859375
239	-4,5
240	-0,70001220703125
241	-0,20001220703125
242	5,39999389648438
243	5,29998779296875
244	9,79998779296875
245	10,5
246	2
247	10,1999816894531
248	0,399993896484375
249	3,0999755859375
250	-1,9000244140625
251	-0,800018310546875
252	-3
253	6,5
254	9,89999389648438
255	-1,4000244140625
256	3
257	0,0999755859375
258	-0,20001220703125
259	8,79998779296875
260	-2
261	-5,5
262	5
263	0,699981689453125
264	11
265	7,69998168945313
266	4,29998779296875
267	-5,4000244140625
268	-7,5
269	-2,30001831054688
270	1,5999755859375
271	5,39999389648438
272	7,5999755859375
273	3,5999755859375
274	-1,10000610351563
275	3,69998168945313
276	13,5
277	8,5
278	10,2999877929688
279	14,5
280	5,89999389648438
281	13,3999938964844
282	7,5
283	11,3999938964844
284	-2,70001220703125
285	11,2999877929688
286	11,0999755859375
287	10,1999816894531
288	4,29998779296875
289	16,7999877929688
290	18,2999877929688
291	20,7999877929688
292	12,6999816894531
293	17,6999816894531
294	18,3999938964844
295	23,0999755859375
296	13,2999877929688
297	30,1999816894531
298	29,8999938964844
299	28,0999755859375
300	29,0999755859375
301	37,1999816894531
302	60,2999877929688
303	81,2999877929688
304	141,799987792969
305	441,299987792969
306	1523,90002441406
307	5690,2001953125
308	15762,900390625
309	28437,5
310	32883,80078125
311	20845,099609375
312	10500,2001953125
313	5326,5
314	2778,30004882813
315	1402,69995117188
316	666,299987792969
317	327
318	170,599975585938
319	112,799987792969
320	78,0999755859375
321	60,2999877929688
322	48,5999755859375
323	40,8999938964844
324	35,6999816894531
325	27,8999938964844
326	34,1999816894531
327	14,7999877929688
328	5,5999755859375
329	22,3999938964844
330	16,3999938964844
331	22,2999877929688
332	6,69998168945313
333	6,0999755859375
334	13,8999938964844
335	9,29998779296875
336	20,3999938964844
337	2,29998779296875
338	4,29998779296875
339	13,1999816894531
340	7,19998168945313
341	5,19998168945313
342	3
343	9,5
344	6,39999389648438
345	0,899993896484375
346	0,79998779296875
347	8,39999389648438
348	4,29998779296875
349	4,29998779296875
350	10,5999755859375
351	13,5
352	10,5999755859375
353	7,0999755859375
354	-3,10000610351563
355	6,89999389648438
356	10,6999816894531
357	4,79998779296875
358	5,39999389648438
359	2,0999755859375
360	2,79998779296875
361	7,29998779296875
362	-1,70001220703125
363	3,5
364	2,79998779296875
365	5,89999389648438
366	-3,70001220703125
367	3,5
368	0,399993896484375
369	5,69998168945313
370	5,0999755859375
371	3,79998779296875
372	3,19998168945313
373	3,19998168945313
374	-0,100006103515625
375	-0,4000244140625
376	-4,10000610351563
377	5,5999755859375
378	-8,4000244140625
379	1,79998779296875
380	6,39999389648438
381	4,79998779296875
382	5
383	2,69998168945313
384	-0,100006103515625
385	1
386	6,79998779296875
387	2,79998779296875
388	-6,30001831054688
389	1,69998168945313
390	2,89999389648438
391	-5,5
392	7,89999389648438
393	-0,800018310546875
394	4,69998168945313
395	5,5
396	7,19998168945313
397	0,699981689453125
398	6,29998779296875
399	8,5999755859375
400	7,5999755859375
401	1,39999389648438
402	-3,80001831054688
403	-7,80001831054688
404	-6,60000610351563
405	-0,300018310546875
406	-2,60000610351563
407	0
408	-5,60000610351563
409	2
410	10,6999816894531
411	2,0999755859375
412	1,89999389648438
413	2,0999755859375
414	3,79998779296875
415	7,79998779296875
416	-4
417	-0,100006103515625
418	8,5999755859375
419	-1
420	1,89999389648438
421	-1,5
422	6,5
423	-1,30001831054688
424	5
425	-5,30001831054688
426	-3
427	-7,60000610351563
428	-5,10000610351563
429	-5,10000610351563
430	3,19998168945313
431	-1,9000244140625
432	3,19998168945313
433	-3,10000610351563
434	3,5999755859375
435	-10,5
436	0,79998779296875
437	4,5999755859375
438	0
439	-2,20001220703125
440	-4,20001220703125
441	0,5
442	0,899993896484375
443	8,5
444	-8,80001831054688
445	9,5
446	-8,5
447	-2
448	3,19998168945313
449	6,69998168945313
450	4,0999755859375
451	-1,4000244140625
452	-6,20001220703125
453	0,199981689453125
454	6,29998779296875
455	-0,600006103515625
456	3,69998168945313
457	-2,20001220703125
458	4,89999389648438
459	-1,80001831054688
460	5,5999755859375
461	3,79998779296875
462	3,19998168945313
463	4
464	-1,20001220703125
465	-2,20001220703125
466	-0,4000244140625
467	4,89999389648438
468	-6,80001831054688
469	5,19998168945313
470	-0,20001220703125
471	-2,80001831054688
472	-5,30001831054688
473	7,0999755859375
474	-1,60000610351563
475	6,29998779296875
476	-2,30001831054688
477	4,39999389648438
478	2,89999389648438
479	-0,4000244140625
480	-9,60000610351563
481	-3,4000244140625
482	6,79998779296875
483	-4,9000244140625
484	2,39999389648438
485	1,39999389648438
486	7,19998168945313
487	-3,20001220703125
488	-0,9000244140625
489	3,89999389648438
490	5,29998779296875
491	-0,100006103515625
492	-7,20001220703125
493	5,19998168945313
494	0,5999755859375
495	-1,9000244140625
496	-0,9000244140625
497	9
498	3,29998779296875
499	5,0999755859375
500	0,899993896484375
501	4,69998168945313
502	5,0999755859375
503	-6,70001220703125
504	9,69998168945313
505	-6,20001220703125
506	-1,60000610351563
507	-3,70001220703125
508	11,3999938964844
509	1,5
510	-1,70001220703125
511	5,5
512	-4,9000244140625
513	3,79998779296875
514	5,39999389648438
515	-3,80001831054688
516	-0,100006103515625
517	5,29998779296875
518	0,699981689453125
519	-1,10000610351563
520	-0,800018310546875
521	1,19998168945313
522	-10,1000061035156
523	-0,9000244140625
524	9,39999389648438
525	2,19998168945313
526	-2,70001220703125
527	-0,100006103515625
528	2,39999389648438
529	-3,20001220703125
530	-0,4000244140625
531	-6,4000244140625
532	2,69998168945313
533	3
534	0,79998779296875
535	7,19998168945313
536	0,5
537	-1,5
538	2,69998168945313
539	-5
540	2,19998168945313
541	-7,9000244140625
542	9,39999389648438
543	0,0999755859375
544	5
545	1,89999389648438
546	3,29998779296875
547	0,399993896484375
548	5,39999389648438
549	-4,4000244140625
550	8,39999389648438
551	-2,70001220703125
552	-1,10000610351563
553	10,0999755859375
554	1,0999755859375
555	0,199981689453125
556	3,19998168945313
557	0,29998779296875
558	3,5999755859375
559	16
560	3,79998779296875
561	1,5999755859375
562	-0,800018310546875
563	2,19998168945313
564	-0,4000244140625
565	-2,10000610351563
566	-0,800018310546875
567	4,29998779296875
568	-5,5
569	-8,4000244140625
570	8,0999755859375
571	-0,4000244140625
572	2,29998779296875
573	0,699981689453125
574	-1,70001220703125
575	-0,800018310546875
576	-2,9000244140625
577	7,5
578	-3,9000244140625
579	-1,60000610351563
580	-4,30001831054688
581	3,29998779296875
582	1
583	3,29998779296875
584	-0,100006103515625
585	-4,30001831054688
586	-1,5
587	8
588	1,19998168945313
589	-1,9000244140625
590	3,5
591	0,899993896484375
592	-6
593	5,69998168945313
594	-3,60000610351563
595	1,89999389648438
596	5,5999755859375
597	2,5
598	-2
599	-3,4000244140625
600	1,79998779296875
601	5,39999389648438
602	-1
603	-3,60000610351563
604	-0,5
605	-1
606	2,39999389648438
607	8,89999389648438
608	7,5999755859375
609	6,29998779296875
610	3,5999755859375
611	-3,20001220703125
612	5,5
613	-3,30001831054688
614	-2,9000244140625
615	-2,70001220703125
616	8,69998168945313
617	4,19998168945313
618	0,29998779296875
619	4,5999755859375
620	3,29998779296875
621	3
622	-2,70001220703125
623	1,19998168945313
624	-1
625	9,69998168945313
626	-1,9000244140625
627	3
628	0,79998779296875
629	2,79998779296875
630	0,5
631	3,89999389648438
632	0,399993896484375
633	4,39999389648438
634	0,5
635	-7,20001220703125
636	3,5
637	9,69998168945313
638	-1,60000610351563
639	0,899993896484375
640	-5,20001220703125
641	-2,4000244140625
642	5,0999755859375
643	3,19998168945313
644	3
645	-0,100006103515625
646	5,69998168945313
647	-8,5
648	-8,20001220703125
649	1,39999389648438
650	5,79998779296875
651	-10,9000244140625
652	-2,5
653	9,19998168945313
654	2
655	10,5999755859375
656	-1,9000244140625
657	-4,80001831054688
658	10,2999877929688
659	0,29998779296875
660	-1,30001831054688
661	-1,4000244140625
662	5,69998168945313
663	3,0999755859375
664	3,29998779296875
665	-1,4000244140625
666	12,6999816894531
667	1,19998168945313
668	-3,70001220703125
669	-0,800018310546875
670	-7,9000244140625
671	-3,70001220703125
672	1,69998168945313
673	-0,300018310546875
674	-7,10000610351563
675	2,79998779296875
676	0,29998779296875
677	-0,70001220703125
678	-1,80001831054688
679	1,5
680	1,5
681	2,39999389648438
682	-7
683	3,5
684	-4,10000610351563
685	0,0999755859375
686	-1,20001220703125
687	-0,600006103515625
688	-5,80001831054688
689	-2,80001831054688
690	-2,10000610351563
691	1,39999389648438
692	11,3999938964844
693	-0,800018310546875
694	-6,80001831054688
695	-1,60000610351563
696	-8
697	0,199981689453125
698	9,39999389648438
699	0,0999755859375
700	9,39999389648438
701	4,19998168945313
702	-3,5
703	0,399993896484375
704	13
705	-0,9000244140625
706	-10,9000244140625
707	-7,10000610351563
708	3,29998779296875
709	-3,5
710	-5,9000244140625
711	5,19998168945313
712	4,0999755859375
713	-5
714	0
715	-2,10000610351563
716	0,5
717	-8,5
718	2
719	-1,4000244140625
720	0,5
721	4,5
722	7,19998168945313
723	-6
724	2,5999755859375
725	-3,9000244140625
726	-0,20001220703125
727	-2
728	5
729	3,89999389648438
730	-0,5
731	0,5999755859375
732	1,0999755859375
733	4,79998779296875
734	-3,4000244140625
735	2,39999389648438
736	-5,20001220703125
737	5,79998779296875
738	-3,5
739	0,899993896484375
740	0,29998779296875
741	-0,300018310546875
742	7,5
743	0,199981689453125
744	-2
745	5,19998168945313
746	8,89999389648438
747	-2,9000244140625
748	6,5
749	2,29998779296875
750	3,0999755859375
751	6,19998168945313
752	-2,4000244140625
753	10,3999938964844
754	7,5
755	6,19998168945313
756	-2,20001220703125
757	0,5
758	6,39999389648438
759	10,1999816894531
760	-1,5
761	-0,9000244140625
762	4
763	3,89999389648438
764	1,19998168945313
765	0,5
766	3,0999755859375
767	5,39999389648438
768	-0,100006103515625
769	6,79998779296875
770	-5
771	-1,9000244140625
772	5,29998779296875
773	3,79998779296875
774	-2,5
775	-6,30001831054688
776	4,69998168945313
777	4,29998779296875
778	-3,80001831054688
779	-1,9000244140625
780	3
781	-1,20001220703125
782	2,39999389648438
783	1,19998168945313
784	0,199981689453125
785	-11
786	5,19998168945313
787	7,0999755859375
788	1,79998779296875
789	-2,30001831054688
790	2,39999389648438
791	4,19998168945313
792	5,19998168945313
793	3,39999389648438
794	4,5
795	0
796	-8
797	-3,70001220703125
798	10,1999816894531
799	6,19998168945313
800	-0,4000244140625
801	-1,20001220703125
802	4,29998779296875
803	-1,9000244140625
804	-0,600006103515625
805	-0,70001220703125
806	-8,60000610351563
807	-6,20001220703125
808	-1,4000244140625
809	8,89999389648438
810	2,29998779296875
811	4,69998168945313
812	2,5999755859375
813	-2,5
814	8,5
815	4,5
816	-0,4000244140625
817	-6,10000610351563
818	-8,4000244140625
819	6,5
820	13,5999755859375
821	-1,4000244140625
822	-2,70001220703125
823	-2,20001220703125
824	-0,300018310546875
825	8,89999389648438
826	1,39999389648438
827	-3,80001831054688
828	-0,800018310546875
829	-3,10000610351563
830	-1,9000244140625
831	4,89999389648438
832	-4,30001831054688
833	2,69998168945313
834	11,6999816894531
835	-2,20001220703125
836	1,5999755859375
837	13,6999816894531
838	-5,4000244140625
839	-1,9000244140625
840	-5,4000244140625
841	-2,80001831054688
842	2,5
843	-1,9000244140625
844	-1,10000610351563
845	-0,4000244140625
846	7,79998779296875
847	5,29998779296875
848	12,5
849	0,79998779296875
850	10,6999816894531
851	6,89999389648438
852	3,79998779296875
853	-3,5
854	0,29998779296875
855	4,89999389648438
856	3,5999755859375
857	4,0999755859375
858	4,5
859	3,0999755859375
860	-0,4000244140625
861	-1,5
862	3,89999389648438
863	6,29998779296875
864	-4,5
865	-1,4000244140625
866	0,79998779296875
867	-1,20001220703125
868	6,69998168945313
869	5,19998168945313
870	4,69998168945313
871	3,5
872	3,89999389648438
873	-2,60000610351563
874	2,19998168945313
875	-0,100006103515625
876	4,39999389648438
877	8,29998779296875
878	-8,9000244140625
879	4,19998168945313
880	8,79998779296875
881	8,0999755859375
882	-12,1000061035156
883	-2,70001220703125
884	-7,9000244140625
885	1,5999755859375
886	0,399993896484375
887	5,69998168945313
888	1,89999389648438
889	-2,4000244140625
890	7,29998779296875
891	-1,5
892	-0,800018310546875
893	-0,4000244140625
894	4,0999755859375
895	0,199981689453125
896	-0,300018310546875
897	3,79998779296875
898	3
899	-0,100006103515625
900	1,89999389648438
901	-0,100006103515625
902	4,89999389648438
903	-3,60000610351563
904	-1
905	-6,30001831054688
906	1,29998779296875
907	6
908	5
909	-2,60000610351563
910	0
911	7,19998168945313
912	-7,20001220703125
913	-7,4000244140625
914	11,3999938964844
915	-0,5
916	-5,5
917	-1,30001831054688
918	6,79998779296875
919	7,5
920	5,5
921	8,19998168945313
922	8,79998779296875
923	6
924	2,5
925	0,399993896484375
926	-10,9000244140625
927	0,79998779296875
928	-1,10000610351563
929	1,39999389648438
930	-4,5
931	2,5999755859375
932	1,69998168945313
933	-1,80001831054688
934	3,69998168945313
935	9,89999389648438
936	-3,70001220703125
937	-2,4000244140625
938	5,69998168945313
939	2,89999389648438
940	7
941	0
942	9,39999389648438
943	11,5999755859375
944	3
945	-2
946	2,19998168945313
947	-4,10000610351563
948	4,69998168945313
949	-6,70001220703125
950	8,5
951	-3,80001831054688
952	7
953	1,89999389648438
954	-7,5
955	7,79998779296875
956	9,0999755859375
957	3
958	-1
959	1,79998779296875
960	-2,4000244140625
961	-1
962	5
963	-1,5
964	13,5
965	-3
966	4,0999755859375
967	4,5
968	0,699981689453125
969	10,2999877929688
970	4,0999755859375
971	6
972	12,6999816894531
973	6,19998168945313
974	0,5
975	6,69998168945313
976	11,6999816894531
977	19,3999938964844
978	26
979	93,8999938964844
980	466,099975585938
981	877,699951171875
982	1050,69995117188
983	774,599975585938
984	377,599975585938
985	154,899993896484
986	77,6999816894531
987	58,5
988	21,3999938964844
989	6,69998168945313
990	3,5999755859375
991	10,1999816894531
992	3,79998779296875
993	1,29998779296875
994	0,5
995	10,6999816894531
996	-1,30001831054688
997	2,19998168945313
998	8,29998779296875
999	2,5
1000	6,5999755859375
1001	0,29998779296875
1002	0,399993896484375
1003	11,2999877929688
1004	6,79998779296875
1005	-3,9000244140625
1006	1
1007	4,5999755859375
1008	6,79998779296875
1009	-6,30001831054688
1010	-1,5
1011	5,39999389648438
1012	7,0999755859375
1013	6,0999755859375
1014	10,0999755859375
1015	-1,70001220703125
1016	5,89999389648438
1017	-5,30001831054688
1018	7,89999389648438
1019	5,79998779296875
1020	-5,4000244140625
1021	-1,60000610351563
1022	-3,30001831054688
1023	10,2999877929688
1024	1,5999755859375
1025	5,5
1026	6,0999755859375
1027	-7,60000610351563
1028	-1,10000610351563
1029	2,69998168945313
1030	5,39999389648438
1031	3,5
1032	-4,9000244140625
1033	11,8999938964844
1034	9
1035	-0,9000244140625
1036	-1,20001220703125
1037	4,5999755859375
1038	7,5999755859375
1039	5
1040	-3,20001220703125
1041	1,89999389648438
1042	5,69998168945313
1043	-2,5
1044	5,0999755859375
1045	-0,800018310546875
1046	1,89999389648438
1047	-6,20001220703125
1048	6,69998168945313
1049	0,0999755859375
1050	2,0999755859375
1051	7,29998779296875
1052	-3,20001220703125
1053	5,19998168945313
1054	-2
1055	-5,60000610351563
1056	0,5
1057	8,29998779296875
1058	-4,30001831054688
1059	0,399993896484375
1060	-5,20001220703125
1061	3,39999389648438
1062	-1,60000610351563
1063	-1,20001220703125
1064	-6
1065	-6
1066	0,5999755859375
1067	2,5999755859375
1068	6,39999389648438
1069	-0,300018310546875
1070	6,19998168945313
1071	2
1072	-1,70001220703125
1073	6,0999755859375
1074	-1,20001220703125
1075	0,5999755859375
1076	9,5999755859375
1077	2,19998168945313
1078	1,79998779296875
1079	3,19998168945313
1080	5,0999755859375
1081	7,29998779296875
1082	2
1083	8,69998168945313
1084	0,79998779296875
1085	-1,80001831054688
1086	0,5
1087	4,89999389648438
1088	-4,10000610351563
1089	10,7999877929688
1090	-3,60000610351563
1091	11
1092	0,79998779296875
1093	2,39999389648438
1094	6,89999389648438
1095	-0,100006103515625
1096	1,79998779296875
1097	-2,10000610351563
1098	-5,60000610351563
1099	-5,9000244140625
1100	-2,20001220703125
1101	10
1102	-3,4000244140625
1103	3,39999389648438
1104	1
1105	6
1106	0,0999755859375
1107	0,29998779296875
1108	3,39999389648438
1109	2,5999755859375
1110	4
1111	2,69998168945313
1112	6,69998168945313
1113	-3,9000244140625
1114	5,69998168945313
1115	-6,9000244140625
1116	-9,70001220703125
1117	0,0999755859375
1118	0,699981689453125
1119	8,39999389648438
1120	-3,70001220703125
1121	-5,60000610351563
1122	2,5
1123	6,0999755859375
1124	4,79998779296875
1125	9,5999755859375
1126	5,39999389648438
1127	7,69998168945313
1128	-8,5
1129	1,79998779296875
1130	8
1131	-1,60000610351563
1132	0
1133	1,19998168945313
1134	3,79998779296875
1135	-4,70001220703125
1136	-0,300018310546875
1137	-3,30001831054688
1138	-1,10000610351563
1139	1,39999389648438
1140	-5,30001831054688
1141	3,39999389648438
1142	-1,70001220703125
1143	-1,9000244140625
1144	7,5
1145	2,89999389648438
1146	3,69998168945313
1147	-3,20001220703125
1148	6,89999389648438
1149	1,89999389648438
1150	3,5
1151	10
1152	8,69998168945313
1153	9,0999755859375
1154	-1,20001220703125
1155	-1,80001831054688
1156	-1,5
1157	6,29998779296875
1158	2,5999755859375
1159	-2,80001831054688
1160	-0,5
1161	-0,20001220703125
1162	6,39999389648438
1163	7,19998168945313
1164	6,29998779296875
1165	6,89999389648438
1166	-0,600006103515625
1167	7,29998779296875
1168	9,5999755859375
1169	-0,600006103515625
1170	-6,5
1171	-0,100006103515625
1172	-2,60000610351563
1173	-0,9000244140625
1174	-3,20001220703125
1175	6,29998779296875
1176	7
1177	5,5999755859375
1178	6,69998168945313
1179	4,0999755859375
1180	-1,20001220703125
1181	10,8999938964844
1182	7,5999755859375
1183	6,89999389648438
1184	4,19998168945313
1185	3,0999755859375
1186	6,79998779296875
1187	5,0999755859375
1188	-5,20001220703125
1189	9,89999389648438
1190	-2
1191	-1,4000244140625
1192	8,39999389648438
1193	13,1999816894531
1194	5,89999389648438
1195	2,79998779296875
1196	8,39999389648438
1197	-2,9000244140625
1198	1,5
1199	0,699981689453125
1200	-0,300018310546875
1201	-3,5
1202	0,699981689453125
1203	11,5
1204	2,89999389648438
1205	5,89999389648438
1206	9,19998168945313
1207	0,29998779296875
1208	5,5999755859375
1209	0,699981689453125
1210	3,5999755859375
1211	-0,9000244140625
1212	-1,4000244140625
1213	-2,20001220703125
1214	4,79998779296875
1215	-4
1216	5,19998168945313
1217	-4,60000610351563
1218	5,79998779296875
1219	0,899993896484375
1220	9
1221	7,69998168945313
1222	4,69998168945313
1223	8,19998168945313
1224	6,29998779296875
1225	3,0999755859375
1226	7,69998168945313
1227	-2,60000610351563
1228	3,79998779296875
1229	9,79998779296875
1230	0,0999755859375
1231	2
1232	-6,60000610351563
1233	5,19998168945313
1234	13,6999816894531
1235	2,79998779296875
1236	3
1237	1,79998779296875
1238	3,5999755859375
1239	8,19998168945313
1240	-2,60000610351563
1241	-2,30001831054688
1242	8,39999389648438
1243	-2,10000610351563
1244	6,69998168945313
1245	8,5999755859375
1246	-0,4000244140625
1247	-2,4000244140625
1248	1,5999755859375
1249	6,0999755859375
1250	5,29998779296875
1251	6,19998168945313
1252	-6,80001831054688
1253	2,19998168945313
1254	-6
1255	2,89999389648438
1256	10
1257	3,5999755859375
1258	-3,80001831054688
1259	1,29998779296875
1260	10,0999755859375
1261	8,29998779296875
1262	6,89999389648438
1263	14,5
1264	22,5
1265	12,2999877929688
1266	12,6999816894531
1267	3,5
1268	4,39999389648438
1269	10,2999877929688
1270	8,5999755859375
1271	-4,30001831054688
1272	5,5
1273	5
1274	6
1275	8,69998168945313
1276	13
1277	-1
1278	2,29998779296875
1279	9,0999755859375
1280	6,5999755859375
1281	7,69998168945313
1282	3,69998168945313
1283	1,79998779296875
1284	10,3999938964844
1285	-1,10000610351563
1286	-3,4000244140625
1287	10,7999877929688
1288	0,899993896484375
1289	13,5
1290	6,5999755859375
1291	8,69998168945313
1292	9,5999755859375
1293	17,1999816894531
1294	9,79998779296875
1295	15,7999877929688
1296	10,1999816894531
1297	9,39999389648438
1298	9,5
1299	21,5999755859375
1300	13,3999938964844
1301	5,79998779296875
1302	23,0999755859375
1303	19
1304	14
1305	10,5999755859375
1306	19,1999816894531
1307	19,7999877929688
1308	20,3999938964844
1309	20,5999755859375
1310	17
1311	15,5
1312	23,1999816894531
1313	21,8999938964844
1314	19,5999755859375
1315	21
1316	25,8999938964844
1317	22,7999877929688
1318	32,5
1319	21,2999877929688
1320	34,5
1321	34,5999755859375
1322	37,1999816894531
1323	40,5999755859375
1324	46
1325	53,3999938964844
1326	66
1327	77,5
1328	103,899993896484
1329	120,799987792969
1330	183,299987792969
1331	358
1332	1015,29998779297
1333	4371,7001953125
1334	15711,2998046875
1335	37199,6015625
1336	62991,19921875
1337	52892,5
1338	25816,30078125
1339	13320,099609375
1340	6524,7001953125
1341	3184,69995117188
1342	1652,90002441406
1343	899,799987792969
1344	502,799987792969
1345	316,899993896484
1346	215,699981689453
1347	152,599975585938
1348	127,699981689453
1349	102,799987792969
1350	76
1351	68,6999816894531
1352	53,8999938964844
1353	48,6999816894531
1354	28
1355	32,5999755859375
1356	39,0999755859375
1357	26,2999877929688
1358	28,1999816894531
1359	26,0999755859375
1360	19,3999938964844
1361	24,2999877929688
1362	17
1363	33,0999755859375
1364	14,5
1365	18
1366	17,2999877929688
1367	17,0999755859375
1368	9,89999389648438
1369	15,7999877929688
1370	26,1999816894531
1371	18,7999877929688
1372	20,6999816894531
1373	15,6999816894531
1374	16,5
1375	15,3999938964844
1376	11,5
1377	15,5
1378	4,69998168945313
1379	14,3999938964844
1380	16,0999755859375
1381	11,5999755859375
1382	11,7999877929688
1383	7,69998168945313
1384	4,79998779296875
1385	16,8999938964844
1386	8,5999755859375
1387	17,0999755859375
1388	8,19998168945313
1389	10,5
1390	1,5
1391	6,19998168945313
1392	12,0999755859375
1393	8,5
1394	10,3999938964844
1395	-0,800018310546875
1396	6,19998168945313
1397	14,3999938964844
1398	16,5999755859375
1399	5,5
1400	6,0999755859375
1401	6,29998779296875
1402	9,5999755859375
1403	7,5
1404	6,79998779296875
1405	7,29998779296875
1406	4,69998168945313
1407	5,79998779296875
1408	6,5999755859375
1409	10,5
1410	2,5
1411	0,29998779296875
1412	8,69998168945313
1413	13,5999755859375
1414	0,699981689453125
1415	5,39999389648438
1416	-1
1417	1,69998168945313
1418	11,2999877929688
1419	5,39999389648438
1420	4,29998779296875
1421	8,89999389648438
1422	10,2999877929688
1423	10,0999755859375
1424	4
1425	0,79998779296875
1426	1,19998168945313
1427	0,5999755859375
1428	8,79998779296875
1429	8,19998168945313
1430	-0,300018310546875
1431	8,0999755859375
1432	3,5999755859375
1433	6,5999755859375
1434	8,79998779296875
1435	2,89999389648438
1436	12,3999938964844
1437	3,39999389648438
1438	5,0999755859375
1439	6,89999389648438
1440	10
1441	-6,9000244140625
1442	6,5999755859375
1443	6,19998168945313
1444	8,0999755859375
1445	5,5
1446	4,89999389648438
1447	2,79998779296875
1448	5
1449	2,0999755859375
1450	13,1999816894531
1451	6,5999755859375
1452	6,5999755859375
1453	7
1454	5,69998168945313
1455	2,29998779296875
1456	4,0999755859375
1457	3,69998168945313
1458	15
1459	10,2999877929688
1460	5,69998168945313
1461	2,0999755859375
1462	6,5999755859375
1463	0,5999755859375
1464	6,29998779296875
1465	-1,9000244140625
1466	2,69998168945313
1467	11,5999755859375
1468	-6,80001831054688
1469	2,5
1470	5,5999755859375
1471	4,69998168945313
1472	2,39999389648438
1473	5,69998168945313
1474	6,29998779296875
1475	-4,10000610351563
1476	0,0999755859375
1477	9,89999389648438
1478	0,699981689453125
1479	5,89999389648438
1480	8,39999389648438
1481	6,5999755859375
1482	1,5999755859375
1483	12,1999816894531
1484	9,29998779296875
1485	11
1486	4,0999755859375
1487	9
1488	12,7999877929688
1489	8,89999389648438
1490	8,5999755859375
1491	8,79998779296875
1492	0,29998779296875
1493	5,5999755859375
1494	8,69998168945313
1495	11,0999755859375
1496	22,3999938964844
1497	4,89999389648438
1498	3,89999389648438
1499	6,39999389648438
1500	3,19998168945313
1501	8,5999755859375
1502	8,0999755859375
1503	18,1999816894531
1504	12
1505	2,5
1506	10,0999755859375
1507	15,2999877929688
1508	11,8999938964844
1509	19,2999877929688
1510	22,1999816894531
1511	23,6999816894531
1512	20,6999816894531
1513	26,0999755859375
1514	34,7999877929688
1515	36,2999877929688
1516	54,5999755859375
1517	60,5999755859375
1518	110,099975585938
1519	308,599975585938
1520	1776,5
1521	7859,89990234375
1522	16465,400390625
1523	30255,5
1524	32534,19921875
1525	17921,5
1526	9241,599609375
1527	3842
1528	1874
1529	962,799987792969
1530	481,799987792969
1531	268
1532	156,799987792969
1533	103
1534	68,5
1535	61
1536	40
1537	34,6999816894531
1538	26,0999755859375
1539	20,8999938964844
1540	29,3999938964844
1541	26,5999755859375
1542	12,7999877929688
1543	26,2999877929688
1544	6,39999389648438
1545	12,2999877929688
1546	9,29998779296875
1547	5,0999755859375
1548	16,7999877929688
1549	7,5999755859375
1550	11,5999755859375
1551	6,79998779296875
1552	6,39999389648438
1553	14,8999938964844
1554	3,29998779296875
1555	6,79998779296875
1556	1
1557	1,69998168945313
1558	7,5
1559	14,3999938964844
1560	10,5
1561	6,39999389648438
1562	5,89999389648438
1563	9,69998168945313
1564	6,19998168945313
1565	4,29998779296875
1566	8,0999755859375
1567	5,5999755859375
1568	-2
1569	2,0999755859375
1570	7,19998168945313
1571	11,5
1572	1,5999755859375
1573	3,39999389648438
1574	-1,4000244140625
1575	-3,70001220703125
1576	1,5
1577	6,0999755859375
1578	4,79998779296875
1579	9,69998168945313
1580	0,0999755859375
1581	13
1582	3,39999389648438
1583	4
1584	-2,30001831054688
1585	4,5999755859375
1586	11,7999877929688
1587	1,29998779296875
1588	4,5
1589	2,39999389648438
1590	2,29998779296875
1591	6,5
1592	-0,70001220703125
1593	5,69998168945313
1594	-3
1595	-11,3000183105469
1596	-1,10000610351563
1597	5
1598	-0,800018310546875
1599	5,29998779296875
1600	-2,9000244140625
1601	1
1602	-9
1603	3,89999389648438
1604	11,6999816894531
1605	3,39999389648438
1606	1,5
1607	-0,300018310546875
1608	-5,80001831054688
1609	3,79998779296875
1610	-4,30001831054688
1611	6,69998168945313
1612	-2,70001220703125
1613	5,5999755859375
1614	-2,20001220703125
1615	6,89999389648438
1616	2,89999389648438
1617	4,19998168945313
1618	-0,4000244140625
1619	5,69998168945313
1620	1
1621	9,89999389648438
1622	-1,70001220703125
1623	0,5
1624	2,5
1625	3
1626	0,79998779296875
1627	12,8999938964844
1628	-1,20001220703125
1629	0,699981689453125
1630	3,19998168945313
1631	-4,60000610351563
1632	7
1633	13,1999816894531
1634	5,69998168945313
1635	-4,4000244140625
1636	1
1637	7
1638	-1
1639	10
1640	4,39999389648438
1641	-3,80001831054688
1642	-4,5
1643	-4,80001831054688
1644	1,89999389648438
1645	9,79998779296875
1646	0,5
1647	-0,20001220703125
1648	7,19998168945313
1649	2,5999755859375
1650	0,5999755859375
1651	-5,70001220703125
1652	6,29998779296875
1653	0,399993896484375
1654	9,79998779296875
1655	-5,80001831054688
1656	4,5999755859375
1657	8,29998779296875
1658	2
1659	-5,30001831054688
1660	2,0999755859375
1661	-0,800018310546875
1662	-9,9000244140625
1663	-3,70001220703125
1664	5,5999755859375
1665	1,5999755859375
1666	1,0999755859375
1667	0,899993896484375
1668	2,89999389648438
1669	8,0999755859375
1670	3,19998168945313
1671	4,29998779296875
1672	-2
1673	6,19998168945313
1674	10,5
1675	-3,5
1676	5,69998168945313
1677	3,69998168945313
1678	-1,30001831054688
1679	-0,5
1680	1,5999755859375
1681	-3,70001220703125
1682	-3,20001220703125
1683	13,1999816894531
1684	6,5
1685	8,19998168945313
1686	-11,5
1687	1,69998168945313
1688	4,29998779296875
1689	-1
1690	7,29998779296875
1691	8,0999755859375
1692	-2,10000610351563
1693	-1,80001831054688
1694	7,69998168945313
1695	-7,80001831054688
1696	11
1697	-3,60000610351563
1698	-2,9000244140625
1699	-2,10000610351563
1700	-3,60000610351563
1701	8,19998168945313
1702	7,29998779296875
1703	-5,60000610351563
1704	2,0999755859375
1705	-4,10000610351563
1706	5,39999389648438
1707	3
1708	2,19998168945313
1709	1,69998168945313
1710	8,79998779296875
1711	-3,9000244140625
1712	1,19998168945313
1713	0,899993896484375
1714	3,29998779296875
1715	2,19998168945313
1716	9,29998779296875
1717	-7,5
1718	4,0999755859375
1719	3,79998779296875
1720	3,69998168945313
1721	2,39999389648438
1722	1,19998168945313
1723	1,19998168945313
1724	2,39999389648438
1725	8,5999755859375
1726	0,29998779296875
1727	-6,5
1728	4,19998168945313
1729	-1,5
1730	-2,70001220703125
1731	5,39999389648438
1732	-7,10000610351563
1733	-0,5
1734	6,69998168945313
1735	4,5999755859375
1736	1
1737	0,79998779296875
1738	8,89999389648438
1739	3,19998168945313
1740	1,39999389648438
1741	2,89999389648438
1742	18,7999877929688
1743	-2,70001220703125
1744	1,0999755859375
1745	12,6999816894531
1746	-0,300018310546875
1747	5,29998779296875
1748	-2,70001220703125
1749	-1,30001831054688
1750	3,29998779296875
1751	-3,30001831054688
1752	13,1999816894531
1753	-0,800018310546875
1754	5,0999755859375
1755	12,1999816894531
1756	2,29998779296875
1757	-5
1758	-3
1759	-3,5
1760	1,5999755859375
1761	7,5
1762	10,3999938964844
1763	-3,70001220703125
1764	14,7999877929688
1765	-1,20001220703125
1766	2,5999755859375
1767	-3,10000610351563
1768	-7,80001831054688
1769	-7
1770	5,39999389648438
1771	4,39999389648438
1772	-8,5
1773	4,5999755859375
1774	5,39999389648438
1775	13,8999938964844
1776	4,5999755859375
1777	-6,60000610351563
1778	-3,5
1779	-6
1780	3,5999755859375
1781	5,5999755859375
1782	-9,80001831054688
1783	3,5999755859375
1784	10,3999938964844
1785	-3,20001220703125
1786	-9,4000244140625
1787	-0,800018310546875
1788	-3
1789	0,699981689453125
1790	2,89999389648438
1791	3,29998779296875
1792	-2,4000244140625
1793	-3
1794	-1,60000610351563
1795	-8,4000244140625
1796	5,79998779296875
1797	-0,100006103515625
1798	-6,10000610351563
1799	9,79998779296875
1800	2,0999755859375
1801	11,6999816894531
1802	6,0999755859375
1803	-4
1804	6,0999755859375
1805	4,5999755859375
1806	3,5
1807	5,0999755859375
1808	5,0999755859375
1809	2
1810	5,39999389648438
1811	-0,300018310546875
1812	-4,4000244140625
1813	4,5999755859375
1814	1,5999755859375
1815	6,39999389648438
1816	2,79998779296875
1817	-5,80001831054688
1818	5,39999389648438
1819	-0,600006103515625
1820	-3,30001831054688
1821	5
1822	2,19998168945313
1823	3,39999389648438
1824	-6,70001220703125
1825	3,0999755859375
1826	3,5999755859375
1827	-5,9000244140625
1828	2,29998779296875
1829	1,29998779296875
1830	-0,9000244140625
1831	4,29998779296875
1832	-1,20001220703125
1833	1,29998779296875
1834	-4,20001220703125
1835	1,19998168945313
1836	1,0999755859375
1837	-4,5
1838	3,69998168945313
1839	-2,80001831054688
1840	-2
1841	-0,70001220703125
1842	-4,70001220703125
1843	-9,5
1844	7,29998779296875
1845	4,39999389648438
1846	-9,80001831054688
1847	0,699981689453125
1848	14,3999938964844
1849	-12,7000122070313
1850	-0,600006103515625
1851	1,0999755859375
1852	-3
1853	2,0999755859375
1854	4
1855	-6,20001220703125
1856	-2
1857	0,29998779296875
1858	-0,70001220703125
1859	5,0999755859375
1860	-1
1861	-0,300018310546875
1862	0,0999755859375
1863	10,2999877929688
1864	-2
1865	4,5
1866	-2,30001831054688
1867	-0,20001220703125
1868	0,199981689453125
1869	1,79998779296875
1870	4,19998168945313
1871	5,69998168945313
1872	-0,70001220703125
1873	13
1874	0,399993896484375
1875	-1,10000610351563
1876	3,39999389648438
1877	-0,20001220703125
1878	11,6999816894531
1879	7,79998779296875
1880	9,79998779296875
1881	2,39999389648438
1882	9,69998168945313
1883	2,0999755859375
1884	2,69998168945313
1885	-5,10000610351563
1886	5,19998168945313
1887	-0,70001220703125
1888	4,39999389648438
1889	9,5
1890	2,39999389648438
1891	-2,20001220703125
1892	10,2999877929688
1893	-8,10000610351563
1894	7,69998168945313
1895	10,7999877929688
1896	2,89999389648438
1897	8,29998779296875
1898	-7,10000610351563
1899	4,39999389648438
1900	10,8999938964844
1901	-8,80001831054688
1902	6,39999389648438
1903	4,29998779296875
1904	1,5999755859375
1905	0,0999755859375
1906	9,19998168945313
1907	4,5
1908	2
1909	0,5999755859375
1910	1,29998779296875
1911	-2,5
1912	-0,9000244140625
1913	-3,20001220703125
1914	4,79998779296875
1915	5,39999389648438
1916	5,0999755859375
1917	-0,300018310546875
1918	4,29998779296875
1919	-11,6000061035156
1920	9,39999389648438
1921	5,0999755859375
1922	4,5999755859375
1923	1,89999389648438
1924	6,19998168945313
1925	-2,9000244140625
1926	-1
1927	4,5
1928	-4,20001220703125
1929	5,5999755859375
1930	8,5999755859375
1931	-2,80001831054688
1932	8,5
1933	-0,5
1934	-7,60000610351563
1935	10,1999816894531
1936	-3,4000244140625
1937	2,69998168945313
1938	-6,30001831054688
1939	10,0999755859375
1940	7,69998168945313
1941	8,69998168945313
1942	3,19998168945313
1943	8,5
1944	-2,30001831054688
1945	5,69998168945313
1946	4
1947	3,19998168945313
1948	-1
1949	0,79998779296875
1950	8,79998779296875
1951	9,5
1952	8,79998779296875
1953	-2,80001831054688
1954	-0,4000244140625
1955	4,29998779296875
1956	6
1957	-4,30001831054688
1958	8
1959	5,5999755859375
1960	0,899993896484375
1961	2,39999389648438
1962	10,3999938964844
1963	1,5999755859375
1964	5,89999389648438
1965	15,8999938964844
1966	4,0999755859375
1967	10
1968	1,89999389648438
1969	5,0999755859375
1970	11,1999816894531
1971	1
1972	2,39999389648438
1973	6,69998168945313
1974	1,29998779296875
1975	4,79998779296875
1976	1,0999755859375
1977	8,19998168945313
1978	5,69998168945313
1979	8,5999755859375
1980	6,79998779296875
1981	17,0999755859375
1982	19,5999755859375
1983	17,6999816894531
1984	18,0999755859375
1985	23,5
1986	35,8999938964844
1987	75,5
1988	290,299987792969
1989	2125,39990234375
1990	7117,10009765625
1991	11283,099609375
1992	17649,80078125
1993	19945,19921875
1994	12836,2998046875
1995	6015,2001953125
1996	2481,69995117188
1997	1202,09997558594
1998	632,099975585938
1999	327,799987792969
2000	178,399993896484
2001	103
2002	79,5
2003	53,6999816894531
2004	31
2005	26,8999938964844
2006	24
2007	13,8999938964844
2008	8,5999755859375
2009	12,8999938964844
2010	14,0999755859375
2011	11
2012	14,8999938964844
2013	17,6999816894531
2014	9,5999755859375
2015	4,0999755859375
2016	4,0999755859375
2017	4,5
2018	16,5
2019	6
2020	5,0999755859375
2021	4,39999389648438
2022	9,69998168945313
2023	9,89999389648438
2024	1
2025	5,69998168945313
2026	6,29998779296875
2027	13,2999877929688
2028	0,29998779296875
2029	6,39999389648438
2030	1,89999389648438
2031	1
2032	7,39999389648438
2033	5,39999389648438
2034	0,199981689453125
2035	-1,70001220703125
2036	1,5
2037	-0,9000244140625
2038	10,2999877929688
2039	5,5
2040	5
2041	4,89999389648438
2042	1,69998168945313
2043	-4,30001831054688
2044	1,0999755859375
2045	-3,80001831054688
2046	-0,800018310546875
2047	1,39999389648438
2048	7,5
