Pixels	
pxl	arb
1	10,2999877929688
2	13,0999755859375
3	0,79998779296875
4	5
5	-3,80001831054688
6	-5,9000244140625
7	4,5
8	2
9	-6,9000244140625
10	1
11	1,19998168945313
12	-3,10000610351563
13	2,69998168945313
14	-1
15	-0,300018310546875
16	5,19998168945313
17	8,19998168945313
18	-7
19	4,69998168945313
20	5,69998168945313
21	4
22	4,19998168945313
23	6,5
24	1,89999389648438
25	1,69998168945313
26	3
27	6,79998779296875
28	9,69998168945313
29	5,39999389648438
30	7,0999755859375
31	3,29998779296875
32	5,79998779296875
33	8,5999755859375
34	6,19998168945313
35	13,1999816894531
36	10
37	12,2999877929688
38	10,7999877929688
39	23,1999816894531
40	33,6999816894531
41	38,0999755859375
42	117,599975585938
43	482,099975585938
44	1946,5
45	5652,89990234375
46	9601,599609375
47	13069,400390625
48	10393,099609375
49	4890,7001953125
50	2427,30004882813
51	1363,19995117188
52	663,299987792969
53	283,699981689453
54	131,599975585938
55	77,1999816894531
56	45,7999877929688
57	41
58	26,8999938964844
59	25
60	18,6999816894531
61	18,1999816894531
62	9,0999755859375
63	11
64	9,69998168945313
65	2,89999389648438
66	9,69998168945313
67	1,0999755859375
68	10,2999877929688
69	7,29998779296875
70	3,89999389648438
71	11,1999816894531
72	7,19998168945313
73	-1,80001831054688
74	6,19998168945313
75	0,699981689453125
76	-2,60000610351563
77	-0,800018310546875
78	0
79	10,0999755859375
80	0,5
81	5,89999389648438
82	3,5
83	-0,5
84	2,89999389648438
85	5,29998779296875
86	-3,4000244140625
87	2,19998168945313
88	7,5999755859375
89	2,39999389648438
90	1,89999389648438
91	3,69998168945313
92	4,5999755859375
93	-1,9000244140625
94	6,5999755859375
95	2,89999389648438
96	7,39999389648438
97	7,89999389648438
98	12,8999938964844
99	-0,5
100	1,39999389648438
101	4
102	6,19998168945313
103	-3,80001831054688
104	2,5
105	-0,100006103515625
106	-0,70001220703125
107	10,7999877929688
108	4,5
109	9,0999755859375
110	-6,30001831054688
111	3,79998779296875
112	3,5
113	2,89999389648438
114	1,29998779296875
115	2,69998168945313
116	0,29998779296875
117	-5,30001831054688
118	2,39999389648438
119	-0,9000244140625
120	-0,300018310546875
121	7,89999389648438
122	-1
123	-1,9000244140625
124	10,0999755859375
125	6,79998779296875
126	2,39999389648438
127	-1
128	-1
129	-11,8000183105469
130	3,69998168945313
131	-1,5
132	-11,4000244140625
133	6,19998168945313
134	-2,30001831054688
135	2,79998779296875
136	6,79998779296875
137	-3,30001831054688
138	2,29998779296875
139	14,5999755859375
140	-3,20001220703125
141	1,79998779296875
142	0
143	6,19998168945313
144	3,29998779296875
145	-5,5
146	-3,60000610351563
147	5,5999755859375
148	-0,300018310546875
149	1,5
150	6,39999389648438
151	-1,10000610351563
152	1,19998168945313
153	1,5
154	-6,5
155	10,0999755859375
156	-14,7000122070313
157	0,899993896484375
158	3,5
159	-3,5
160	-1,5
161	3,5
162	-0,600006103515625
163	5,5999755859375
164	8,89999389648438
165	-1,4000244140625
166	-0,800018310546875
167	-5,10000610351563
168	6,19998168945313
169	-9,20001220703125
170	-1,30001831054688
171	-7,10000610351563
172	3,5
173	7,0999755859375
174	9
175	1,69998168945313
176	5,29998779296875
177	4,69998168945313
178	4,0999755859375
179	4,19998168945313
180	-6,80001831054688
181	4,79998779296875
182	2
183	12,0999755859375
184	16
185	4,89999389648438
186	-0,100006103515625
187	8,5999755859375
188	-3,10000610351563
189	-6,4000244140625
190	6,29998779296875
191	0,899993896484375
192	-5,10000610351563
193	2
194	-5,4000244140625
195	2,19998168945313
196	9,29998779296875
197	1,5999755859375
198	2
199	-4,4000244140625
200	9,89999389648438
201	-0,300018310546875
202	-1,4000244140625
203	1,5999755859375
204	0,0999755859375
205	-7,80001831054688
206	1,69998168945313
207	0,79998779296875
208	-0,5
209	-3,5
210	2,79998779296875
211	5,89999389648438
212	-2,80001831054688
213	5,19998168945313
214	-5,10000610351563
215	-1,5
216	2,19998168945313
217	8,29998779296875
218	-5,5
219	0,199981689453125
220	-0,5
221	-0,600006103515625
222	-8,20001220703125
223	-5,30001831054688
224	1,19998168945313
225	1
226	-0,300018310546875
227	-0,100006103515625
228	4,69998168945313
229	4,39999389648438
230	7,19998168945313
231	2,0999755859375
232	-1,5
233	-9,20001220703125
234	3,69998168945313
235	6
236	0
237	-4,5
238	7,29998779296875
239	-6,60000610351563
240	2,29998779296875
241	3,89999389648438
242	-1,30001831054688
243	0,29998779296875
244	2,89999389648438
245	1,69998168945313
246	3,69998168945313
247	10,2999877929688
248	6,0999755859375
249	7,69998168945313
250	4,5
251	-3,80001831054688
252	3,39999389648438
253	4,39999389648438
254	6,39999389648438
255	11,5
256	0,199981689453125
257	-1,5
258	4,69998168945313
259	8,19998168945313
260	0,699981689453125
261	6,0999755859375
262	4,39999389648438
263	12
264	10,5999755859375
265	14,7999877929688
266	10,5999755859375
267	1,0999755859375
268	2,29998779296875
269	6,89999389648438
270	-2,4000244140625
271	9
272	1,19998168945313
273	9,5
274	9,19998168945313
275	6,69998168945313
276	13
277	10,1999816894531
278	8,0999755859375
279	7,79998779296875
280	6,5999755859375
281	1,29998779296875
282	4,69998168945313
283	-3,20001220703125
284	17,8999938964844
285	14,6999816894531
286	8,79998779296875
287	3,5999755859375
288	9,5999755859375
289	14,1999816894531
290	3,89999389648438
291	16
292	17,1999816894531
293	19,5999755859375
294	13,5
295	29,1999816894531
296	18,5999755859375
297	22
298	24,6999816894531
299	35,5
300	29,6999816894531
301	48,2999877929688
302	47,6999816894531
303	82,5
304	128,599975585938
305	361
306	1210
307	4490,7998046875
308	13643,7001953125
309	26625,30078125
310	35692
311	24572,19921875
312	12429,5
313	6461,2998046875
314	3300,30004882813
315	1673,09997558594
316	824,799987792969
317	376,099975585938
318	195,899993896484
319	129,199981689453
320	89,3999938964844
321	69,8999938964844
322	56,8999938964844
323	39,1999816894531
324	32,0999755859375
325	23,0999755859375
326	16,8999938964844
327	29,3999938964844
328	15,2999877929688
329	22,5
330	12,0999755859375
331	12,3999938964844
332	14,2999877929688
333	11,3999938964844
334	4,39999389648438
335	12,2999877929688
336	9,5999755859375
337	-0,600006103515625
338	7,89999389648438
339	10,6999816894531
340	11,2999877929688
341	7,5999755859375
342	7
343	9,5999755859375
344	11,6999816894531
345	-0,5
346	0,29998779296875
347	2,29998779296875
348	5,5
349	2
350	2,79998779296875
351	-5,80001831054688
352	14,5999755859375
353	5,89999389648438
354	7
355	-1,4000244140625
356	7
357	2,5999755859375
358	1,69998168945313
359	-13,5
360	1,39999389648438
361	10,5999755859375
362	11,8999938964844
363	9,89999389648438
364	-1,9000244140625
365	-1,10000610351563
366	9,0999755859375
367	4,19998168945313
368	-0,20001220703125
369	-0,20001220703125
370	0,79998779296875
371	3,79998779296875
372	2,69998168945313
373	-1,9000244140625
374	0,5
375	1,79998779296875
376	6,29998779296875
377	8
378	6,69998168945313
379	6,89999389648438
380	6,19998168945313
381	2,69998168945313
382	2,89999389648438
383	1,29998779296875
384	-2,60000610351563
385	4,19998168945313
386	1,29998779296875
387	-1,70001220703125
388	-5,60000610351563
389	2,5
390	5,0999755859375
391	8,5999755859375
392	0,79998779296875
393	6,69998168945313
394	7,19998168945313
395	3,69998168945313
396	-1
397	4,29998779296875
398	-8,20001220703125
399	5
400	-1,5
401	13,7999877929688
402	5,19998168945313
403	3,5999755859375
404	1,0999755859375
405	2,89999389648438
406	4,5
407	-4,30001831054688
408	3,0999755859375
409	1,79998779296875
410	-0,4000244140625
411	7,5
412	12,3999938964844
413	2,5
414	5,79998779296875
415	7,39999389648438
416	3,29998779296875
417	2,29998779296875
418	2,5
419	-0,20001220703125
420	-6
421	-3,20001220703125
422	3
423	-0,5
424	3,79998779296875
425	-4,5
426	-0,9000244140625
427	2,5999755859375
428	-3,9000244140625
429	1,39999389648438
430	7,5999755859375
431	-6,20001220703125
432	-2,60000610351563
433	3,79998779296875
434	4,19998168945313
435	3,5999755859375
436	-2,80001831054688
437	-6,60000610351563
438	-2,4000244140625
439	7,19998168945313
440	13
441	2,19998168945313
442	5,5999755859375
443	0,699981689453125
444	-1,30001831054688
445	-0,600006103515625
446	6,0999755859375
447	6
448	8,29998779296875
449	-1,80001831054688
450	2,0999755859375
451	-1,70001220703125
452	0,699981689453125
453	-0,300018310546875
454	6,19998168945313
455	4,0999755859375
456	3,19998168945313
457	-0,4000244140625
458	1,69998168945313
459	5
460	-2
461	4,5
462	2,5999755859375
463	6
464	2,29998779296875
465	-3,60000610351563
466	-0,100006103515625
467	8,5
468	1,69998168945313
469	-0,5
470	5,79998779296875
471	-0,600006103515625
472	-2,5
473	-3,70001220703125
474	6,29998779296875
475	-0,20001220703125
476	-5,9000244140625
477	-5,20001220703125
478	5,29998779296875
479	4,19998168945313
480	0,0999755859375
481	-9
482	-0,600006103515625
483	15,3999938964844
484	-1,5
485	-1,9000244140625
486	5,19998168945313
487	4,0999755859375
488	0,5999755859375
489	0,0999755859375
490	2,29998779296875
491	-0,9000244140625
492	8,5999755859375
493	6,39999389648438
494	3,5999755859375
495	0,899993896484375
496	-0,70001220703125
497	8,39999389648438
498	3
499	2,69998168945313
500	10,8999938964844
501	9,39999389648438
502	3,39999389648438
503	-1,70001220703125
504	-3
505	3,39999389648438
506	7,39999389648438
507	-1,5
508	-3,5
509	-3,5
510	1
511	5,5
512	8,0999755859375
513	2,0999755859375
514	8,69998168945313
515	-0,4000244140625
516	-4,4000244140625
517	2,79998779296875
518	3,79998779296875
519	-2,70001220703125
520	5,5
521	-1,20001220703125
522	-8,10000610351563
523	-3,4000244140625
524	-2,4000244140625
525	2,0999755859375
526	-3,30001831054688
527	7,89999389648438
528	7,89999389648438
529	-5,80001831054688
530	-2,9000244140625
531	-7,4000244140625
532	-10,3000183105469
533	13,5999755859375
534	9,89999389648438
535	1,5
536	3
537	6,79998779296875
538	3,29998779296875
539	0,0999755859375
540	-4,9000244140625
541	-0,9000244140625
542	0,5
543	5
544	-0,800018310546875
545	10,6999816894531
546	5,5
547	4,5999755859375
548	2,5999755859375
549	2,79998779296875
550	-4,9000244140625
551	3,89999389648438
552	0,899993896484375
553	0,0999755859375
554	-3,70001220703125
555	-2
556	-0,70001220703125
557	5,39999389648438
558	0,899993896484375
559	-1,4000244140625
560	1,5
561	-3,30001831054688
562	-3,9000244140625
563	-0,100006103515625
564	-3
565	9
566	-3,10000610351563
567	2,89999389648438
568	-3,30001831054688
569	2
570	-0,5
571	-2,70001220703125
572	5,5
573	-1,20001220703125
574	3,79998779296875
575	6,69998168945313
576	-3
577	3,0999755859375
578	7,89999389648438
579	-0,70001220703125
580	3,5
581	-3,5
582	0,399993896484375
583	5,79998779296875
584	1,89999389648438
585	0,399993896484375
586	5,29998779296875
587	-4
588	0,79998779296875
589	5,0999755859375
590	-0,20001220703125
591	-0,600006103515625
592	2,29998779296875
593	8,39999389648438
594	3,69998168945313
595	1,5999755859375
596	0,29998779296875
597	2,5999755859375
598	-3,9000244140625
599	3,69998168945313
600	-4,70001220703125
601	1,69998168945313
602	2,79998779296875
603	5,79998779296875
604	13,5999755859375
605	-4,70001220703125
606	-0,70001220703125
607	-2,60000610351563
608	-3,4000244140625
609	0
610	5,0999755859375
611	2,19998168945313
612	-4,10000610351563
613	2,69998168945313
614	8
615	-2
616	0,0999755859375
617	-3,9000244140625
618	5,5999755859375
619	-0,100006103515625
620	-4,10000610351563
621	3,5
622	4,5999755859375
623	0,899993896484375
624	-1,70001220703125
625	0,5
626	-1,4000244140625
627	1,29998779296875
628	4,0999755859375
629	10,6999816894531
630	1,5
631	-1,9000244140625
632	7,29998779296875
633	5,0999755859375
634	-1,9000244140625
635	5,5
636	5,69998168945313
637	12,8999938964844
638	0,29998779296875
639	3,69998168945313
640	-0,4000244140625
641	0,199981689453125
642	-6,30001831054688
643	0,5
644	6,0999755859375
645	0,29998779296875
646	1,69998168945313
647	7,89999389648438
648	1,39999389648438
649	10,1999816894531
650	-1,70001220703125
651	9,0999755859375
652	6,29998779296875
653	-2,30001831054688
654	6,19998168945313
655	1,5999755859375
656	4,19998168945313
657	2,5999755859375
658	-4,60000610351563
659	-1,10000610351563
660	2,5
661	-4,9000244140625
662	1,5
663	3
664	-1
665	5,0999755859375
666	3,79998779296875
667	-2,4000244140625
668	7
669	-0,9000244140625
670	-0,4000244140625
671	3
672	-11,9000244140625
673	0,29998779296875
674	0,199981689453125
675	2,0999755859375
676	-2,4000244140625
677	8
678	3,29998779296875
679	6,5
680	1,19998168945313
681	-0,300018310546875
682	-7,9000244140625
683	2,69998168945313
684	3,29998779296875
685	4,0999755859375
686	-1
687	-5,10000610351563
688	-0,4000244140625
689	-7,30001831054688
690	4,5999755859375
691	-2,80001831054688
692	-1,80001831054688
693	6,0999755859375
694	-1,30001831054688
695	4,79998779296875
696	8,39999389648438
697	15,0999755859375
698	3,29998779296875
699	-8,4000244140625
700	-4,60000610351563
701	6,89999389648438
702	-2
703	8,29998779296875
704	3,5
705	2,5
706	-3,20001220703125
707	5,39999389648438
708	8,79998779296875
709	2,0999755859375
710	4,5999755859375
711	-4,9000244140625
712	-3,10000610351563
713	1,0999755859375
714	0
715	5,29998779296875
716	4,0999755859375
717	4,19998168945313
718	-0,70001220703125
719	-6,5
720	0,399993896484375
721	7,69998168945313
722	1,89999389648438
723	0,0999755859375
724	4,5999755859375
725	8,39999389648438
726	11,2999877929688
727	2,39999389648438
728	14,8999938964844
729	2,39999389648438
730	-6,30001831054688
731	-2,30001831054688
732	-2,9000244140625
733	0,79998779296875
734	7,69998168945313
735	-7
736	-1,9000244140625
737	4,79998779296875
738	3,89999389648438
739	-0,100006103515625
740	-3
741	4,5999755859375
742	-0,600006103515625
743	0,899993896484375
744	-3,4000244140625
745	-7,9000244140625
746	4,39999389648438
747	-2,60000610351563
748	-3,10000610351563
749	2,5
750	3,39999389648438
751	-7
752	3,79998779296875
753	-0,9000244140625
754	3
755	1,19998168945313
756	-2,60000610351563
757	1,19998168945313
758	-3,4000244140625
759	4,89999389648438
760	9
761	-6,20001220703125
762	16,5999755859375
763	-0,9000244140625
764	-1,30001831054688
765	-0,5
766	-0,5
767	6
768	2,69998168945313
769	6,79998779296875
770	2,29998779296875
771	2,89999389648438
772	0,399993896484375
773	-4,5
774	4,79998779296875
775	0
776	11,1999816894531
777	1,29998779296875
778	2,29998779296875
779	1,29998779296875
780	5,39999389648438
781	-9,30001831054688
782	-3,30001831054688
783	2,79998779296875
784	-0,5
785	-3,4000244140625
786	6,29998779296875
787	8,79998779296875
788	-4,20001220703125
789	0,199981689453125
790	1,5
791	1,0999755859375
792	-4
793	-3,20001220703125
794	6,0999755859375
795	3,0999755859375
796	-5,60000610351563
797	1,19998168945313
798	0,5999755859375
799	4,79998779296875
800	4,69998168945313
801	-0,300018310546875
802	1,89999389648438
803	-2,4000244140625
804	12,0999755859375
805	2,29998779296875
806	-0,20001220703125
807	9,19998168945313
808	1,89999389648438
809	1,19998168945313
810	5,89999389648438
811	0,899993896484375
812	17
813	4,29998779296875
814	8,39999389648438
815	4,89999389648438
816	-0,600006103515625
817	3,79998779296875
818	0,5
819	5,39999389648438
820	-6
821	-2,4000244140625
822	0,29998779296875
823	-8,4000244140625
824	-1,60000610351563
825	5,0999755859375
826	-5,80001831054688
827	10,0999755859375
828	6,0999755859375
829	-2
830	-3,20001220703125
831	-2,80001831054688
832	-1,9000244140625
833	-1,80001831054688
834	-7,20001220703125
835	2,89999389648438
836	-0,800018310546875
837	5,39999389648438
838	-0,300018310546875
839	0,0999755859375
840	-5,80001831054688
841	6,5999755859375
842	2
843	0
844	9,89999389648438
845	1,29998779296875
846	7,5999755859375
847	3,5999755859375
848	2,39999389648438
849	-1,5
850	6,69998168945313
851	-3,20001220703125
852	8,69998168945313
853	5,19998168945313
854	-2,9000244140625
855	0,5999755859375
856	-4,20001220703125
857	-0,300018310546875
858	4,19998168945313
859	3
860	-2,5
861	1,89999389648438
862	-1,4000244140625
863	1,5999755859375
864	-3,60000610351563
865	3,0999755859375
866	8,0999755859375
867	3,29998779296875
868	-4,80001831054688
869	6,69998168945313
870	-11,4000244140625
871	-8,70001220703125
872	3,0999755859375
873	-2,9000244140625
874	1,29998779296875
875	-5,80001831054688
876	5,19998168945313
877	3,79998779296875
878	-1,4000244140625
879	1,5999755859375
880	0,899993896484375
881	4,79998779296875
882	-3
883	7,69998168945313
884	-3,80001831054688
885	3,5
886	1,39999389648438
887	8,29998779296875
888	6,79998779296875
889	-0,5
890	1,5999755859375
891	-3,20001220703125
892	-0,4000244140625
893	0,29998779296875
894	4,19998168945313
895	1,79998779296875
896	-1,80001831054688
897	-3,4000244140625
898	2,69998168945313
899	2,69998168945313
900	-3,5
901	7,19998168945313
902	-6,9000244140625
903	3,0999755859375
904	6,19998168945313
905	3,19998168945313
906	5,69998168945313
907	3,5
908	3,89999389648438
909	5,89999389648438
910	3,79998779296875
911	-5,20001220703125
912	12,7999877929688
913	1,69998168945313
914	-1,9000244140625
915	2,79998779296875
916	3,39999389648438
917	0,5999755859375
918	0,399993896484375
919	1,29998779296875
920	5,19998168945313
921	6
922	6
923	-0,300018310546875
924	2,39999389648438
925	8,29998779296875
926	-2,60000610351563
927	-0,100006103515625
928	-11
929	7,5
930	0,899993896484375
931	4,19998168945313
932	9,0999755859375
933	1,19998168945313
934	-1,4000244140625
935	4,69998168945313
936	4,5
937	-4,30001831054688
938	0,199981689453125
939	-5,4000244140625
940	-2,4000244140625
941	-7,30001831054688
942	-3,80001831054688
943	14
944	5,5
945	-3,10000610351563
946	10,3999938964844
947	2,39999389648438
948	4,39999389648438
949	-4,60000610351563
950	-3,5
951	1,69998168945313
952	-0,5
953	-12,1000061035156
954	-3,70001220703125
955	-1
956	-4,30001831054688
957	-0,9000244140625
958	4
959	0,79998779296875
960	0,199981689453125
961	0,29998779296875
962	11,2999877929688
963	7,79998779296875
964	2,39999389648438
965	0,0999755859375
966	4,39999389648438
967	7,5999755859375
968	-10,7000122070313
969	3,19998168945313
970	2
971	3,79998779296875
972	10,7999877929688
973	4,69998168945313
974	-2,10000610351563
975	11,0999755859375
976	-5,80001831054688
977	0,399993896484375
978	3,39999389648438
979	-2
980	1,19998168945313
981	-13,6000061035156
982	-3,30001831054688
983	8,5999755859375
984	4,69998168945313
985	-2,5
986	15,8999938964844
987	11,7999877929688
988	6,79998779296875
989	-5,30001831054688
990	1,79998779296875
991	-3,4000244140625
992	-1,80001831054688
993	-4,70001220703125
994	-10,8000183105469
995	-8,4000244140625
996	-4,70001220703125
997	9,79998779296875
998	3,89999389648438
999	9,69998168945313
1000	-0,20001220703125
1001	2,69998168945313
1002	1,39999389648438
1003	4,29998779296875
1004	-7,4000244140625
1005	-4,5
1006	0,5
1007	2,5999755859375
1008	5,89999389648438
1009	2,0999755859375
1010	1,29998779296875
1011	4,29998779296875
1012	10,3999938964844
1013	3,5999755859375
1014	2,39999389648438
1015	0,79998779296875
1016	-3,10000610351563
1017	-8,70001220703125
1018	-0,5
1019	-3,20001220703125
1020	4,5999755859375
1021	3,69998168945313
1022	4,5
1023	-10,3000183105469
1024	1,0999755859375
1025	-2,9000244140625
1026	7,19998168945313
1027	-1,70001220703125
1028	-3,20001220703125
1029	1,69998168945313
1030	3,19998168945313
1031	5,79998779296875
1032	-2,9000244140625
1033	-5,5
1034	-6,20001220703125
1035	2,19998168945313
1036	0,29998779296875
1037	1,5999755859375
1038	7,5
1039	4,39999389648438
1040	8,79998779296875
1041	7
1042	5,89999389648438
1043	-6,30001831054688
1044	2,89999389648438
1045	-5,30001831054688
1046	-8
1047	9,0999755859375
1048	6,5
1049	-0,9000244140625
1050	1,5999755859375
1051	-4,30001831054688
1052	1,5
1053	-6,60000610351563
1054	9,69998168945313
1055	4,5999755859375
1056	1,89999389648438
1057	5,19998168945313
1058	2,5
1059	1,0999755859375
1060	-5,70001220703125
1061	6,19998168945313
1062	-1,20001220703125
1063	0,399993896484375
1064	0,199981689453125
1065	-3,10000610351563
1066	1,29998779296875
1067	4,0999755859375
1068	-4,20001220703125
1069	4,19998168945313
1070	-5,30001831054688
1071	-1,4000244140625
1072	3,79998779296875
1073	2,19998168945313
1074	-1,10000610351563
1075	-0,9000244140625
1076	3,5999755859375
1077	1,19998168945313
1078	12,0999755859375
1079	1,19998168945313
1080	2,5999755859375
1081	6,79998779296875
1082	3,5999755859375
1083	2
1084	4,79998779296875
1085	6,79998779296875
1086	5,5999755859375
1087	0,399993896484375
1088	5,29998779296875
1089	5,5
1090	-12,6000061035156
1091	3,29998779296875
1092	4,0999755859375
1093	-5,70001220703125
1094	6,5
1095	-2,20001220703125
1096	-3,80001831054688
1097	-11,8000183105469
1098	3,89999389648438
1099	5,39999389648438
1100	1,69998168945313
1101	-0,600006103515625
1102	-0,800018310546875
1103	1,69998168945313
1104	11,8999938964844
1105	8,79998779296875
1106	0,899993896484375
1107	-1,80001831054688
1108	6,89999389648438
1109	2,0999755859375
1110	6,0999755859375
1111	5
1112	4,29998779296875
1113	6,89999389648438
1114	4,69998168945313
1115	-6
1116	-2,5
1117	0,699981689453125
1118	3
1119	-2,30001831054688
1120	-4,4000244140625
1121	3,79998779296875
1122	-8,10000610351563
1123	7,39999389648438
1124	7,5999755859375
1125	9,0999755859375
1126	9,69998168945313
1127	-5,10000610351563
1128	4,29998779296875
1129	5
1130	-2,60000610351563
1131	12,1999816894531
1132	1,0999755859375
1133	10,5
1134	-7
1135	1
1136	-1,60000610351563
1137	5
1138	-0,600006103515625
1139	9,79998779296875
1140	9,79998779296875
1141	0,399993896484375
1142	1,0999755859375
1143	2
1144	1,29998779296875
1145	-2
1146	6,5999755859375
1147	4,29998779296875
1148	8,69998168945313
1149	4,19998168945313
1150	0,5
1151	12,3999938964844
1152	-1,10000610351563
1153	3,5
1154	3,89999389648438
1155	6,0999755859375
1156	3,0999755859375
1157	-1,10000610351563
1158	3,5
1159	-0,70001220703125
1160	-8,9000244140625
1161	-2,60000610351563
1162	-4,80001831054688
1163	2,5
1164	-5,10000610351563
1165	-2
1166	-0,9000244140625
1167	-5,5
1168	-2,80001831054688
1169	3
1170	-6,9000244140625
1171	4,5
1172	2,5999755859375
1173	5,0999755859375
1174	1,89999389648438
1175	-0,300018310546875
1176	-0,20001220703125
1177	11,5999755859375
1178	4
1179	1,5999755859375
1180	4,5
1181	-0,9000244140625
1182	9,29998779296875
1183	-2,20001220703125
1184	7,5
1185	1,69998168945313
1186	7,69998168945313
1187	-3,80001831054688
1188	-3,80001831054688
1189	4,19998168945313
1190	0,399993896484375
1191	-3,5
1192	-0,20001220703125
1193	1
1194	-5,30001831054688
1195	5,29998779296875
1196	-7,80001831054688
1197	-1,80001831054688
1198	-3,4000244140625
1199	4,19998168945313
1200	6,89999389648438
1201	3,5
1202	4,5
1203	1,89999389648438
1204	-6,5
1205	4,79998779296875
1206	-8,60000610351563
1207	6,29998779296875
1208	13,0999755859375
1209	1,19998168945313
1210	5
1211	-0,20001220703125
1212	3,69998168945313
1213	3,5999755859375
1214	6,89999389648438
1215	-1,4000244140625
1216	7,5
1217	-1,5
1218	5,5999755859375
1219	3,89999389648438
1220	4,5999755859375
1221	8,39999389648438
1222	3,89999389648438
1223	-0,20001220703125
1224	7,0999755859375
1225	-2
1226	2,5999755859375
1227	6,29998779296875
1228	8,39999389648438
1229	4,0999755859375
1230	6,5
1231	4,89999389648438
1232	7,79998779296875
1233	2,69998168945313
1234	7,39999389648438
1235	1,69998168945313
1236	-1,9000244140625
1237	12,0999755859375
1238	6,29998779296875
1239	6
1240	11,5999755859375
1241	-6,5
1242	3,29998779296875
1243	4
1244	9
1245	1,69998168945313
1246	-6,5
1247	1,0999755859375
1248	1,0999755859375
1249	4,29998779296875
1250	7,5999755859375
1251	5,5
1252	10,5
1253	6,0999755859375
1254	1,79998779296875
1255	9,5
1256	2,89999389648438
1257	5,39999389648438
1258	0
1259	-0,4000244140625
1260	3,29998779296875
1261	8,5
1262	1,89999389648438
1263	13,2999877929688
1264	15,8999938964844
1265	7,5
1266	4,89999389648438
1267	6,79998779296875
1268	1,39999389648438
1269	1,69998168945313
1270	0,699981689453125
1271	9,69998168945313
1272	5
1273	5,29998779296875
1274	8,29998779296875
1275	2,5999755859375
1276	3,79998779296875
1277	3,5
1278	2,0999755859375
1279	3,5999755859375
1280	7,39999389648438
1281	2,5
1282	12,7999877929688
1283	5,0999755859375
1284	7,69998168945313
1285	-0,600006103515625
1286	-1,30001831054688
1287	8,29998779296875
1288	10,8999938964844
1289	10,8999938964844
1290	8
1291	2,69998168945313
1292	5,69998168945313
1293	7,69998168945313
1294	12,5
1295	5,69998168945313
1296	8,89999389648438
1297	13,5999755859375
1298	16,5999755859375
1299	11
1300	12,6999816894531
1301	14,5
1302	20,6999816894531
1303	9
1304	13,2999877929688
1305	15,0999755859375
1306	5,29998779296875
1307	19,6999816894531
1308	13,7999877929688
1309	14,5
1310	13,0999755859375
1311	15,7999877929688
1312	13,5999755859375
1313	25,1999816894531
1314	18,1999816894531
1315	18,5999755859375
1316	21,2999877929688
1317	11,0999755859375
1318	28,0999755859375
1319	37,6999816894531
1320	32,3999938964844
1321	26,5999755859375
1322	40,1999816894531
1323	41,2999877929688
1324	40,8999938964844
1325	53,2999877929688
1326	70,8999938964844
1327	83
1328	96,6999816894531
1329	134,299987792969
1330	172,299987792969
1331	308,699981689453
1332	768,699951171875
1333	2992,10009765625
1334	12444,5
1335	32695
1336	63567,69921875
1337	61587,1015625
1338	30301,099609375
1339	15307,599609375
1340	7718,10009765625
1341	3668,39990234375
1342	1925,80004882813
1343	1045,59997558594
1344	584,199951171875
1345	350,199981689453
1346	228,799987792969
1347	170,099975585938
1348	140,199981689453
1349	95,5999755859375
1350	84,5999755859375
1351	69,0999755859375
1352	56,2999877929688
1353	51,0999755859375
1354	41,0999755859375
1355	31,8999938964844
1356	44,8999938964844
1357	34,8999938964844
1358	29,1999816894531
1359	28,6999816894531
1360	35,2999877929688
1361	12,7999877929688
1362	22,8999938964844
1363	25,1999816894531
1364	24,2999877929688
1365	15
1366	12,1999816894531
1367	25,1999816894531
1368	11
1369	14,0999755859375
1370	19,1999816894531
1371	7,39999389648438
1372	14,7999877929688
1373	19,7999877929688
1374	12,8999938964844
1375	6,89999389648438
1376	16,5999755859375
1377	12,6999816894531
1378	19,1999816894531
1379	15,1999816894531
1380	5,0999755859375
1381	7
1382	7,5
1383	10,7999877929688
1384	15,3999938964844
1385	8,39999389648438
1386	11,2999877929688
1387	18,7999877929688
1388	12,7999877929688
1389	7,19998168945313
1390	8,0999755859375
1391	10,5999755859375
1392	13,5999755859375
1393	12,0999755859375
1394	4,79998779296875
1395	7,79998779296875
1396	15,0999755859375
1397	15,5
1398	11,5999755859375
1399	14,5999755859375
1400	15,5
1401	8,5999755859375
1402	17,2999877929688
1403	5,0999755859375
1404	5
1405	6,0999755859375
1406	9,79998779296875
1407	6,5
1408	-3,70001220703125
1409	5,69998168945313
1410	5,0999755859375
1411	6,39999389648438
1412	9,89999389648438
1413	7,5999755859375
1414	2,29998779296875
1415	2,79998779296875
1416	9,29998779296875
1417	6,39999389648438
1418	7,89999389648438
1419	3,29998779296875
1420	5,5
1421	10,5999755859375
1422	9,89999389648438
1423	16,0999755859375
1424	11,1999816894531
1425	9,5
1426	15,8999938964844
1427	4,89999389648438
1428	7,89999389648438
1429	8,79998779296875
1430	11,7999877929688
1431	1,0999755859375
1432	5
1433	7,39999389648438
1434	10,5999755859375
1435	13,5
1436	7,79998779296875
1437	10,5999755859375
1438	11,7999877929688
1439	10,0999755859375
1440	2,5999755859375
1441	7,5999755859375
1442	7,5
1443	0,29998779296875
1444	10,1999816894531
1445	5,89999389648438
1446	5
1447	14,7999877929688
1448	-0,100006103515625
1449	-2,80001831054688
1450	0,899993896484375
1451	12,1999816894531
1452	3,69998168945313
1453	7,79998779296875
1454	3,39999389648438
1455	7,29998779296875
1456	17,7999877929688
1457	6
1458	1,89999389648438
1459	7,79998779296875
1460	16,8999938964844
1461	-3
1462	-1,4000244140625
1463	6,39999389648438
1464	0,79998779296875
1465	13,6999816894531
1466	4,39999389648438
1467	9,39999389648438
1468	2,5
1469	1,89999389648438
1470	10,0999755859375
1471	13,8999938964844
1472	8,29998779296875
1473	10,0999755859375
1474	9,79998779296875
1475	7,39999389648438
1476	13
1477	10,0999755859375
1478	9,19998168945313
1479	4,79998779296875
1480	4,19998168945313
1481	7,19998168945313
1482	1,0999755859375
1483	16,6999816894531
1484	9,89999389648438
1485	2,39999389648438
1486	7,0999755859375
1487	2,79998779296875
1488	4,79998779296875
1489	4,69998168945313
1490	6,0999755859375
1491	8,29998779296875
1492	8,69998168945313
1493	7,0999755859375
1494	4,69998168945313
1495	10,5
1496	10,3999938964844
1497	5,79998779296875
1498	6
1499	3
1500	20
1501	7,5
1502	15,1999816894531
1503	12,7999877929688
1504	12,1999816894531
1505	9,19998168945313
1506	18,1999816894531
1507	7,79998779296875
1508	20,0999755859375
1509	16,7999877929688
1510	17,3999938964844
1511	16,6999816894531
1512	17,1999816894531
1513	25,0999755859375
1514	26,5999755859375
1515	40,6999816894531
1516	40,8999938964844
1517	69,5
1518	87,7999877929688
1519	222,5
1520	1156,40002441406
1521	5875,7998046875
1522	14746,2998046875
1523	29485,099609375
1524	36834
1525	20999,900390625
1526	10796,2998046875
1527	4641,2998046875
1528	2164
1529	1123,09997558594
1530	557,099975585938
1531	294,099975585938
1532	184
1533	114,799987792969
1534	87,2999877929688
1535	63,3999938964844
1536	46,5
1537	38,2999877929688
1538	32,5
1539	23,1999816894531
1540	31,3999938964844
1541	21,5999755859375
1542	25,3999938964844
1543	9,5
1544	11,5
1545	18,8999938964844
1546	12,7999877929688
1547	18
1548	18
1549	11
1550	6,0999755859375
1551	2,0999755859375
1552	7,19998168945313
1553	14,1999816894531
1554	11,3999938964844
1555	11,5999755859375
1556	6,5999755859375
1557	6,5999755859375
1558	7,5
1559	2,39999389648438
1560	10,5999755859375
1561	-3,4000244140625
1562	5,39999389648438
1563	14,2999877929688
1564	7,0999755859375
1565	9,19998168945313
1566	4,79998779296875
1567	3,5999755859375
1568	11,6999816894531
1569	16,5
1570	6,39999389648438
1571	-7,70001220703125
1572	-3,9000244140625
1573	5,0999755859375
1574	-6,4000244140625
1575	2,39999389648438
1576	6,0999755859375
1577	9
1578	5,39999389648438
1579	9,5
1580	2
1581	6,5
1582	7,79998779296875
1583	3,89999389648438
1584	4,19998168945313
1585	5,39999389648438
1586	5,89999389648438
1587	5,0999755859375
1588	12,5999755859375
1589	1,29998779296875
1590	7,79998779296875
1591	10
1592	5
1593	13,0999755859375
1594	3,39999389648438
1595	2,89999389648438
1596	-5,60000610351563
1597	10,3999938964844
1598	2,19998168945313
1599	13,5
1600	-4
1601	11,0999755859375
1602	7,29998779296875
1603	-4,80001831054688
1604	-1,10000610351563
1605	4,29998779296875
1606	8,29998779296875
1607	8,39999389648438
1608	5,79998779296875
1609	5
1610	7
1611	6,0999755859375
1612	-4,80001831054688
1613	-4,80001831054688
1614	8,0999755859375
1615	2,19998168945313
1616	5,5
1617	-1,9000244140625
1618	6
1619	0,29998779296875
1620	-9
1621	-4,5
1622	10,5999755859375
1623	0,699981689453125
1624	6,5999755859375
1625	-6,30001831054688
1626	6,19998168945313
1627	2,29998779296875
1628	3
1629	6,0999755859375
1630	5,5
1631	-0,20001220703125
1632	14,1999816894531
1633	12,7999877929688
1634	6
1635	6,5999755859375
1636	5,0999755859375
1637	-4,20001220703125
1638	9,19998168945313
1639	5
1640	2,89999389648438
1641	-2,70001220703125
1642	2,69998168945313
1643	-4,4000244140625
1644	3
1645	4,89999389648438
1646	6,29998779296875
1647	11,2999877929688
1648	4,39999389648438
1649	-2,10000610351563
1650	-5,70001220703125
1651	13,6999816894531
1652	6
1653	5
1654	1,5999755859375
1655	-5,20001220703125
1656	2,5999755859375
1657	-9,10000610351563
1658	0,399993896484375
1659	5,89999389648438
1660	7
1661	5,89999389648438
1662	2,39999389648438
1663	6,5
1664	3,5999755859375
1665	0,199981689453125
1666	2,39999389648438
1667	3,69998168945313
1668	11,5999755859375
1669	-0,9000244140625
1670	5,29998779296875
1671	4,5
1672	3
1673	-3,4000244140625
1674	6,19998168945313
1675	-0,9000244140625
1676	6,5
1677	7,0999755859375
1678	-0,800018310546875
1679	2,5
1680	-4,20001220703125
1681	2,89999389648438
1682	-9,20001220703125
1683	2,39999389648438
1684	1,29998779296875
1685	8,79998779296875
1686	-5,80001831054688
1687	1,19998168945313
1688	-1,9000244140625
1689	1,5999755859375
1690	1,5
1691	14,5
1692	11
1693	4,0999755859375
1694	-1
1695	6,69998168945313
1696	0,899993896484375
1697	12
1698	-6,30001831054688
1699	-4,30001831054688
1700	10,1999816894531
1701	0,699981689453125
1702	-3,30001831054688
1703	6,19998168945313
1704	14,6999816894531
1705	-6,80001831054688
1706	4
1707	3,5
1708	-5,20001220703125
1709	-0,20001220703125
1710	9
1711	5,0999755859375
1712	2,39999389648438
1713	18,1999816894531
1714	6,19998168945313
1715	3,89999389648438
1716	-2,30001831054688
1717	1,39999389648438
1718	12,5999755859375
1719	-8,80001831054688
1720	1
1721	1,69998168945313
1722	-0,100006103515625
1723	5,29998779296875
1724	4,0999755859375
1725	6
1726	8,89999389648438
1727	-8,30001831054688
1728	4,69998168945313
1729	7,79998779296875
1730	-9,10000610351563
1731	-4,10000610351563
1732	-5,4000244140625
1733	5,5999755859375
1734	1,39999389648438
1735	-1,80001831054688
1736	-4,10000610351563
1737	5,29998779296875
1738	2,5
1739	-7,80001831054688
1740	1,79998779296875
1741	5
1742	6,0999755859375
1743	9,29998779296875
1744	-2,70001220703125
1745	-3,80001831054688
1746	-4,30001831054688
1747	4,89999389648438
1748	8,0999755859375
1749	3,39999389648438
1750	0,899993896484375
1751	-7,10000610351563
1752	-0,5
1753	2,0999755859375
1754	12,7999877929688
1755	9,29998779296875
1756	-0,4000244140625
1757	-1,4000244140625
1758	2,39999389648438
1759	4,5999755859375
1760	3,5999755859375
1761	10,2999877929688
1762	-4,60000610351563
1763	7,5999755859375
1764	-1,70001220703125
1765	7,5
1766	-2,4000244140625
1767	11,0999755859375
1768	7,79998779296875
1769	-10
1770	3,79998779296875
1771	7,5
1772	6,69998168945313
1773	15,2999877929688
1774	6,69998168945313
1775	-2,9000244140625
1776	1,89999389648438
1777	-1
1778	-0,70001220703125
1779	3,5
1780	-1,80001831054688
1781	2,5999755859375
1782	1,29998779296875
1783	3,19998168945313
1784	0,399993896484375
1785	-6,20001220703125
1786	-1,80001831054688
1787	2,39999389648438
1788	0,5
1789	4,0999755859375
1790	-1,30001831054688
1791	-3,70001220703125
1792	-6,10000610351563
1793	-9,70001220703125
1794	7,69998168945313
1795	-1,70001220703125
1796	5,0999755859375
1797	-5,30001831054688
1798	-0,9000244140625
1799	1,5
1800	-6,5
1801	1,19998168945313
1802	3,29998779296875
1803	6,29998779296875
1804	5,39999389648438
1805	3,29998779296875
1806	-9,4000244140625
1807	-2,30001831054688
1808	9,29998779296875
1809	4,0999755859375
1810	2,19998168945313
1811	2,89999389648438
1812	4,79998779296875
1813	-2,20001220703125
1814	4,89999389648438
1815	5,39999389648438
1816	-1,10000610351563
1817	6,89999389648438
1818	1,29998779296875
1819	8,5
1820	-7,80001831054688
1821	5
1822	0,5
1823	2,39999389648438
1824	5,5
1825	3,69998168945313
1826	6,5
1827	2,89999389648438
1828	6
1829	4,89999389648438
1830	0,5
1831	4
1832	1,79998779296875
1833	0,699981689453125
1834	0,199981689453125
1835	-1,30001831054688
1836	5,0999755859375
1837	4,89999389648438
1838	-0,4000244140625
1839	10,2999877929688
1840	0,699981689453125
1841	5,0999755859375
1842	-7,70001220703125
1843	6,39999389648438
1844	9,89999389648438
1845	10,2999877929688
1846	-2,5
1847	1,0999755859375
1848	1,29998779296875
1849	1,5999755859375
1850	7
1851	3,89999389648438
1852	3,89999389648438
1853	5,79998779296875
1854	-1,10000610351563
1855	-6,5
1856	-1,5
1857	-4,10000610351563
1858	-0,800018310546875
1859	-0,20001220703125
1860	1,89999389648438
1861	1
1862	-2,10000610351563
1863	8,39999389648438
1864	1,79998779296875
1865	2,89999389648438
1866	0,399993896484375
1867	4,89999389648438
1868	1,5999755859375
1869	-4
1870	3,5
1871	7,89999389648438
1872	-12,8000183105469
1873	4,0999755859375
1874	2,5999755859375
1875	-1,10000610351563
1876	-1,80001831054688
1877	4,79998779296875
1878	6,0999755859375
1879	2,89999389648438
1880	-1,70001220703125
1881	3,79998779296875
1882	1,39999389648438
1883	0,199981689453125
1884	1,79998779296875
1885	-3
1886	12,0999755859375
1887	6
1888	9,0999755859375
1889	-1,30001831054688
1890	1,5
1891	-1,60000610351563
1892	-0,70001220703125
1893	5,89999389648438
1894	-3,80001831054688
1895	2,29998779296875
1896	-6,5
1897	3,5999755859375
1898	1,19998168945313
1899	-3,10000610351563
1900	-6
1901	4,79998779296875
1902	4,0999755859375
1903	1,19998168945313
1904	-0,100006103515625
1905	5,19998168945313
1906	-4
1907	6,39999389648438
1908	-3
1909	1
1910	-1,9000244140625
1911	3,69998168945313
1912	8,29998779296875
1913	1,0999755859375
1914	0
1915	4,69998168945313
1916	-3,9000244140625
1917	-3,20001220703125
1918	4,39999389648438
1919	-3,20001220703125
1920	0,199981689453125
1921	0
1922	10,1999816894531
1923	6,5
1924	1,5
1925	-5,4000244140625
1926	2,29998779296875
1927	-7,20001220703125
1928	-1,9000244140625
1929	6,5
1930	9,39999389648438
1931	1,69998168945313
1932	1,0999755859375
1933	-0,9000244140625
1934	0,5
1935	-11,8000183105469
1936	3,39999389648438
1937	-4,30001831054688
1938	-1
1939	8,5
1940	2,89999389648438
1941	1,69998168945313
1942	1,0999755859375
1943	3,79998779296875
1944	6,5999755859375
1945	13,7999877929688
1946	0,79998779296875
1947	12,7999877929688
1948	2,39999389648438
1949	4,69998168945313
1950	3,19998168945313
1951	2,89999389648438
1952	-2,4000244140625
1953	-6,70001220703125
1954	7,29998779296875
1955	6,19998168945313
1956	11,5999755859375
1957	6,89999389648438
1958	-1,80001831054688
1959	5,29998779296875
1960	12,3999938964844
1961	14,6999816894531
1962	4,39999389648438
1963	-0,300018310546875
1964	-14,4000244140625
1965	2,19998168945313
1966	4,79998779296875
1967	10,7999877929688
1968	6,79998779296875
1969	5
1970	4,19998168945313
1971	5,0999755859375
1972	9,79998779296875
1973	4,89999389648438
1974	6,19998168945313
1975	4,19998168945313
1976	5,0999755859375
1977	4,29998779296875
1978	11,3999938964844
1979	7,0999755859375
1980	27,3999938964844
1981	6,69998168945313
1982	12,0999755859375
1983	18,5999755859375
1984	28,3999938964844
1985	25,5999755859375
1986	38,5
1987	57,0999755859375
1988	171,899993896484
1989	1356,19995117188
1990	5963
1991	10509,400390625
1992	17638,900390625
1993	22084,80078125
1994	14922,099609375
1995	7147,2998046875
1996	2931,30004882813
1997	1373,59997558594
1998	744,599975585938
1999	366,799987792969
2000	206,099975585938
2001	124,299987792969
2002	81,2999877929688
2003	61,2999877929688
2004	43,3999938964844
2005	41,8999938964844
2006	28,7999877929688
2007	14,5999755859375
2008	11
2009	19
2010	6,0999755859375
2011	10,0999755859375
2012	7,89999389648438
2013	9,5
2014	1,19998168945313
2015	8,39999389648438
2016	4,39999389648438
2017	13,3999938964844
2018	9,39999389648438
2019	1
2020	-0,300018310546875
2021	5,5999755859375
2022	9,5999755859375
2023	11,8999938964844
2024	7,5
2025	2,5999755859375
2026	10,8999938964844
2027	-3,4000244140625
2028	10,6999816894531
2029	4,5999755859375
2030	8,5
2031	5,39999389648438
2032	-0,5
2033	9,69998168945313
2034	-3,70001220703125
2035	-0,5
2036	5
2037	8,29998779296875
2038	-2,70001220703125
2039	2,89999389648438
2040	6,29998779296875
2041	3,5
2042	2,79998779296875
2043	4,79998779296875
2044	3,29998779296875
2045	-5
2046	4,69998168945313
2047	-1,70001220703125
2048	6,69998168945313
