Pixels	
pxl	arb
1	7,69998168945313
2	1,0999755859375
3	6,29998779296875
4	7
5	-2,20001220703125
6	-1,5
7	6,39999389648438
8	6,79998779296875
9	2,5999755859375
10	-4,60000610351563
11	-1,80001831054688
12	7
13	-3,4000244140625
14	-2,4000244140625
15	-0,600006103515625
16	-3,20001220703125
17	-2,4000244140625
18	-9,4000244140625
19	0,79998779296875
20	5,19998168945313
21	2,69998168945313
22	10,0999755859375
23	3,29998779296875
24	-5
25	-2,20001220703125
26	10,6999816894531
27	8
28	3,89999389648438
29	2,79998779296875
30	6,69998168945313
31	9,79998779296875
32	12,3999938964844
33	0,5999755859375
34	3,89999389648438
35	-5,70001220703125
36	-1,80001831054688
37	-2,4000244140625
38	2,39999389648438
39	1,5999755859375
40	6,5999755859375
41	-3,9000244140625
42	9,39999389648438
43	16,2999877929688
44	2,19998168945313
45	2,0999755859375
46	-0,70001220703125
47	0,399993896484375
48	-3,80001831054688
49	-1,30001831054688
50	1,69998168945313
51	8,89999389648438
52	6
53	3,5999755859375
54	14,5999755859375
55	3,29998779296875
56	15,0999755859375
57	6,79998779296875
58	11,8999938964844
59	11
60	8,69998168945313
61	6,5
62	6,29998779296875
63	21
64	5,79998779296875
65	3,5999755859375
66	6,69998168945313
67	-1
68	-0,70001220703125
69	1,29998779296875
70	2,89999389648438
71	8,0999755859375
72	-4,10000610351563
73	-4,20001220703125
74	4,39999389648438
75	5,0999755859375
76	3,39999389648438
77	1,29998779296875
78	8,29998779296875
79	6,29998779296875
80	1,39999389648438
81	5,5
82	-0,9000244140625
83	12,3999938964844
84	2,0999755859375
85	-3,4000244140625
86	26
87	7,29998779296875
88	1,5
89	1,29998779296875
90	6,5999755859375
91	-7,60000610351563
92	1,29998779296875
93	-3
94	20,5999755859375
95	4,5
96	16,6999816894531
97	9,39999389648438
98	5,69998168945313
99	5,29998779296875
100	-2,80001831054688
101	-2,5
102	-3,80001831054688
103	5,79998779296875
104	9,0999755859375
105	11,8999938964844
106	11,6999816894531
107	-0,300018310546875
108	1,89999389648438
109	7,79998779296875
110	6,39999389648438
111	2,29998779296875
112	-0,100006103515625
113	1,39999389648438
114	-5,70001220703125
115	8,29998779296875
116	5,29998779296875
117	8,39999389648438
118	-2,20001220703125
119	17,2999877929688
120	12,2999877929688
121	-11,4000244140625
122	12,1999816894531
123	16,5
124	13,3999938964844
125	3,5999755859375
126	-3,30001831054688
127	2,39999389648438
128	-2,20001220703125
129	0,399993896484375
130	3,39999389648438
131	-5,80001831054688
132	9,5999755859375
133	16,2999877929688
134	9,5999755859375
135	-3,5
136	-0,20001220703125
137	4,5
138	5,5999755859375
139	-4,60000610351563
140	7,79998779296875
141	10,7999877929688
142	2
143	1,89999389648438
144	8,69998168945313
145	13,8999938964844
146	4,89999389648438
147	9
148	4,79998779296875
149	4,0999755859375
150	20,2999877929688
151	107,299987792969
152	517,299987792969
153	1240,09997558594
154	1904,09997558594
155	2062,5
156	1487,19995117188
157	799,599975585938
158	386,399993896484
159	206,599975585938
160	103,099975585938
161	48,8999938964844
162	32,3999938964844
163	14,0999755859375
164	16,6999816894531
165	17,7999877929688
166	10,0999755859375
167	8,69998168945313
168	1,19998168945313
169	-0,20001220703125
170	0,199981689453125
171	2,5999755859375
172	14,6999816894531
173	2,19998168945313
174	-0,5
175	0,79998779296875
176	6,19998168945313
177	-3,60000610351563
178	-0,70001220703125
179	3,79998779296875
180	3,5
181	3,89999389648438
182	13,1999816894531
183	19,7999877929688
184	3,89999389648438
185	7,29998779296875
186	6,29998779296875
187	8,19998168945313
188	-2,80001831054688
189	1,19998168945313
190	1,89999389648438
191	-1,10000610351563
192	1,0999755859375
193	7,0999755859375
194	3,29998779296875
195	-6
196	4,89999389648438
197	-4,80001831054688
198	-7,30001831054688
199	7,39999389648438
200	-0,800018310546875
201	7,5999755859375
202	-0,20001220703125
203	0,399993896484375
204	6,5999755859375
205	-5,80001831054688
206	3,79998779296875
207	6,39999389648438
208	2,79998779296875
209	2,5
210	8,29998779296875
211	15,2999877929688
212	9,29998779296875
213	3,39999389648438
214	-9,5
215	7,19998168945313
216	-4,70001220703125
217	-12,2000122070313
218	5,0999755859375
219	9,69998168945313
220	10,6999816894531
221	7,69998168945313
222	0,399993896484375
223	4
224	8,39999389648438
225	8,89999389648438
226	-8,70001220703125
227	-4
228	2,69998168945313
229	9,69998168945313
230	1,5999755859375
231	1,79998779296875
232	2
233	9,89999389648438
234	3,29998779296875
235	5,39999389648438
236	-1,30001831054688
237	10,5
238	4,29998779296875
239	12,2999877929688
240	5,19998168945313
241	2,29998779296875
242	-7,10000610351563
243	-0,800018310546875
244	4,69998168945313
245	3,0999755859375
246	9,79998779296875
247	4
248	-6,20001220703125
249	4
250	4,79998779296875
251	10,3999938964844
252	-1,80001831054688
253	-0,70001220703125
254	5,79998779296875
255	-3,70001220703125
256	6,29998779296875
257	-0,4000244140625
258	-4,80001831054688
259	3,39999389648438
260	-4,5
261	7,89999389648438
262	9,29998779296875
263	12,7999877929688
264	6,69998168945313
265	13,7999877929688
266	10,5
267	4,89999389648438
268	5,5
269	6,19998168945313
270	11,5
271	-0,4000244140625
272	-0,100006103515625
273	10,6999816894531
274	14,6999816894531
275	-5,20001220703125
276	6,5
277	-4,9000244140625
278	4,79998779296875
279	11,5999755859375
280	23
281	-6
282	3,0999755859375
283	2,0999755859375
284	4,69998168945313
285	0,5
286	0,5
287	7,5
288	0
289	4,0999755859375
290	1
291	6,0999755859375
292	-2,70001220703125
293	1,5999755859375
294	8,5999755859375
295	6,29998779296875
296	-1,60000610351563
297	0,699981689453125
298	3,29998779296875
299	6,0999755859375
300	-2,10000610351563
301	1,89999389648438
302	9,69998168945313
303	10,7999877929688
304	-0,4000244140625
305	2,5
306	7,79998779296875
307	11,7999877929688
308	1,69998168945313
309	8,5999755859375
310	-3,20001220703125
311	-1,5
312	-4,80001831054688
313	-0,300018310546875
314	4,29998779296875
315	3,39999389648438
316	-1,9000244140625
317	11,0999755859375
318	7,89999389648438
319	7,79998779296875
320	5,0999755859375
321	0,79998779296875
322	-1,9000244140625
323	15,2999877929688
324	23,0999755859375
325	22,5999755859375
326	20,7999877929688
327	11,0999755859375
328	5,79998779296875
329	2,5
330	9,19998168945313
331	-10
332	1,0999755859375
333	5,5
334	-1,5
335	9,19998168945313
336	-15,6000061035156
337	0,5999755859375
338	1,19998168945313
339	3,79998779296875
340	-6,9000244140625
341	9,5
342	-7,60000610351563
343	-4,4000244140625
344	11,7999877929688
345	9,5
346	7,79998779296875
347	1,39999389648438
348	-1,70001220703125
349	5
350	-3,60000610351563
351	-9,10000610351563
352	1,19998168945313
353	5,89999389648438
354	6,29998779296875
355	10,5999755859375
356	3,69998168945313
357	5,89999389648438
358	1,39999389648438
359	1
360	-7,20001220703125
361	12,7999877929688
362	2,5999755859375
363	5,29998779296875
364	6,29998779296875
365	1
366	12,2999877929688
367	-7,4000244140625
368	1,69998168945313
369	6,79998779296875
370	-8,60000610351563
371	-2,4000244140625
372	-5,5
373	-1,5
374	5,89999389648438
375	-6,5
376	9
377	-4,70001220703125
378	4,0999755859375
379	-6,5
380	3,89999389648438
381	-1
382	-1
383	10
384	10,8999938964844
385	5,0999755859375
386	0,29998779296875
387	5,29998779296875
388	4,0999755859375
389	-5,80001831054688
390	2,79998779296875
391	4
392	0,29998779296875
393	1,19998168945313
394	16,1999816894531
395	6,39999389648438
396	-6,5
397	6,89999389648438
398	9,19998168945313
399	9,19998168945313
400	6,89999389648438
401	-3,30001831054688
402	-0,5
403	6,39999389648438
404	-6,20001220703125
405	1,89999389648438
406	-7,70001220703125
407	13
408	15,5
409	3,29998779296875
410	3,19998168945313
411	3,5999755859375
412	-3,5
413	5,39999389648438
414	2,39999389648438
415	2,69998168945313
416	4,29998779296875
417	-3,10000610351563
418	-5,80001831054688
419	-5,30001831054688
420	8,5999755859375
421	10,6999816894531
422	4,69998168945313
423	1,5
424	5
425	1,19998168945313
426	-0,600006103515625
427	10,7999877929688
428	15,2999877929688
429	-0,9000244140625
430	-7,5
431	7,89999389648438
432	6,0999755859375
433	12,0999755859375
434	3,5
435	3,0999755859375
436	-6,9000244140625
437	7,89999389648438
438	12,2999877929688
439	7,5
440	4,79998779296875
441	-1,5
442	-1,4000244140625
443	-4,70001220703125
444	8
445	11,8999938964844
446	7,89999389648438
447	4,89999389648438
448	5,89999389648438
449	3,5999755859375
450	0,399993896484375
451	9,19998168945313
452	0,199981689453125
453	-7,20001220703125
454	6,79998779296875
455	8,79998779296875
456	3,5999755859375
457	10,8999938964844
458	6,5
459	-3,60000610351563
460	4,89999389648438
461	-2,70001220703125
462	-7,5
463	-1,70001220703125
464	-0,70001220703125
465	14,5999755859375
466	2
467	-5,60000610351563
468	0,699981689453125
469	-4,4000244140625
470	-1,30001831054688
471	-4,10000610351563
472	9,5
473	6,79998779296875
474	0,29998779296875
475	-0,9000244140625
476	2,29998779296875
477	11,7999877929688
478	6
479	8,29998779296875
480	3,5999755859375
481	-1,4000244140625
482	0,29998779296875
483	9,5999755859375
484	-0,9000244140625
485	9,69998168945313
486	-0,4000244140625
487	1
488	6,19998168945313
489	-0,100006103515625
490	-3,30001831054688
491	1
492	4
493	-3,70001220703125
494	9,69998168945313
495	8,69998168945313
496	7,39999389648438
497	10,6999816894531
498	2,69998168945313
499	-3,70001220703125
500	4,39999389648438
501	7,0999755859375
502	-4,4000244140625
503	7,19998168945313
504	10,2999877929688
505	9,5999755859375
506	-4,60000610351563
507	4,69998168945313
508	0
509	8,19998168945313
510	10,6999816894531
511	1,5
512	4,89999389648438
513	3,5999755859375
514	-0,100006103515625
515	15,6999816894531
516	10,0999755859375
517	5,79998779296875
518	4,5999755859375
519	12,5
520	0,29998779296875
521	-8,10000610351563
522	13,5999755859375
523	-0,600006103515625
524	-0,4000244140625
525	0,199981689453125
526	5,5
527	4,5
528	2,5999755859375
529	4,19998168945313
530	12
531	7,29998779296875
532	2,0999755859375
533	-3,10000610351563
534	0,79998779296875
535	1,29998779296875
536	0,5999755859375
537	1,0999755859375
538	13
539	6,0999755859375
540	12,8999938964844
541	-5,80001831054688
542	1,39999389648438
543	4,19998168945313
544	-3
545	6
546	0,29998779296875
547	0,0999755859375
548	-0,20001220703125
549	-1,70001220703125
550	-6,5
551	1,5999755859375
552	3,29998779296875
553	1,39999389648438
554	-1,80001831054688
555	4,89999389648438
556	9,5999755859375
557	-1,10000610351563
558	2
559	0
560	13,0999755859375
561	8
562	2
563	-3,20001220703125
564	1,0999755859375
565	4,5999755859375
566	-6,5
567	6,5
568	8,89999389648438
569	4
570	6,5999755859375
571	7
572	-1,70001220703125
573	13,2999877929688
574	8,29998779296875
575	3,79998779296875
576	17,6999816894531
577	-5,20001220703125
578	-0,600006103515625
579	7,69998168945313
580	-1,10000610351563
581	3,79998779296875
582	8,5
583	12,3999938964844
584	1,19998168945313
585	5
586	7,69998168945313
587	6,29998779296875
588	11,1999816894531
589	8,0999755859375
590	6,5
591	-1,4000244140625
592	-0,20001220703125
593	1,5999755859375
594	-10,4000244140625
595	-5,20001220703125
596	-3,80001831054688
597	9,0999755859375
598	-3,80001831054688
599	9,0999755859375
600	4,39999389648438
601	3
602	15,5
603	3,79998779296875
604	2,89999389648438
605	2,29998779296875
606	8,39999389648438
607	5
608	2,29998779296875
609	6,5
610	10,1999816894531
611	-2
612	-6,70001220703125
613	9,39999389648438
614	5,0999755859375
615	-3,20001220703125
616	8,5
617	-0,600006103515625
618	-7,20001220703125
619	1,89999389648438
620	15,6999816894531
621	1,0999755859375
622	-12,1000061035156
623	-3,60000610351563
624	5,0999755859375
625	2
626	4,5
627	15
628	-7,70001220703125
629	2,5999755859375
630	2
631	-4,9000244140625
632	12
633	7,69998168945313
634	8,89999389648438
635	-3,60000610351563
636	0,0999755859375
637	3,19998168945313
638	15,0999755859375
639	1,29998779296875
640	-6,80001831054688
641	2,69998168945313
642	13,1999816894531
643	8,19998168945313
644	6,19998168945313
645	1,79998779296875
646	-1,5
647	4,39999389648438
648	4,39999389648438
649	-8,4000244140625
650	7,5
651	9,0999755859375
652	-0,300018310546875
653	-0,20001220703125
654	4,29998779296875
655	3
656	4,0999755859375
657	7,79998779296875
658	9,19998168945313
659	15,2999877929688
660	5
661	-7,10000610351563
662	4,79998779296875
663	4,89999389648438
664	12,6999816894531
665	9,89999389648438
666	18
667	-8,10000610351563
668	-5,30001831054688
669	8,0999755859375
670	-1,60000610351563
671	0,899993896484375
672	11,2999877929688
673	4,79998779296875
674	4,5
675	7,39999389648438
676	6,19998168945313
677	3,89999389648438
678	14,0999755859375
679	-7,5
680	4,29998779296875
681	4,19998168945313
682	4,0999755859375
683	3,79998779296875
684	-0,20001220703125
685	-2,4000244140625
686	-1,5
687	2,5999755859375
688	6,79998779296875
689	5,19998168945313
690	-1,4000244140625
691	-7,4000244140625
692	2,19998168945313
693	5,39999389648438
694	1,69998168945313
695	3,5999755859375
696	5,0999755859375
697	12,0999755859375
698	0,29998779296875
699	3,69998168945313
700	3,5999755859375
701	5,89999389648438
702	6,39999389648438
703	5,29998779296875
704	4,89999389648438
705	7,19998168945313
706	6
707	4,19998168945313
708	-3,20001220703125
709	8,69998168945313
710	14,3999938964844
711	0,0999755859375
712	-5,10000610351563
713	9,89999389648438
714	11,5999755859375
715	5,89999389648438
716	4,5
717	3,69998168945313
718	0,29998779296875
719	11,3999938964844
720	9
721	-5,60000610351563
722	19,5
723	9,29998779296875
724	7,19998168945313
725	2,5999755859375
726	8,69998168945313
727	3,29998779296875
728	-4,5
729	-10,6000061035156
730	16,3999938964844
731	4
732	-5,70001220703125
733	1,39999389648438
734	13,5
735	6,39999389648438
736	1,19998168945313
737	-5
738	-14,7000122070313
739	-0,600006103515625
740	-0,600006103515625
741	13,1999816894531
742	7,29998779296875
743	-9
744	-5,20001220703125
745	-0,300018310546875
746	12,5
747	5,79998779296875
748	0,5
749	-1,80001831054688
750	-6
751	4,69998168945313
752	8,5
753	1,5999755859375
754	-0,300018310546875
755	10,2999877929688
756	4,5999755859375
757	-0,70001220703125
758	-1,10000610351563
759	6,5999755859375
760	-6,60000610351563
761	3,19998168945313
762	-2,9000244140625
763	1
764	13,5999755859375
765	14,5999755859375
766	5
767	7,5999755859375
768	3,5
769	14,1999816894531
770	-0,20001220703125
771	1,79998779296875
772	7,39999389648438
773	-2,60000610351563
774	6,89999389648438
775	-2,4000244140625
776	-0,20001220703125
777	1,89999389648438
778	4,29998779296875
779	10,6999816894531
780	1,0999755859375
781	7,0999755859375
782	-4,60000610351563
783	-0,9000244140625
784	-5,20001220703125
785	0,5999755859375
786	19,3999938964844
787	10,2999877929688
788	1,5
789	-0,100006103515625
790	-0,70001220703125
791	8,69998168945313
792	6,19998168945313
793	7,0999755859375
794	8,5999755859375
795	0,699981689453125
796	3,79998779296875
797	5,5
798	-7,4000244140625
799	13,6999816894531
800	-2,5
801	3,5
802	9,5
803	4,0999755859375
804	15,7999877929688
805	2,0999755859375
806	-0,800018310546875
807	5,5999755859375
808	12,7999877929688
809	9
810	-4,10000610351563
811	15,8999938964844
812	3,69998168945313
813	2,69998168945313
814	-2,70001220703125
815	7,5999755859375
816	5,0999755859375
817	10,7999877929688
818	10,6999816894531
819	-3,10000610351563
820	3,0999755859375
821	-8,4000244140625
822	2,79998779296875
823	7,69998168945313
824	2,89999389648438
825	2,0999755859375
826	0,899993896484375
827	6,5999755859375
828	9,5
829	0,29998779296875
830	5,29998779296875
831	10,5
832	4
833	-4,9000244140625
834	-10,5
835	3,29998779296875
836	-5,70001220703125
837	3,69998168945313
838	-1,10000610351563
839	-3,80001831054688
840	7,5999755859375
841	0,79998779296875
842	15,5
843	3,39999389648438
844	6,0999755859375
845	13,7999877929688
846	-7,30001831054688
847	11,5999755859375
848	10
849	6
850	-1,9000244140625
851	9,19998168945313
852	16,3999938964844
853	-0,600006103515625
854	4,69998168945313
855	-0,300018310546875
856	-1,80001831054688
857	2,19998168945313
858	8,19998168945313
859	8,29998779296875
860	9,89999389648438
861	18,2999877929688
862	8,29998779296875
863	0,699981689453125
864	9,5999755859375
865	6,29998779296875
866	-1,70001220703125
867	2,5999755859375
868	11,5999755859375
869	13,5999755859375
870	7,5999755859375
871	7,69998168945313
872	7,5
873	9,39999389648438
874	8
875	4,69998168945313
876	12,0999755859375
877	11,2999877929688
878	16,1999816894531
879	5,79998779296875
880	6,5999755859375
881	10,0999755859375
882	-2,10000610351563
883	14,2999877929688
884	7
885	6,19998168945313
886	11
887	18
888	13,5999755859375
889	18
890	3,79998779296875
891	8,69998168945313
892	6,29998779296875
893	7,69998168945313
894	7,0999755859375
895	12,0999755859375
896	10
897	11,5
898	-2,10000610351563
899	1,19998168945313
900	10,1999816894531
901	7,19998168945313
902	8,79998779296875
903	2,69998168945313
904	4,39999389648438
905	4,0999755859375
906	13
907	9,5
908	21,0999755859375
909	10,2999877929688
910	9,29998779296875
911	5,39999389648438
912	1
913	4,69998168945313
914	10,5999755859375
915	8,19998168945313
916	7
917	11,7999877929688
918	9,69998168945313
919	14,1999816894531
920	12,5999755859375
921	15,1999816894531
922	9,29998779296875
923	7
924	14
925	16,5
926	11,6999816894531
927	21,6999816894531
928	8,0999755859375
929	10,7999877929688
930	11
931	11
932	18,2999877929688
933	9
934	14,1999816894531
935	17
936	19,8999938964844
937	17,8999938964844
938	6,79998779296875
939	19,5999755859375
940	18,8999938964844
941	18,5
942	19,1999816894531
943	19,5999755859375
944	17,6999816894531
945	23,6999816894531
946	31,5
947	25,6999816894531
948	29,0999755859375
949	19,7999877929688
950	24,5
951	22,6999816894531
952	26,5
953	32,8999938964844
954	34
955	26,2999877929688
956	26,7999877929688
957	39,1999816894531
958	41,1999816894531
959	31,1999816894531
960	39,7999877929688
961	38
962	32,1999816894531
963	49,3999938964844
964	50,3999938964844
965	55,5
966	48,3999938964844
967	61,5999755859375
968	74,6999816894531
969	79,6999816894531
970	101,899993896484
971	96,0999755859375
972	123
973	160,599975585938
974	186,5
975	268,5
976	541,400024414063
977	1233
978	3585,5
979	13131,400390625
980	39071,80078125
981	62792,69921875
982	61435,1015625
983	39366,3984375
984	19366,19921875
985	10128,900390625
986	5065,5
987	2441,5
988	1301,30004882813
989	680,400024414063
990	382,199981689453
991	254,699981689453
992	179,199981689453
993	136,299987792969
994	103,199981689453
995	78,8999938964844
996	67,3999938964844
997	59,0999755859375
998	51,3999938964844
999	49,0999755859375
1000	35,5
1001	32,5
1002	39
1003	31,1999816894531
1004	33,3999938964844
1005	24,5999755859375
1006	15,0999755859375
1007	17,5999755859375
1008	27,2999877929688
1009	30,6999816894531
1010	10,6999816894531
1011	12,5
1012	16,5999755859375
1013	26,6999816894531
1014	15,0999755859375
1015	16,3999938964844
1016	26,5999755859375
1017	20,5
1018	9,19998168945313
1019	9,79998779296875
1020	12,7999877929688
1021	15,3999938964844
1022	7,69998168945313
1023	15,5
1024	19,7999877929688
1025	13,7999877929688
1026	-4,80001831054688
1027	9,5
1028	12,8999938964844
1029	15
1030	11,2999877929688
1031	11,5999755859375
1032	8
1033	13,1999816894531
1034	3,0999755859375
1035	5
1036	13,1999816894531
1037	14,6999816894531
1038	4,89999389648438
1039	10,1999816894531
1040	18,5
1041	19,3999938964844
1042	3,5999755859375
1043	0,29998779296875
1044	6,69998168945313
1045	10,2999877929688
1046	11,8999938964844
1047	6,29998779296875
1048	11,6999816894531
1049	3,5
1050	8,39999389648438
1051	13,6999816894531
1052	15,7999877929688
1053	0,79998779296875
1054	5,19998168945313
1055	1,19998168945313
1056	7,79998779296875
1057	1,69998168945313
1058	12
1059	9,5
1060	11,5999755859375
1061	14,1999816894531
1062	3,79998779296875
1063	6,5999755859375
1064	-9,70001220703125
1065	7,69998168945313
1066	18,8999938964844
1067	8,39999389648438
1068	0,79998779296875
1069	5,79998779296875
1070	6,29998779296875
1071	5,0999755859375
1072	8,0999755859375
1073	5,5999755859375
1074	7,19998168945313
1075	5,39999389648438
1076	0,399993896484375
1077	14,7999877929688
1078	13,2999877929688
1079	-5
1080	2,69998168945313
1081	2,69998168945313
1082	2,5999755859375
1083	10,2999877929688
1084	6,0999755859375
1085	8,5
1086	6,79998779296875
1087	3,69998168945313
1088	2,79998779296875
1089	8
1090	13,6999816894531
1091	9,0999755859375
1092	10,1999816894531
1093	0,5
1094	4,79998779296875
1095	-2,60000610351563
1096	-2,60000610351563
1097	-2,4000244140625
1098	12,5
1099	2,5
1100	7,5
1101	10,3999938964844
1102	5,19998168945313
1103	8,89999389648438
1104	6,19998168945313
1105	-4,70001220703125
1106	7,19998168945313
1107	1,39999389648438
1108	2,79998779296875
1109	8,19998168945313
1110	8,5999755859375
1111	13,5999755859375
1112	0
1113	4,29998779296875
1114	2,29998779296875
1115	9,29998779296875
1116	0,699981689453125
1117	2,69998168945313
1118	3
1119	15,3999938964844
1120	-3,5
1121	8,39999389648438
1122	8,29998779296875
1123	9,0999755859375
1124	5,39999389648438
1125	5,19998168945313
1126	4
1127	7,29998779296875
1128	6,5
1129	-1,70001220703125
1130	5,5
1131	-2
1132	7,29998779296875
1133	-0,4000244140625
1134	5,79998779296875
1135	-6,80001831054688
1136	1
1137	5,0999755859375
1138	4,69998168945313
1139	10,8999938964844
1140	3,19998168945313
1141	10,1999816894531
1142	12,3999938964844
1143	3,89999389648438
1144	4,89999389648438
1145	-4,30001831054688
1146	10
1147	6,5999755859375
1148	-0,20001220703125
1149	12,1999816894531
1150	11,7999877929688
1151	13,7999877929688
1152	-6
1153	10,3999938964844
1154	8,5999755859375
1155	6
1156	-2,10000610351563
1157	-7
1158	8,5
1159	9,0999755859375
1160	-0,300018310546875
1161	9,79998779296875
1162	2,5999755859375
1163	1,29998779296875
1164	-4,30001831054688
1165	18,8999938964844
1166	5,5999755859375
1167	-5,80001831054688
1168	1,39999389648438
1169	1,5
1170	6,5999755859375
1171	-1,70001220703125
1172	-0,4000244140625
1173	0
1174	2,79998779296875
1175	0,5999755859375
1176	13,6999816894531
1177	12,3999938964844
1178	4,69998168945313
1179	-0,600006103515625
1180	11,5999755859375
1181	10,7999877929688
1182	-0,100006103515625
1183	-2,30001831054688
1184	5,5999755859375
1185	-2,5
1186	-0,600006103515625
1187	3,5
1188	13,0999755859375
1189	4,0999755859375
1190	11,1999816894531
1191	8,39999389648438
1192	4,69998168945313
1193	3,69998168945313
1194	-3,20001220703125
1195	-0,9000244140625
1196	10,3999938964844
1197	4,0999755859375
1198	9,69998168945313
1199	2,5999755859375
1200	-9,9000244140625
1201	12,7999877929688
1202	5,5
1203	6
1204	0,0999755859375
1205	8,5999755859375
1206	11
1207	7,89999389648438
1208	10,0999755859375
1209	-8,70001220703125
1210	-7,5
1211	7,39999389648438
1212	7,0999755859375
1213	7,5999755859375
1214	2,79998779296875
1215	0,399993896484375
1216	2,69998168945313
1217	1,5
1218	6,39999389648438
1219	12,3999938964844
1220	10
1221	9,89999389648438
1222	2,19998168945313
1223	10,5
1224	3,39999389648438
1225	10,3999938964844
1226	-8,20001220703125
1227	1,0999755859375
1228	2,39999389648438
1229	0,0999755859375
1230	-3,60000610351563
1231	5
1232	4,5999755859375
1233	0,699981689453125
1234	4,29998779296875
1235	7,5999755859375
1236	-1,9000244140625
1237	9,0999755859375
1238	6,0999755859375
1239	1,5999755859375
1240	3,29998779296875
1241	7,5
1242	11,6999816894531
1243	2,5
1244	8,19998168945313
1245	3,19998168945313
1246	-0,20001220703125
1247	7,69998168945313
1248	9,5999755859375
1249	7,5999755859375
1250	13,3999938964844
1251	10,5
1252	7,29998779296875
1253	-1,5
1254	-5,4000244140625
1255	5,5
1256	-1,30001831054688
1257	6,5999755859375
1258	6
1259	6,5999755859375
1260	12,5999755859375
1261	6,19998168945313
1262	-5,4000244140625
1263	0,399993896484375
1264	9,19998168945313
1265	8
1266	4,5
1267	3,69998168945313
1268	4,0999755859375
1269	6,5999755859375
1270	-1,5
1271	-6,80001831054688
1272	11
1273	6,5
1274	5,5999755859375
1275	0,79998779296875
1276	-4,30001831054688
1277	0,899993896484375
1278	4,79998779296875
1279	3,89999389648438
1280	2,19998168945313
1281	8,5
1282	4,5
1283	-0,100006103515625
1284	-1,20001220703125
1285	6,19998168945313
1286	11,1999816894531
1287	-11,4000244140625
1288	1,39999389648438
1289	1,79998779296875
1290	0,5999755859375
1291	-7,4000244140625
1292	5,5
1293	-3
1294	1,39999389648438
1295	-0,100006103515625
1296	0,29998779296875
1297	17,5999755859375
1298	5,39999389648438
1299	-3,9000244140625
1300	2,19998168945313
1301	3,69998168945313
1302	9,5999755859375
1303	-3,10000610351563
1304	2,5999755859375
1305	5,69998168945313
1306	-2,9000244140625
1307	-0,600006103515625
1308	5,39999389648438
1309	10,5
1310	-4,5
1311	2,79998779296875
1312	5,0999755859375
1313	-4,60000610351563
1314	3,89999389648438
1315	17
1316	17,2999877929688
1317	0,199981689453125
1318	2,39999389648438
1319	-1,80001831054688
1320	2,5
1321	-2,9000244140625
1322	2,89999389648438
1323	1,79998779296875
1324	5,5
1325	5,0999755859375
1326	-2,10000610351563
1327	0,699981689453125
1328	2,79998779296875
1329	-2,4000244140625
1330	5,39999389648438
1331	-0,600006103515625
1332	0
1333	5,5
1334	0,699981689453125
1335	4,69998168945313
1336	14,6999816894531
1337	6,79998779296875
1338	-6,60000610351563
1339	7,0999755859375
1340	9
1341	-1
1342	0,699981689453125
1343	15,5999755859375
1344	-2,30001831054688
1345	2,0999755859375
1346	4,79998779296875
1347	-3,20001220703125
1348	-5,30001831054688
1349	10,3999938964844
1350	5,79998779296875
1351	5,39999389648438
1352	8,5999755859375
1353	-6,4000244140625
1354	-0,100006103515625
1355	-2
1356	1,5999755859375
1357	4,5999755859375
1358	7,39999389648438
1359	-6
1360	0,5
1361	7,89999389648438
1362	7,29998779296875
1363	4,5999755859375
1364	-1,5
1365	7,79998779296875
1366	16,5999755859375
1367	-0,800018310546875
1368	-2,20001220703125
1369	4,39999389648438
1370	4,19998168945313
1371	5,5
1372	6,0999755859375
1373	4
1374	-7,80001831054688
1375	8,19998168945313
1376	-1,5
1377	-2,80001831054688
1378	0,0999755859375
1379	3
1380	9,5
1381	0,29998779296875
1382	9,29998779296875
1383	2,5
1384	2,0999755859375
1385	-1,10000610351563
1386	-7,80001831054688
1387	-2,4000244140625
1388	11
1389	17,3999938964844
1390	0
1391	3,79998779296875
1392	9,0999755859375
1393	8
1394	1,79998779296875
1395	-2,80001831054688
1396	3,89999389648438
1397	2,29998779296875
1398	4,69998168945313
1399	2,69998168945313
1400	0,5
1401	0,5
1402	5,19998168945313
1403	-5,10000610351563
1404	-1,4000244140625
1405	2,19998168945313
1406	11,7999877929688
1407	11,5
1408	1
1409	-1,20001220703125
1410	-2,30001831054688
1411	6,5999755859375
1412	10,5
1413	9,79998779296875
1414	-11,2000122070313
1415	5,19998168945313
1416	7,69998168945313
1417	2,5999755859375
1418	0,29998779296875
1419	3,0999755859375
1420	1,29998779296875
1421	4,5999755859375
1422	-0,9000244140625
1423	0,399993896484375
1424	-1,4000244140625
1425	3
1426	7,5999755859375
1427	-2,4000244140625
1428	0,0999755859375
1429	-1,30001831054688
1430	4,89999389648438
1431	-11,2000122070313
1432	8,19998168945313
1433	-16,1000061035156
1434	0,0999755859375
1435	17,1999816894531
1436	-3,30001831054688
1437	8,19998168945313
1438	5,5
1439	4,5999755859375
1440	9,69998168945313
1441	7,5
1442	-2,60000610351563
1443	4,39999389648438
1444	9,29998779296875
1445	13,5999755859375
1446	9,69998168945313
1447	-2,9000244140625
1448	5,89999389648438
1449	17,7999877929688
1450	6,5999755859375
1451	-3,30001831054688
1452	3,5999755859375
1453	9,79998779296875
1454	1,39999389648438
1455	7,19998168945313
1456	-7,60000610351563
1457	7,79998779296875
1458	-1,70001220703125
1459	1,89999389648438
1460	14,3999938964844
1461	-0,5
1462	-0,600006103515625
1463	2,69998168945313
1464	19,6999816894531
1465	-1,30001831054688
1466	-5,20001220703125
1467	0,399993896484375
1468	4,69998168945313
1469	6,79998779296875
1470	7,0999755859375
1471	17,8999938964844
1472	-1
1473	5,19998168945313
1474	2,89999389648438
1475	1,89999389648438
1476	10,8999938964844
1477	0,699981689453125
1478	7
1479	4,89999389648438
1480	2,39999389648438
1481	-11,9000244140625
1482	2,5999755859375
1483	9,5999755859375
1484	10,0999755859375
1485	-1,70001220703125
1486	-5,10000610351563
1487	0,0999755859375
1488	6,39999389648438
1489	0,0999755859375
1490	5,5999755859375
1491	-4
1492	-0,70001220703125
1493	-2,60000610351563
1494	1,0999755859375
1495	8,19998168945313
1496	-0,800018310546875
1497	-5,20001220703125
1498	-3,4000244140625
1499	6,89999389648438
1500	0,5
1501	2,5
1502	7,5999755859375
1503	1,89999389648438
1504	11,1999816894531
1505	5,69998168945313
1506	5,19998168945313
1507	4,89999389648438
1508	1,89999389648438
1509	0,79998779296875
1510	6,29998779296875
1511	6
1512	5,19998168945313
1513	-1,20001220703125
1514	-0,800018310546875
1515	0,5
1516	1,29998779296875
1517	8,5
1518	2,69998168945313
1519	-9,30001831054688
1520	-3,70001220703125
1521	6,29998779296875
1522	3,0999755859375
1523	4,69998168945313
1524	-1,5
1525	5,89999389648438
1526	4,69998168945313
1527	3,5999755859375
1528	4,89999389648438
1529	0,5
1530	-1,80001831054688
1531	9,0999755859375
1532	0
1533	-1
1534	-2,30001831054688
1535	-0,9000244140625
1536	-2,70001220703125
1537	-4,80001831054688
1538	2
1539	2,5999755859375
1540	4,5
1541	-6,20001220703125
1542	-2,70001220703125
1543	-5,20001220703125
1544	6,19998168945313
1545	8,5999755859375
1546	-8,60000610351563
1547	-13,4000244140625
1548	-7,60000610351563
1549	6,79998779296875
1550	4,5999755859375
1551	-8,5
1552	8,39999389648438
1553	1,89999389648438
1554	-1,9000244140625
1555	5,89999389648438
1556	3,0999755859375
1557	-3,10000610351563
1558	6,79998779296875
1559	5,29998779296875
1560	1,69998168945313
1561	6,69998168945313
1562	-0,70001220703125
1563	10,2999877929688
1564	4,5
1565	14
1566	5,19998168945313
1567	4,39999389648438
1568	9,69998168945313
1569	10,2999877929688
1570	-3,80001831054688
1571	-2,10000610351563
1572	0,5999755859375
1573	4,39999389648438
1574	11,7999877929688
1575	1,5
1576	-9,70001220703125
1577	4,39999389648438
1578	15,2999877929688
1579	6,69998168945313
1580	2,5
1581	-9,70001220703125
1582	7,29998779296875
1583	6,79998779296875
1584	11,0999755859375
1585	4,69998168945313
1586	5,29998779296875
1587	6,5999755859375
1588	-0,100006103515625
1589	2
1590	-6
1591	7,5
1592	2,79998779296875
1593	6,5999755859375
1594	0
1595	2
1596	1,0999755859375
1597	-11,9000244140625
1598	8,39999389648438
1599	-8,20001220703125
1600	9
1601	-2,80001831054688
1602	13,5
1603	7
1604	10,5
1605	-4,20001220703125
1606	-2,70001220703125
1607	6,29998779296875
1608	-1,5
1609	-16
1610	1,89999389648438
1611	4
1612	-0,100006103515625
1613	0,5
1614	4,89999389648438
1615	1,0999755859375
1616	-13,7000122070313
1617	7,39999389648438
1618	6,29998779296875
1619	-6,5
1620	-7,9000244140625
1621	6,69998168945313
1622	7,5999755859375
1623	-0,600006103515625
1624	-0,5
1625	2,79998779296875
1626	-3,30001831054688
1627	-5,9000244140625
1628	0,0999755859375
1629	6,19998168945313
1630	-2,20001220703125
1631	9,89999389648438
1632	-4,70001220703125
1633	-4,60000610351563
1634	8,5
1635	4,19998168945313
1636	3,19998168945313
1637	-5,5
1638	-9,10000610351563
1639	7,5999755859375
1640	0,199981689453125
1641	-8,20001220703125
1642	-0,100006103515625
1643	1,0999755859375
1644	13
1645	6,0999755859375
1646	12,2999877929688
1647	6,29998779296875
1648	-10,8000183105469
1649	11,1999816894531
1650	5,19998168945313
1651	2,0999755859375
1652	4
1653	2,5
1654	3,0999755859375
1655	9,69998168945313
1656	-7,80001831054688
1657	11,0999755859375
1658	5,5
1659	-1,20001220703125
1660	6,19998168945313
1661	10,0999755859375
1662	1
1663	4,69998168945313
1664	8,19998168945313
1665	-0,100006103515625
1666	5,29998779296875
1667	11,1999816894531
1668	-3,20001220703125
1669	-6,9000244140625
1670	-4,10000610351563
1671	1,5999755859375
1672	14,2999877929688
1673	-0,9000244140625
1674	-0,9000244140625
1675	2,0999755859375
1676	-1,70001220703125
1677	-2,4000244140625
1678	3
1679	0,899993896484375
1680	0,399993896484375
1681	-4,9000244140625
1682	6,29998779296875
1683	-5,60000610351563
1684	-9,5
1685	7,5999755859375
1686	11,8999938964844
1687	1,69998168945313
1688	-2,70001220703125
1689	5,79998779296875
1690	6,69998168945313
1691	11
1692	0,199981689453125
1693	-7,9000244140625
1694	14,2999877929688
1695	12,7999877929688
1696	15,5
1697	-4,80001831054688
1698	-11,1000061035156
1699	5,39999389648438
1700	1
1701	4,39999389648438
1702	3,19998168945313
1703	6,29998779296875
1704	-0,100006103515625
1705	7,0999755859375
1706	1,29998779296875
1707	2,29998779296875
1708	5,69998168945313
1709	-2,30001831054688
1710	-11,1000061035156
1711	8,19998168945313
1712	10,8999938964844
1713	6
1714	-1,20001220703125
1715	-5,5
1716	-2,60000610351563
1717	-4,9000244140625
1718	-0,20001220703125
1719	6,29998779296875
1720	-2
1721	2
1722	11,7999877929688
1723	4,5
1724	0,899993896484375
1725	-0,4000244140625
1726	-2,30001831054688
1727	-3,60000610351563
1728	-1,70001220703125
1729	-4,10000610351563
1730	-2
1731	3
1732	-0,70001220703125
1733	10,2999877929688
1734	4,29998779296875
1735	-5,10000610351563
1736	3,5
1737	7,69998168945313
1738	2,89999389648438
1739	-7,30001831054688
1740	3,5999755859375
1741	12,8999938964844
1742	5,5
1743	-0,9000244140625
1744	-2,4000244140625
1745	3,69998168945313
1746	-5,5
1747	-3,60000610351563
1748	-9,60000610351563
1749	9,39999389648438
1750	7,5
1751	4
1752	2,19998168945313
1753	3,0999755859375
1754	6,5999755859375
1755	-7,30001831054688
1756	7
1757	6,0999755859375
1758	-4,20001220703125
1759	-0,600006103515625
1760	8,0999755859375
1761	-3,30001831054688
1762	2,5
1763	5,39999389648438
1764	5,89999389648438
1765	-5,70001220703125
1766	9,5999755859375
1767	6,69998168945313
1768	1,5
1769	6,69998168945313
1770	-1
1771	6
1772	-0,5
1773	-0,4000244140625
1774	-3,60000610351563
1775	-10,8000183105469
1776	3,5
1777	5,69998168945313
1778	10
1779	3,0999755859375
1780	-2,4000244140625
1781	1
1782	6,39999389648438
1783	-0,600006103515625
1784	3,29998779296875
1785	4,39999389648438
1786	-2,60000610351563
1787	5,29998779296875
1788	7,79998779296875
1789	3,5
1790	-1,70001220703125
1791	-3,9000244140625
1792	-1
1793	0
1794	4,69998168945313
1795	7,0999755859375
1796	-1,80001831054688
1797	-1,20001220703125
1798	5,69998168945313
1799	8,19998168945313
1800	-0,100006103515625
1801	-1,30001831054688
1802	-0,20001220703125
1803	9,5999755859375
1804	-6,5
1805	16,3999938964844
1806	1,19998168945313
1807	-1,20001220703125
1808	8,5999755859375
1809	-8,5
1810	7,39999389648438
1811	2,0999755859375
1812	1,39999389648438
1813	6,0999755859375
1814	6,19998168945313
1815	11,8999938964844
1816	-1,70001220703125
1817	1
1818	4,29998779296875
1819	8,29998779296875
1820	7,19998168945313
1821	9,19998168945313
1822	1,69998168945313
1823	-1,5
1824	6,89999389648438
1825	7,39999389648438
1826	6,89999389648438
1827	14,3999938964844
1828	10,1999816894531
1829	-2,20001220703125
1830	2,5999755859375
1831	4,39999389648438
1832	6,69998168945313
1833	4,5
1834	4,0999755859375
1835	2,29998779296875
1836	-1
1837	15,0999755859375
1838	0,79998779296875
1839	4,5
1840	1,29998779296875
1841	0,699981689453125
1842	7,39999389648438
1843	-5,5
1844	-1
1845	-5,60000610351563
1846	-3
1847	1,5
1848	8,89999389648438
1849	6
1850	-2,10000610351563
1851	3,0999755859375
1852	3,5
1853	-7,30001831054688
1854	4,0999755859375
1855	8,89999389648438
1856	2,69998168945313
1857	1,89999389648438
1858	3,69998168945313
1859	3,79998779296875
1860	-0,600006103515625
1861	4,69998168945313
1862	0,5
1863	0,399993896484375
1864	3,5999755859375
1865	-1,5
1866	2,69998168945313
1867	5,5
1868	-1,60000610351563
1869	3,79998779296875
1870	5,0999755859375
1871	8
1872	5,89999389648438
1873	-1,9000244140625
1874	5,19998168945313
1875	4,39999389648438
1876	7,39999389648438
1877	-3,30001831054688
1878	-1,10000610351563
1879	8,69998168945313
1880	3,19998168945313
1881	4,39999389648438
1882	-0,5
1883	4,19998168945313
1884	1,0999755859375
1885	2,69998168945313
1886	13,6999816894531
1887	-2
1888	-4,70001220703125
1889	4,89999389648438
1890	7,69998168945313
1891	6,5999755859375
1892	2,69998168945313
1893	8,89999389648438
1894	2
1895	1,0999755859375
1896	6,89999389648438
1897	-1,70001220703125
1898	-0,20001220703125
1899	10,7999877929688
1900	-3,4000244140625
1901	-3,70001220703125
1902	-5,9000244140625
1903	5,79998779296875
1904	-1,5
1905	2,29998779296875
1906	-3,60000610351563
1907	7,5999755859375
1908	10,5999755859375
1909	-4
1910	1,5999755859375
1911	4
1912	0,699981689453125
1913	-2,5
1914	0,699981689453125
1915	4
1916	-5,70001220703125
1917	6,39999389648438
1918	1,0999755859375
1919	4,5
1920	-7,60000610351563
1921	4,69998168945313
1922	-1,10000610351563
1923	2,5
1924	3,5999755859375
1925	6,5
1926	10,0999755859375
1927	2,69998168945313
1928	-4,70001220703125
1929	3,19998168945313
1930	13,5999755859375
1931	9,39999389648438
1932	0,5999755859375
1933	4,5999755859375
1934	9,39999389648438
1935	0,199981689453125
1936	4,79998779296875
1937	-6,10000610351563
1938	-2,4000244140625
1939	-3,30001831054688
1940	4,0999755859375
1941	12,1999816894531
1942	2,89999389648438
1943	9,69998168945313
1944	-2,4000244140625
1945	-4,4000244140625
1946	8,39999389648438
1947	9,0999755859375
1948	3,5
1949	9,5
1950	-1,10000610351563
1951	-4,80001831054688
1952	3,19998168945313
1953	3,89999389648438
1954	-7,60000610351563
1955	7,0999755859375
1956	-2,80001831054688
1957	-2,70001220703125
1958	7,69998168945313
1959	6,39999389648438
1960	-4
1961	-1,4000244140625
1962	7,69998168945313
1963	3,79998779296875
1964	0,5999755859375
1965	5,0999755859375
1966	0,79998779296875
1967	-0,800018310546875
1968	-1,9000244140625
1969	3,0999755859375
1970	10,0999755859375
1971	0,699981689453125
1972	-2,9000244140625
1973	-3,4000244140625
1974	-4,5
1975	-4,20001220703125
1976	-9,60000610351563
1977	-1
1978	-0,100006103515625
1979	0,5999755859375
1980	7,19998168945313
1981	5,69998168945313
1982	3
1983	7,19998168945313
1984	1,5999755859375
1985	-3,5
1986	0,29998779296875
1987	2,29998779296875
1988	5,39999389648438
1989	2,0999755859375
1990	6,89999389648438
1991	3,89999389648438
1992	-3,70001220703125
1993	-7
1994	-2,30001831054688
1995	9,89999389648438
1996	-8,10000610351563
1997	0,0999755859375
1998	6,79998779296875
1999	1,5999755859375
2000	-8,20001220703125
2001	-3,80001831054688
2002	11,3999938964844
2003	-3,20001220703125
2004	-7,4000244140625
2005	9,89999389648438
2006	1,29998779296875
2007	-4,80001831054688
2008	2,79998779296875
2009	1,5999755859375
2010	15
2011	6,29998779296875
2012	-0,800018310546875
2013	-3,4000244140625
2014	3,79998779296875
2015	11,7999877929688
2016	5
2017	6,0999755859375
2018	-8
2019	6,69998168945313
2020	1,5999755859375
2021	2,79998779296875
2022	-5,60000610351563
2023	-3,5
2024	-0,600006103515625
2025	-2,9000244140625
2026	-5,9000244140625
2027	1,39999389648438
2028	5,29998779296875
2029	-4,60000610351563
2030	6,69998168945313
2031	1,69998168945313
2032	10
2033	21,7999877929688
2034	32,8999938964844
2035	32
2036	28,3999938964844
2037	17,6999816894531
2038	14,8999938964844
2039	11,6999816894531
2040	9,69998168945313
2041	-3
2042	3,29998779296875
2043	10,5999755859375
2044	-0,600006103515625
2045	2,79998779296875
2046	0,399993896484375
2047	-1,60000610351563
2048	1,89999389648438
