0 0.2 -0.686607 845694
1 0.216 -0.68678 845662
2 0.232 -0.686951 845627
3 0.248 -0.687104 845597
4 0.264 -0.687267 845561
5 0.28 -0.687426 845527
6 0.296 -0.68759 845491
7 0.312 -0.687752 845455
8 0.328 -0.687916 845418
9 0.344 -0.688076 845381
10 0.36 -0.688235 845347
11 0.376 -0.688401 845309
12 0.392 -0.688554 845275
13 0.408 -0.688713 845236
14 0.424 -0.688868 845200
15 0.44 -0.689012 845164
16 0.456 -0.68916 845128
17 0.472 -0.689302 845093
18 0.488 -0.689441 845060
19 0.504 -0.689578 845026
20 0.52 -0.689719 844994
21 0.536 -0.68986 844961
22 0.552 -0.689995 844929
23 0.568 -0.690127 844898
24 0.584 -0.690265 844867
25 0.6 -0.690397 844837
26 0.616 -0.69053 844808
27 0.632 -0.690669 844779
28 0.648 -0.690804 844753
29 0.664 -0.690945 844726
30 0.68 -0.691077 844699
31 0.696 -0.691201 844672
32 0.712 -0.691326 844647
33 0.728 -0.691444 844621
34 0.744 -0.691562 844596
35 0.76 -0.691676 844571
36 0.776 -0.691777 844548
37 0.792 -0.691879 844526
38 0.808 -0.691975 844506
39 0.824 -0.692073 844487
40 0.84 -0.692165 844471
41 0.856 -0.692257 844455
42 0.872 -0.692346 844438
43 0.888 -0.692432 844423
44 0.904 -0.692514 844409
45 0.92 -0.692589 844396
46 0.936 -0.692657 844386
47 0.952 -0.692733 844376
48 0.968 -0.692804 844367
49 0.984 -0.692869 844357
50 1 -0.692933 844348
51 1.016 -0.69299 844341
52 1.032 -0.693047 844335
53 1.048 -0.693101 844331
54 1.064 -0.693158 844330
55 1.08 -0.693218 844328
56 1.096 -0.693275 844326
57 1.112 -0.693331 844323
58 1.128 -0.693388 844319
59 1.144 -0.693445 844316
60 1.16 -0.693495 844313
61 1.176 -0.693543 844310
62 1.192 -0.693594 844308
63 1.208 -0.693637 844305
64 1.224 -0.693672 844306
65 1.24 -0.693709 844309
66 1.256 -0.69374 844312
67 1.272 -0.693774 844318
68 1.288 -0.693805 844323
69 1.304 -0.693836 844328
70 1.32 -0.693862 844331
71 1.336 -0.693887 844333
72 1.352 -0.693901 844338
73 1.368 -0.693914 844344
74 1.384 -0.693922 844354
75 1.4 -0.693931 844362
76 1.416 -0.693943 844374
77 1.432 -0.693952 844384
78 1.448 -0.693965 844394
79 1.464 -0.693971 844403
80 1.48 -0.693969 844412
81 1.496 -0.693963 844420
82 1.512 -0.693956 844431
83 1.528 -0.693949 844444
84 1.544 -0.693938 844457
85 1.56 -0.693919 844468
86 1.576 -0.693901 844481
87 1.592 -0.69388 844496
88 1.608 -0.693849 844513
89 1.624 -0.693814 844527
90 1.64 -0.69378 844536
91 1.656 -0.693746 844542
92 1.672 -0.693704 844548
93 1.688 -0.693662 844554
94 1.704 -0.693619 844562
95 1.72 -0.693579 844570
96 1.736 -0.693541 844576
97 1.752 -0.693504 844584
98 1.768 -0.693466 844591
99 1.784 -0.69342 844599
