Frequenz (Hz), Amplitude (V), FehlerAmp (V), Phase, FehlerPhase8,520000E+2	1,084904E-6	4,766031E-8	1,186162E-2	2,322237E-2
8,521000E+2	1,022617E-6	2,093832E-8	-4,799618E-3	1,606624E-2
8,522000E+2	1,045709E-6	1,601489E-8	1,058328E-2	1,653213E-2
8,523000E+2	1,054452E-6	2,230314E-8	3,552400E-2	2,184133E-2
8,524000E+2	1,050793E-6	1,258283E-8	-5,256369E-3	1,337659E-2
8,525000E+2	1,002157E-6	1,752529E-8	1,114272E-2	1,955142E-2
8,526000E+2	1,069956E-6	1,727483E-8	3,183338E-2	1,722045E-2
8,527000E+2	1,082583E-6	1,767138E-8	1,637991E-2	9,624936E-3
8,528000E+2	1,077418E-6	2,162582E-8	6,073948E-2	1,706032E-2
8,529000E+2	1,072067E-6	1,517837E-8	1,857228E-2	1,349314E-2
8,530000E+2	1,072270E-6	1,080242E-8	1,892503E-2	1,034176E-2
8,531000E+2	1,099539E-6	1,145636E-8	2,018536E-2	5,600709E-3
8,532000E+2	1,098750E-6	1,002011E-8	2,447636E-2	9,433728E-3
8,533000E+2	1,082794E-6	8,800120E-9	4,459780E-2	8,351667E-3
8,534000E+2	1,098579E-6	1,122325E-8	2,117836E-2	1,131992E-2
8,535000E+2	1,118910E-6	1,258557E-8	3,625780E-2	8,003525E-3
8,536000E+2	1,124620E-6	9,662488E-9	3,125767E-2	7,259255E-3
8,537000E+2	1,131629E-6	9,559749E-9	4,374451E-2	9,923712E-3
8,538000E+2	1,142328E-6	1,083879E-8	4,948163E-2	9,196320E-3
8,539000E+2	1,123835E-6	8,222659E-9	2,548222E-2	6,568668E-3
8,540000E+2	1,135122E-6	8,360927E-9	2,803578E-2	4,128595E-3
8,541000E+2	1,140487E-6	1,248001E-8	4,689749E-2	1,291068E-2
8,542000E+2	1,120885E-6	1,859823E-8	5,209893E-2	1,901182E-2
8,543000E+2	1,163379E-6	1,613202E-8	6,019358E-2	1,246569E-2
8,544000E+2	1,168600E-6	1,798105E-8	6,467199E-2	9,930507E-3
8,545000E+2	1,167380E-6	5,976480E-9	5,997131E-2	1,266050E-2
8,546000E+2	1,180700E-6	1,349918E-8	4,837830E-2	1,067332E-2
8,547000E+2	1,200922E-6	1,365265E-8	6,518216E-2	1,266932E-2
8,548000E+2	1,210529E-6	1,054733E-8	5,872631E-2	1,284782E-2
8,549000E+2	1,200472E-6	1,468283E-8	7,482387E-2	9,879862E-3
8,550000E+2	1,217678E-6	1,045334E-8	7,215083E-2	9,629363E-3
8,551000E+2	1,224673E-6	1,517804E-8	8,184632E-2	9,446580E-3
8,552000E+2	1,210125E-6	1,376177E-8	8,429180E-2	1,109996E-2
8,553000E+2	1,213406E-6	1,201290E-8	7,949928E-2	1,479984E-2
8,554000E+2	1,243168E-6	1,216663E-8	8,342299E-2	1,069891E-2
8,555000E+2	1,287706E-6	1,080722E-8	6,986908E-2	7,032215E-3
8,556000E+2	1,272683E-6	1,157869E-8	8,788128E-2	7,856041E-3
8,557000E+2	1,254331E-6	8,869798E-9	8,242940E-2	6,797187E-3
8,558000E+2	1,255976E-6	2,091988E-8	3,327342E-2	8,458618E-3
8,559000E+2	1,245810E-6	1,443161E-8	5,191657E-2	9,853973E-3
8,560000E+2	1,279683E-6	1,140260E-8	4,211395E-2	1,123383E-2
8,561000E+2	1,304079E-6	1,529141E-8	2,317664E-2	1,190284E-2
8,562000E+2	1,315571E-6	1,394988E-8	5,680403E-2	2,197250E-2
8,563000E+2	1,289682E-6	2,123968E-8	1,982996E-2	1,666002E-2
8,564000E+2	1,357891E-6	4,867868E-8	3,632691E-2	3,614556E-2
8,565000E+2	1,374755E-6	1,078204E-7	1,614343E-1	9,224788E-2
8,566000E+2	1,503149E-6	1,734058E-7	4,333962E-1	2,597470E-1
8,567000E+2	1,409961E-6	5,724100E-8	9,672297E-2	3,035497E-2
8,568000E+2	1,353127E-6	2,712804E-8	4,441871E-2	1,907727E-2
8,569000E+2	1,294718E-6	3,089391E-8	7,250565E-2	1,495635E-2
8,570000E+2	1,438028E-6	4,159356E-8	5,892548E-2	2,784912E-2
8,571000E+2	1,393136E-6	5,526381E-8	6,085385E-2	3,674163E-2
8,572000E+2	1,383443E-6	4,926647E-8	7,335409E-2	3,824982E-2
8,573000E+2	1,499312E-6	3,028246E-8	8,261750E-2	2,034262E-2
8,574000E+2	1,368406E-6	3,597104E-8	5,115367E-2	2,092370E-2
8,575000E+2	1,390900E-6	2,710769E-8	4,179221E-2	2,247070E-2
8,576000E+2	1,413672E-6	2,549275E-8	1,402256E-1	1,830059E-2
8,577000E+2	1,442286E-6	2,745368E-8	9,140257E-2	1,985357E-2
8,578000E+2	1,424421E-6	2,187291E-8	7,310457E-2	1,261373E-2
8,579000E+2	1,425017E-6	9,576359E-9	9,729041E-2	7,840912E-3
8,580000E+2	1,575022E-6	7,795282E-8	1,602078E-1	4,204600E-2
8,581000E+2	1,452305E-6	6,783866E-9	1,087146E-1	7,307481E-3
8,582000E+2	1,477372E-6	1,480882E-8	1,088421E-1	1,238917E-2
8,583000E+2	1,496046E-6	2,848857E-8	6,177053E-2	1,620734E-2
8,584000E+2	1,490827E-6	1,737248E-8	8,108903E-2	1,155157E-2
8,585000E+2	1,519196E-6	1,088706E-8	7,101404E-2	7,879645E-3
8,586000E+2	1,492357E-6	1,220337E-8	6,577701E-2	6,488564E-3
8,587000E+2	1,539519E-6	1,324830E-8	8,440940E-2	6,005440E-3
8,588000E+2	1,531384E-6	1,158203E-8	8,815065E-2	5,679229E-3
8,589000E+2	1,535946E-6	1,158475E-8	8,922032E-2	4,994561E-3
8,590000E+2	1,572211E-6	8,051549E-9	8,959138E-2	5,306950E-3
8,591000E+2	1,559986E-6	1,218904E-8	9,201517E-2	5,262027E-3
8,592000E+2	1,594111E-6	1,133027E-8	9,750622E-2	6,074021E-3
8,593000E+2	1,580384E-6	7,779486E-9	1,078892E-1	6,872481E-3
8,594000E+2	1,622741E-6	9,765112E-9	1,096318E-1	5,716237E-3
8,595000E+2	1,586200E-6	1,123828E-8	1,040572E-1	6,801026E-3
8,596000E+2	1,663870E-6	1,076453E-8	1,067919E-1	7,708484E-3
8,597000E+2	1,651658E-6	9,445890E-9	1,211991E-1	5,656079E-3
8,598000E+2	1,658393E-6	8,253271E-9	1,183055E-1	7,009290E-3
8,599000E+2	1,677345E-6	1,706708E-8	1,070711E-1	1,191241E-2
8,600000E+2	1,678118E-6	1,477764E-8	1,242151E-1	1,037408E-2
8,601000E+2	1,683671E-6	1,468728E-8	1,198478E-1	8,341949E-3
8,602000E+2	1,669542E-6	1,196110E-8	1,351953E-1	7,375408E-3
8,603000E+2	1,718069E-6	1,643832E-8	1,473851E-1	5,008562E-3
8,604000E+2	1,735097E-6	1,199768E-8	1,348410E-1	7,285364E-3
8,605000E+2	1,740270E-6	1,051099E-8	1,519045E-1	6,487914E-3
8,606000E+2	1,761322E-6	1,000090E-8	1,426778E-1	4,972932E-3
8,607000E+2	1,766458E-6	8,196158E-9	1,566169E-1	4,477106E-3
8,608000E+2	1,792940E-6	6,997831E-9	1,535413E-1	4,719367E-3
8,609000E+2	1,806099E-6	1,453242E-8	1,524765E-1	8,026162E-3
8,610000E+2	1,840085E-6	9,780658E-9	1,715271E-1	7,871516E-3
8,611000E+2	1,815667E-6	1,052495E-8	1,594414E-1	6,229770E-3
8,612000E+2	1,837953E-6	1,089431E-8	1,641364E-1	6,708392E-3
8,613000E+2	1,866896E-6	1,390900E-8	1,782027E-1	6,766165E-3
8,614000E+2	1,883584E-6	1,279619E-8	1,668938E-1	4,671828E-3
8,615000E+2	1,875103E-6	1,212778E-8	1,595491E-1	6,582443E-3
8,616000E+2	1,884997E-6	1,017022E-8	1,731315E-1	4,422187E-3
8,617000E+2	1,928909E-6	8,617113E-9	1,690380E-1	7,032725E-3
8,618000E+2	1,913205E-6	1,225338E-8	1,665921E-1	6,080435E-3
8,619000E+2	1,918045E-6	1,297622E-8	1,811181E-1	6,031568E-3
8,620000E+2	1,963799E-6	1,057274E-8	1,851978E-1	6,220520E-3
8,621000E+2	1,969793E-6	8,301071E-9	1,937901E-1	5,056110E-3
8,622000E+2	1,984988E-6	1,232992E-8	2,040064E-1	4,262577E-3
8,623000E+2	1,992903E-6	9,288626E-9	2,041780E-1	5,182191E-3
8,624000E+2	2,000441E-6	8,981702E-9	2,088973E-1	4,656771E-3
8,625000E+2	2,036690E-6	1,133001E-8	2,167487E-1	5,193717E-3
8,626000E+2	2,054089E-6	1,095238E-8	2,131405E-1	2,321618E-3
8,627000E+2	2,063971E-6	1,121604E-8	2,208468E-1	4,268278E-3
8,628000E+2	2,096416E-6	1,059857E-8	2,190656E-1	4,032461E-3
8,629000E+2	2,098125E-6	1,024157E-8	2,261631E-1	6,319126E-3
8,630000E+2	2,125745E-6	7,059726E-9	2,358771E-1	4,650416E-3
8,631000E+2	2,147321E-6	9,767411E-9	2,427949E-1	4,362485E-3
8,632000E+2	2,176715E-6	1,191269E-8	2,265950E-1	1,354995E-2
8,633000E+2	2,179695E-6	1,704439E-8	2,520880E-1	6,789734E-3
8,634000E+2	2,224669E-6	1,186141E-8	2,518014E-1	7,074172E-3
8,635000E+2	2,249203E-6	1,285645E-8	2,555452E-1	8,390968E-3
8,636000E+2	2,228204E-6	1,917412E-8	2,568723E-1	6,230263E-3
8,637000E+2	2,267664E-6	1,157682E-8	2,346649E-1	6,972693E-3
8,638000E+2	2,268337E-6	1,184421E-8	2,268946E-1	7,620835E-3
8,639000E+2	2,332973E-6	1,572233E-8	2,382354E-1	5,121113E-3
8,640000E+2	2,336590E-6	1,183681E-8	2,463224E-1	4,677019E-3
8,641000E+2	2,375479E-6	1,180752E-8	2,506975E-1	5,391540E-3
8,642000E+2	2,397072E-6	1,534595E-8	2,594412E-1	4,473272E-3
8,643000E+2	2,441098E-6	1,379513E-8	2,764587E-1	8,210664E-3
8,644000E+2	2,425440E-6	9,612953E-9	2,709856E-1	4,577250E-3
8,645000E+2	2,453549E-6	8,684944E-9	2,761400E-1	1,826847E-3
8,646000E+2	2,512581E-6	7,237190E-9	2,850011E-1	5,315155E-3
8,647000E+2	2,506065E-6	1,056147E-8	2,951324E-1	5,273745E-3
8,648000E+2	2,543353E-6	9,742957E-9	2,935872E-1	4,571241E-3
8,649000E+2	2,533583E-6	9,413665E-9	3,024472E-1	5,013594E-3
8,650000E+2	2,581571E-6	9,893785E-9	3,090112E-1	3,559563E-3
8,651000E+2	2,625407E-6	8,859525E-9	3,144867E-1	2,636000E-3
8,652000E+2	2,671213E-6	1,831914E-8	3,163022E-1	5,558587E-3
8,653000E+2	2,638041E-6	1,762979E-8	3,283116E-1	8,314717E-3
8,654000E+2	2,672182E-6	1,159301E-8	3,295131E-1	7,053592E-3
8,655000E+2	2,719531E-6	1,569005E-8	3,478047E-1	5,515254E-3
8,656000E+2	2,756914E-6	1,405195E-8	3,547450E-1	3,271243E-3
8,657000E+2	2,779383E-6	1,415746E-8	3,517358E-1	3,870256E-3
8,658000E+2	2,844471E-6	2,357173E-8	3,540492E-1	4,645535E-3
8,659000E+2	2,859347E-6	1,628754E-8	3,695371E-1	5,040469E-3
8,660000E+2	2,876048E-6	1,563718E-8	3,922111E-1	7,185823E-3
8,661000E+2	2,917909E-6	2,219796E-8	3,811532E-1	5,190728E-3
8,662000E+2	2,973630E-6	1,681916E-8	3,896245E-1	4,312647E-3
8,663000E+2	3,003861E-6	1,473729E-8	3,915611E-1	4,634655E-3
8,664000E+2	3,005166E-6	1,633784E-8	3,966384E-1	1,181952E-2
8,665000E+2	3,046070E-6	1,994298E-8	4,056698E-1	5,362324E-3
8,666000E+2	3,077030E-6	9,259441E-9	4,288953E-1	5,942007E-3
8,667000E+2	3,141749E-6	1,618994E-8	4,456531E-1	2,827587E-3
8,668000E+2	3,160703E-6	9,482073E-9	4,336856E-1	6,013576E-3
8,669000E+2	3,206583E-6	2,605754E-8	4,578212E-1	4,687126E-3
8,670000E+2	3,252414E-6	2,024855E-8	4,518007E-1	8,473978E-3
8,671000E+2	3,250520E-6	1,375149E-8	4,730229E-1	2,880692E-3
8,672000E+2	3,302871E-6	9,703288E-9	4,778754E-1	3,130395E-3
8,673000E+2	3,331182E-6	8,289907E-9	4,896161E-1	3,218800E-3
8,674000E+2	3,376590E-6	1,743794E-8	4,976786E-1	4,495361E-3
8,675000E+2	3,416803E-6	2,728951E-8	5,152840E-1	8,469666E-3
8,676000E+2	3,482876E-6	2,303557E-8	4,757580E-1	8,092277E-3
8,677000E+2	3,511673E-6	2,238297E-8	4,960783E-1	9,261280E-3
8,678000E+2	3,567100E-6	1,662809E-8	5,071936E-1	6,951622E-3
8,679000E+2	3,572132E-6	1,422366E-8	5,162633E-1	4,413021E-3
8,680000E+2	3,622201E-6	1,585918E-8	5,250105E-1	4,075486E-3
8,681000E+2	3,695837E-6	1,976534E-8	5,406217E-1	5,335051E-3
8,682000E+2	3,669642E-6	2,422524E-8	5,441937E-1	3,386350E-3
8,683000E+2	3,782064E-6	1,344439E-8	5,639973E-1	5,525466E-3
8,684000E+2	3,787149E-6	1,594198E-8	5,722076E-1	6,266484E-3
8,685000E+2	3,863245E-6	2,623248E-8	5,910504E-1	4,458198E-3
8,686000E+2	3,996653E-6	7,242039E-8	5,918644E-1	8,960185E-3
8,687000E+2	4,349280E-6	3,913479E-7	6,086412E-1	6,093784E-3
8,688000E+2	4,043887E-6	2,883703E-8	6,302962E-1	4,984723E-3
8,689000E+2	4,059404E-6	2,863149E-8	6,464202E-1	3,864743E-3
8,690000E+2	4,145978E-6	1,751338E-8	6,599542E-1	5,577552E-3
8,691000E+2	4,176280E-6	2,668905E-8	6,694762E-1	5,408239E-3
8,692000E+2	4,235728E-6	1,841138E-8	6,873169E-1	5,990970E-3
8,693000E+2	4,248128E-6	2,064411E-8	6,920644E-1	6,131257E-3
8,694000E+2	4,415193E-6	1,716159E-8	7,169942E-1	5,695930E-3
8,695000E+2	4,392631E-6	3,019647E-8	7,255098E-1	5,120053E-3
8,696000E+2	4,429660E-6	1,864464E-8	7,446776E-1	4,586115E-3
8,697000E+2	4,508978E-6	1,765010E-8	7,582311E-1	3,644649E-3
8,698000E+2	4,533079E-6	1,610249E-8	7,850187E-1	4,517322E-3
8,699000E+2	4,586083E-6	1,738924E-8	7,811791E-1	3,242695E-3
8,700000E+2	4,654630E-6	1,367615E-8	8,050432E-1	5,478669E-3
