Frequenz (Hz), Amplitude (V), FehlerAmp (V), Phase, FehlerPhase8,541000E+2	1,308662E-6	1,720486E-7	5,001021E-2	4,614581E-2
8,543000E+2	1,169546E-6	1,389225E-8	1,411586E-2	1,134986E-2
8,545000E+2	1,189881E-6	1,139977E-8	1,364817E-2	1,431700E-2
8,547000E+2	1,199004E-6	2,122526E-8	2,390342E-2	1,674368E-2
8,549000E+2	1,229244E-6	4,076475E-8	1,822626E-2	4,082282E-2
8,551000E+2	1,372487E-6	9,472554E-8	-1,537106E-2	9,284417E-2
8,553000E+2	1,769740E-6	1,831048E-7	-5,030411E-1	3,602457E-1
8,555000E+2	1,887679E-6	2,003011E-7	-3,703580E-1	2,353573E-1
8,557000E+2	1,814145E-6	1,886369E-7	1,055026E+0	2,792026E-1
8,559000E+2	2,046809E-6	1,980582E-7	3,898182E-1	2,923635E-1
8,561000E+2	1,812008E-6	1,668605E-7	1,290431E-1	2,468999E-1
8,563000E+2	1,624976E-6	1,483583E-7	3,339048E-2	1,875918E-1
8,565000E+2	1,327414E-6	1,047560E-7	7,158488E-2	8,982431E-2
8,567000E+2	1,354932E-6	4,024304E-8	3,388400E-2	3,261779E-2
8,569000E+2	1,306012E-6	2,818012E-8	3,680831E-2	2,795396E-2
8,571000E+2	1,366656E-6	4,385843E-8	7,015833E-2	4,041606E-2
8,573000E+2	1,391092E-6	2,863263E-8	8,092519E-2	2,400854E-2
8,575000E+2	1,422619E-6	2,659727E-8	8,786424E-2	1,877279E-2
8,577000E+2	1,436083E-6	1,892723E-8	8,911139E-2	1,963676E-2
8,579000E+2	1,450501E-6	1,929916E-8	7,417724E-2	1,601827E-2
8,581000E+2	1,476462E-6	1,246880E-8	1,124163E-1	9,066409E-3
8,583000E+2	1,481510E-6	1,165171E-8	9,964150E-2	9,190812E-3
8,585000E+2	1,518133E-6	7,242898E-9	8,235884E-2	5,762779E-3
8,587000E+2	1,531237E-6	6,057517E-9	9,528438E-2	4,597206E-3
8,589000E+2	1,553935E-6	7,607127E-9	9,954340E-2	3,987002E-3
8,591000E+2	1,582730E-6	6,962619E-9	1,040864E-1	3,235225E-3
8,593000E+2	1,587747E-6	7,636290E-9	9,788229E-2	3,288383E-3
8,595000E+2	1,632228E-6	7,905995E-9	1,080306E-1	3,672122E-3
8,597000E+2	1,661961E-6	6,594747E-9	1,093737E-1	5,737089E-3
8,599000E+2	1,662167E-6	7,885081E-9	1,182949E-1	6,019059E-3
8,601000E+2	1,681547E-6	1,381075E-8	1,424964E-1	7,796783E-3
8,603000E+2	1,714556E-6	9,581094E-9	1,300431E-1	6,110890E-3
8,605000E+2	1,753132E-6	9,328496E-9	1,480725E-1	4,847221E-3
8,607000E+2	1,788107E-6	1,095131E-8	1,533412E-1	8,341359E-3
8,609000E+2	1,888657E-6	6,748421E-8	1,670513E-1	6,169833E-3
8,611000E+2	1,821948E-6	9,946575E-9	1,733502E-1	9,512028E-3
8,613000E+2	1,861376E-6	1,488181E-8	1,715559E-1	5,738923E-3
8,615000E+2	1,872289E-6	1,385996E-8	1,927802E-1	6,027294E-3
8,617000E+2	1,934988E-6	1,072342E-8	1,808398E-1	7,074141E-3
8,619000E+2	1,963012E-6	1,060538E-8	2,006524E-1	7,887504E-3
8,621000E+2	1,977408E-6	1,205512E-8	2,031740E-1	8,893215E-3
8,623000E+2	2,013232E-6	1,190668E-8	1,928910E-1	4,384540E-3
8,625000E+2	2,041536E-6	1,568095E-8	2,079410E-1	5,771733E-3
8,627000E+2	2,079918E-6	8,289583E-9	2,248271E-1	5,534239E-3
8,629000E+2	2,126083E-6	1,789842E-8	2,374397E-1	6,805324E-3
8,631000E+2	2,151229E-6	2,019367E-8	2,398273E-1	8,461712E-3
8,633000E+2	2,211045E-6	1,275065E-8	2,588378E-1	6,840300E-3
8,635000E+2	2,240054E-6	8,541106E-9	2,701206E-1	4,248856E-3
8,637000E+2	2,290951E-6	1,340240E-8	2,706184E-1	5,552126E-3
8,639000E+2	2,353552E-6	7,996516E-9	2,781153E-1	2,617799E-3
8,641000E+2	2,402888E-6	1,107126E-8	2,935974E-1	4,732173E-3
8,643000E+2	2,406000E-6	1,155544E-8	3,027155E-1	7,033070E-3
8,645000E+2	2,480814E-6	1,178535E-8	3,218648E-1	4,536064E-3
8,647000E+2	2,512850E-6	9,544324E-9	2,991971E-1	3,252623E-3
8,649000E+2	2,584717E-6	1,108222E-8	3,082689E-1	4,154368E-3
8,651000E+2	2,654948E-6	1,262260E-8	3,196862E-1	7,320241E-3
8,653000E+2	2,737385E-6	1,422854E-8	3,281390E-1	5,743643E-3
8,655000E+2	2,763752E-6	1,184320E-8	3,377132E-1	2,787718E-3
8,657000E+2	2,807034E-6	1,104203E-8	3,587964E-1	3,525886E-3
8,659000E+2	2,881954E-6	5,272926E-9	3,786693E-1	2,934612E-3
8,661000E+2	2,920139E-6	1,236894E-8	3,894119E-1	6,812025E-3
8,663000E+2	3,009621E-6	1,391775E-8	4,050190E-1	8,128314E-3
8,665000E+2	3,045378E-6	1,601086E-8	4,165026E-1	7,562428E-3
8,667000E+2	3,149666E-6	1,338902E-8	4,467719E-1	7,595644E-3
8,669000E+2	3,229335E-6	1,979161E-8	4,563713E-1	4,457944E-3
8,671000E+2	3,296920E-6	3,030135E-8	4,738502E-1	5,626816E-3
8,673000E+2	3,354905E-6	1,432715E-8	5,062541E-1	5,912734E-3
8,675000E+2	3,466228E-6	1,757185E-8	5,207548E-1	4,753056E-3
8,677000E+2	3,520330E-6	1,854190E-8	5,357093E-1	4,040268E-3
8,679000E+2	3,650034E-6	2,495564E-8	5,561825E-1	4,692662E-3
8,681000E+2	3,743216E-6	2,592097E-8	5,530085E-1	6,406800E-3
8,683000E+2	3,787782E-6	2,232555E-8	5,754828E-1	6,493637E-3
8,685000E+2	3,892225E-6	2,153703E-8	6,023076E-1	5,597560E-3
8,687000E+2	4,016331E-6	2,365735E-8	6,206206E-1	5,618815E-3
8,689000E+2	4,183026E-6	2,126094E-8	6,404261E-1	6,358206E-3
8,691000E+2	4,235824E-6	3,673781E-8	6,751848E-1	7,001359E-3
8,693000E+2	4,345042E-6	2,818262E-8	7,224217E-1	5,255430E-3
8,695000E+2	4,400957E-6	1,712929E-8	7,415154E-1	4,818600E-3
8,697000E+2	4,530759E-6	1,409188E-8	7,805324E-1	6,250721E-3
8,699000E+2	4,628134E-6	1,629743E-8	8,054028E-1	4,700701E-3
8,701000E+2	4,750137E-6	1,755677E-8	8,466634E-1	4,923071E-3
8,703000E+2	4,812550E-6	2,051484E-8	8,769453E-1	4,799662E-3
8,705000E+2	4,964049E-6	2,476235E-8	9,153650E-1	4,635958E-3
8,707000E+2	5,077284E-6	2,757314E-8	9,641170E-1	5,573733E-3
8,709000E+2	5,170429E-6	2,231698E-8	9,936597E-1	5,899489E-3
8,711000E+2	5,256797E-6	2,086685E-8	1,011851E+0	4,493189E-3
8,713000E+2	5,320426E-6	1,568965E-8	1,056240E+0	6,298809E-3
8,715000E+2	5,440509E-6	1,802965E-8	1,098941E+0	5,042455E-3
8,717000E+2	5,535561E-6	3,054892E-8	1,151947E+0	6,172891E-3
8,719000E+2	5,602805E-6	3,986064E-8	1,187194E+0	8,736601E-3
8,721000E+2	5,689032E-6	4,734755E-8	1,248791E+0	8,873799E-3
8,723000E+2	5,680720E-6	5,506499E-8	1,293781E+0	7,600657E-3
8,725000E+2	5,690841E-6	5,439409E-8	1,339943E+0	9,933198E-3
8,727000E+2	5,719532E-6	6,197948E-8	1,391632E+0	1,067597E-2
8,729000E+2	5,727920E-6	6,988806E-8	1,451168E+0	1,256800E-2
8,731000E+2	5,685307E-6	8,424083E-8	1,507426E+0	2,078115E-2
8,733000E+2	5,521184E-6	1,476338E-7	1,570357E+0	2,447257E-2
8,735000E+2	5,602943E-6	1,366940E-7	1,556487E+0	2,639203E-2
8,737000E+2	5,560334E-6	1,019289E-7	1,673315E+0	2,412588E-2
8,739000E+2	5,583258E-6	1,667564E-7	1,688307E+0	2,935086E-2
8,741000E+2	5,477379E-6	2,444922E-7	1,710292E+0	4,669600E-2
8,743000E+2	6,222140E-6	3,826095E-7	1,703494E+0	7,516912E-2
8,745000E+2	6,179061E-6	6,009373E-7	1,815690E+0	1,383751E-1
8,747000E+2	7,361440E-6	7,437791E-7	1,010429E+0	3,861762E-1
8,749000E+2	1,030891E-5	7,216495E-7	1,295824E+0	3,899252E-1
8,751000E+2	8,196156E-6	7,840280E-7	1,094062E+0	3,779148E-1
8,753000E+2	7,216707E-6	5,737208E-7	1,648799E+0	2,480405E-1
8,755000E+2	5,848869E-6	6,639489E-7	1,680753E+0	2,827426E-1
8,757000E+2	5,419287E-6	4,966127E-7	2,008810E+0	1,024318E-1
8,759000E+2	3,151987E-6	1,600953E-7	2,064200E+0	9,368798E-2
8,761000E+2	4,583534E-6	1,710993E-7	2,118190E+0	4,620557E-2
8,763000E+2	4,364151E-6	8,386976E-8	2,005839E+0	8,931720E-3
8,765000E+2	4,337705E-6	9,536526E-8	2,201373E+0	2,379361E-2
8,767000E+2	4,249048E-6	8,583224E-8	2,204775E+0	2,334733E-2
8,769000E+2	4,154065E-6	8,187132E-8	2,234763E+0	2,109354E-2
8,771000E+2	4,077354E-6	7,075419E-8	2,239207E+0	1,939841E-2
8,773000E+2	3,908155E-6	5,542521E-8	2,256202E+0	1,457889E-2
8,775000E+2	3,839023E-6	4,084351E-8	2,275165E+0	1,390208E-2
8,777000E+2	3,766620E-6	4,747076E-8	2,290636E+0	1,582286E-2
8,779000E+2	3,646192E-6	4,126585E-8	2,298262E+0	1,338307E-2
8,781000E+2	3,596172E-6	3,246008E-8	2,338060E+0	1,110186E-2
8,783000E+2	3,474687E-6	3,036729E-8	2,348262E+0	1,009969E-2
8,785000E+2	3,447990E-6	2,838616E-8	2,378788E+0	8,616318E-3
8,787000E+2	3,402036E-6	2,644569E-8	2,394453E+0	8,370341E-3
8,789000E+2	3,290332E-6	2,920756E-8	2,413736E+0	7,505062E-3
8,791000E+2	3,222715E-6	1,627870E-8	2,436116E+0	6,875841E-3
8,793000E+2	3,250273E-6	1,375301E-8	2,440914E+0	5,193811E-3
8,795000E+2	3,083785E-6	1,803410E-8	2,453775E+0	9,280915E-3
8,797000E+2	3,004747E-6	1,416332E-8	2,432109E+0	6,288261E-3
8,799000E+2	2,978245E-6	1,418353E-8	2,453764E+0	5,726891E-3
8,801000E+2	2,906570E-6	1,323376E-8	2,480782E+0	5,466483E-3
8,803000E+2	2,844018E-6	1,377780E-8	2,487404E+0	4,928984E-3
8,805000E+2	2,776878E-6	2,075282E-8	2,516846E+0	7,495529E-3
8,807000E+2	2,765642E-6	1,308862E-8	2,523106E+0	5,089821E-3
8,809000E+2	2,682728E-6	1,445415E-8	2,522342E+0	6,309408E-3
8,811000E+2	2,622655E-6	1,237677E-8	2,538832E+0	5,869988E-3
8,813000E+2	2,579055E-6	1,563666E-8	2,556137E+0	4,614914E-3
8,815000E+2	2,542117E-6	8,640534E-9	2,548921E+0	5,498588E-3
8,817000E+2	2,489816E-6	1,091793E-8	2,534035E+0	4,146549E-3
8,819000E+2	2,441363E-6	1,204738E-8	2,542630E+0	4,842580E-3
8,821000E+2	2,401974E-6	1,232674E-8	2,560696E+0	4,578705E-3
8,823000E+2	2,352990E-6	7,755830E-9	2,572941E+0	6,353411E-3
8,825000E+2	2,309470E-6	1,086533E-8	2,582390E+0	6,565859E-3
8,827000E+2	2,289635E-6	9,297040E-9	2,597208E+0	3,587314E-3
8,829000E+2	2,243203E-6	6,898448E-9	2,596625E+0	4,348515E-3
8,831000E+2	2,213892E-6	1,101155E-8	2,611271E+0	4,468394E-3
8,833000E+2	2,205271E-6	1,013457E-8	2,614954E+0	6,176981E-3
8,835000E+2	2,153481E-6	8,769395E-9	2,628163E+0	4,364132E-3
8,837000E+2	2,119180E-6	9,443328E-9	2,637159E+0	3,958053E-3
8,839000E+2	2,096435E-6	8,944461E-9	2,638074E+0	4,928345E-3
8,841000E+2	2,073004E-6	6,923981E-9	2,652287E+0	4,407512E-3
8,843000E+2	2,019112E-6	1,059115E-8	2,657516E+0	3,196636E-3
8,845000E+2	2,024670E-6	1,182073E-8	2,665753E+0	4,731503E-3
8,847000E+2	1,967590E-6	1,348580E-8	2,670789E+0	5,001758E-3
8,849000E+2	1,949152E-6	9,777363E-9	2,675197E+0	4,731275E-3
8,851000E+2	1,930293E-6	8,862704E-9	2,674149E+0	4,238801E-3
8,853000E+2	1,885712E-6	9,823569E-9	2,680924E+0	6,248792E-3
8,855000E+2	1,877419E-6	8,725121E-9	2,698832E+0	5,277964E-3
8,857000E+2	1,851345E-6	1,952212E-8	2,686068E+0	9,849646E-3
8,859000E+2	1,827117E-6	9,009495E-9	2,708467E+0	4,184143E-3
8,861000E+2	1,816144E-6	1,696195E-8	2,687607E+0	9,917025E-3
8,863000E+2	1,781257E-6	1,158548E-8	2,692197E+0	5,414651E-3
8,865000E+2	1,755014E-6	1,158610E-8	2,703842E+0	6,396470E-3
8,867000E+2	1,741448E-6	1,135604E-8	2,710943E+0	8,923715E-3
8,869000E+2	1,722409E-6	1,182531E-8	2,720645E+0	6,187535E-3
8,871000E+2	1,680902E-6	1,178339E-8	2,710344E+0	5,639058E-3
8,873000E+2	1,700752E-6	7,596402E-9	2,730076E+0	4,722299E-3
8,875000E+2	1,655047E-6	8,396524E-9	2,723471E+0	5,258660E-3
8,877000E+2	1,646707E-6	9,502986E-9	2,741964E+0	5,674221E-3
8,879000E+2	1,626221E-6	7,310802E-9	2,740102E+0	4,961165E-3
8,881000E+2	1,603301E-6	7,504302E-9	2,734087E+0	6,470066E-3
8,883000E+2	1,586993E-6	9,146290E-9	2,740520E+0	6,967493E-3
8,885000E+2	1,571330E-6	5,899353E-9	2,717452E+0	6,419432E-3
8,887000E+2	1,548886E-6	6,855759E-9	2,736584E+0	6,630401E-3
8,889000E+2	1,523166E-6	5,832396E-9	2,728414E+0	5,794805E-3
8,891000E+2	1,501202E-6	9,299732E-9	2,742845E+0	8,384227E-3
8,893000E+2	1,528061E-6	3,292817E-8	2,726306E+0	1,242152E-2
8,895000E+2	1,480720E-6	1,032059E-8	2,749850E+0	5,580764E-3
8,897000E+2	1,472243E-6	9,503757E-9	2,764522E+0	4,762741E-3
8,899000E+2	1,456287E-6	1,075702E-8	2,758276E+0	7,602169E-3
8,901000E+2	1,445800E-6	7,549130E-9	2,773166E+0	4,946638E-3
