Frequenz (Hz), Amplitude (V), FehlerAmp (V), Phase, FehlerPhase8,660000E+2	1,923835E-6	3,473849E-8	4,596444E-1	7,236654E-3
8,665000E+2	1,950815E-6	2,825798E-8	5,147287E-1	9,629609E-3
8,670000E+2	2,134930E-6	1,650850E-8	5,851528E-1	1,040469E-2
8,675000E+2	2,361842E-6	1,912739E-8	6,697211E-1	9,289096E-3
8,680000E+2	2,446757E-6	3,071959E-8	7,218088E-1	7,410359E-3
8,685000E+2	2,726533E-6	4,707363E-8	8,281373E-1	1,531027E-2
8,690000E+2	2,947165E-6	1,145705E-8	9,708791E-1	4,032707E-3
8,695000E+2	3,135578E-6	3,979196E-8	1,115342E+0	2,228603E-2
8,700000E+2	3,949525E-6	8,690891E-8	1,319152E+0	1,721522E-2
8,705000E+2	4,807803E-6	9,060413E-9	1,369228E+0	6,336009E-3
8,710000E+2	5,027090E-6	1,635277E-8	1,504486E+0	1,595053E-2
8,715000E+2	4,837729E-6	1,864934E-8	1,654186E+0	1,945250E-2
8,720000E+2	4,673001E-6	2,740308E-8	1,753255E+0	7,915709E-3
8,725000E+2	4,648378E-6	9,910692E-8	1,908811E+0	2,557524E-2
8,730000E+2	4,088270E-6	1,305959E-7	1,985502E+0	2,517829E-2
8,735000E+2	4,442711E-6	1,220272E-7	1,999310E+0	4,364792E-2
8,740000E+2	2,210687E-6	1,635723E-7	2,147343E+0	4,765773E-2
8,745000E+2	3,500759E-6	2,813720E-7	2,262818E+0	1,204185E-1
8,750000E+2	5,677333E-6	7,454584E-7	3,153926E-1	4,444851E-1
2,407000E+3	2,009668E-6	7,725265E-7	1,487644E+0	2,071319E-1
2,408000E+3	1,597742E-7	4,086520E-9	5,432923E-1	1,875612E-2
