-10 -10 -0.503974 128610
-9.9 -9.9 -0.505389 127765
-9.8 -9.8 -0.506311 127053
-9.7 -9.7 -0.507796 125392
-9.6 -9.6 -0.510073 123910
-9.5 -9.5 -0.512239 122607
-9.4 -9.4 -0.513695 121239
-9.3 -9.3 -0.515307 120296
-9.2 -9.2 -0.516507 119531
-9.1 -9.1 -0.517671 118351
-9 -9 -0.519806 116766
-8.9 -8.9 -0.522352 115359
-8.8 -8.8 -0.524233 113902
-8.7 -8.7 -0.526279 112854
-8.6 -8.6 -0.527963 111984
-8.5 -8.5 -0.529171 111292
-8.4 -8.4 -0.531058 109637
-8.3 -8.3 -0.533792 108122
-8.2 -8.2 -0.536401 106785
-8.1 -8.1 -0.538282 105414
-8 -8 -0.540235 104435
-7.9 -7.9 -0.541751 103634
-7.8 -7.8 -0.54312 102505
-7.7 -7.7 -0.545326 100888
-7.6 -7.6 -0.547945 99448.9
-7.5 -7.5 -0.549802 97991.6
-7.4 -7.4 -0.551815 96910.1
-7.3 -7.3 -0.553475 96006
-7.2 -7.2 -0.554721 95279.3
-7.1 -7.1 -0.556713 93695.4
-7 -7 -0.559647 92168.1
-6.9 -6.9 -0.56251 90818.2
-6.8 -6.8 -0.564603 89467.1
-6.7 -6.7 -0.566833 88474
-6.6 -6.6 -0.56862 87657.8
-6.5 -6.5 -0.57045 86605.1
-6.4 -6.4 -0.573365 84992.3
-6.3 -6.3 -0.576757 83556.6
-6.2 -6.2 -0.579337 82134.4
-6.1 -6.1 -0.581997 81054.9
-6 -6 -0.584232 80152.1
-5.9 -5.9 -0.58601 79426
-5.8 -5.8 -0.588055 77912.8
-5.7 -5.7 -0.590947 76369.8
-5.6 -5.6 -0.593778 75003.5
-5.5 -5.5 -0.595711 73667.6
-5.4 -5.4 -0.597818 72656.6
-5.3 -5.3 -0.599613 71822.1
-5.2 -5.2 -0.601487 70817.4
-5.1 -5.1 -0.604577 69131.2
-5 -5 -0.608253 67621.3
-4.9 -4.9 -0.611089 66156.5
-4.8 -4.8 -0.614048 65001.6
-4.7 -4.7 -0.616592 64022.7
-4.6 -4.6 -0.61881 63219.7
-4.5 -4.5 -0.622136 61669.3
-4.4 -4.4 -0.626754 59989.8
-4.3 -4.3 -0.631357 58486.3
-4.2 -4.2 -0.634929 57045.9
-4.1 -4.1 -0.638526 55896.6
-4 -4 -0.641679 54923
-3.9 -3.9 -0.644589 53857.6
-3.8 -3.8 -0.64802 51995.5
-3.7 -3.7 -0.651958 50309
-3.6 -3.6 -0.655455 48798.1
-3.5 -3.5 -0.657905 47369.4
-3.4 -3.4 -0.660557 46212.1
-3.3 -3.3 -0.66315 45230.2
-3.2 -3.2 -0.667227 43567.2
-3.1 -3.1 -0.672763 41676.2
-3 -3 -0.678152 39960.5
-2.9 -2.9 -0.682355 38344.5
-2.8 -2.8 -0.686536 36982.1
-2.7 -2.7 -0.690241 35794.6
-2.6 -2.6 -0.694437 34598.4
-2.5 -2.5 -0.701763 32483.4
-2.4 -2.4 -0.709672 30543.3
-2.3 -2.3 -0.717025 28778.2
-2.2 -2.2 -0.723061 27134.7
-2.1 -2.1 -0.728979 25722.3
-2 -2 -0.734699 24484.5
-1.9 -1.9 -0.741661 22697.7
-1.8 -1.8 -0.749782 20618.7
-1.7 -1.7 -0.757532 18714.4
-1.6 -1.6 -0.763805 16951.4
-1.5 -1.5 -0.77024 15399.3
-1.4 -1.4 -0.776457 14021.5
-1.3 -1.3 -0.783983 12757.2
-1.2 -1.2 -0.800563 10883.4
-1.1 -1.1 -0.818194 9183.83
-1 -1 -0.835806 7658.55
-0.9 -0.9 -0.852462 6295.25
-0.8 -0.8 -0.86997 5120.83
-0.7 -0.7 -0.888446 4120.34
-0.6 -0.6 -0.915565 3130.84
-0.5 -0.5 -0.953485 2174.19
-0.4 -0.4 -0.996795 1391.48
-0.3 -0.3 -1.04546 781.181
-0.2 -0.2 -1.10485 347.191
-0.1 -0.1 -1.18411 86.7979
-1.87905e-14 -1.87905e-14 -1.315 7.28636e-24
0.1 0.1 -1.18412 86.7979
0.2 0.2 -1.10489 347.191
0.3 0.3 -1.04552 781.181
0.4 0.4 -0.996905 1391.48
0.5 0.5 -0.953589 2174.19
0.6 0.6 -0.915696 3130.84
0.7 0.7 -0.888596 4120.34
0.8 0.8 -0.870199 5120.83
0.9 0.9 -0.85267 6295.25
1 1 -0.836004 7658.56
1.1 1.1 -0.818353 9183.83
1.2 1.2 -0.800774 10883.4
1.3 1.3 -0.78418 12757.2
1.4 1.4 -0.776732 14021.5
1.5 1.5 -0.770611 15399.3
1.6 1.6 -0.764215 16951.4
1.7 1.7 -0.757918 18714.4
1.8 1.8 -0.750103 20618.8
1.9 1.9 -0.741938 22697.7
2 2 -0.734911 24484.5
2.1 2.1 -0.72923 25722.3
2.2 2.2 -0.723364 27134.7
2.3 2.3 -0.717346 28778.2
2.4 2.4 -0.709974 30543.3
2.5 2.5 -0.702076 32483.4
2.6 2.6 -0.694689 34598.4
2.7 2.7 -0.690497 35794.6
2.8 2.8 -0.686907 36982.1
2.9 2.9 -0.682825 38344.5
3 3 -0.678629 39960.5
3.1 3.1 -0.673209 41676.2
3.2 3.2 -0.667685 43567.2
3.3 3.3 -0.663544 45230.2
3.4 3.4 -0.660973 46212.1
3.5 3.5 -0.658372 47369.4
3.6 3.6 -0.655933 48798.1
3.7 3.7 -0.652439 50309
3.8 3.8 -0.648529 51995.5
3.9 3.9 -0.64502 53857.6
4 4 -0.642114 54923
4.1 4.1 -0.639033 55896.6
4.2 4.2 -0.635474 57045.9
4.3 4.3 -0.631947 58486.3
4.4 4.4 -0.627312 59989.8
4.5 4.5 -0.622713 61669.3
4.6 4.6 -0.61932 63219.7
4.7 4.7 -0.617169 64022.7
4.8 4.8 -0.614688 65001.6
4.9 4.9 -0.611744 66156.6
5 5 -0.608892 67621.3
5.1 5.1 -0.605165 69131.2
5.2 5.2 -0.601973 70817.5
5.3 5.3 -0.600068 71822.1
5.4 5.4 -0.598366 72656.7
5.5 5.5 -0.596278 73667.6
5.6 5.6 -0.594334 75003.6
5.7 5.7 -0.591484 76369.9
5.8 5.8 -0.588597 77912.8
5.9 5.9 -0.586482 79426
6 6 -0.584727 80152.2
6.1 6.1 -0.582536 81055
6.2 6.2 -0.579904 82134.4
6.3 6.3 -0.577325 83556.7
6.4 6.4 -0.57393 84992.4
6.5 6.5 -0.570938 86605.1
6.6 6.6 -0.569098 87657.9
6.7 6.7 -0.567311 88474
6.8 6.8 -0.565092 89467.2
6.9 6.9 -0.563002 90818.2
7 7 -0.560109 92168.2
7.1 7.1 -0.557198 93695.5
7.2 7.2 -0.555097 95279.3
7.3 7.3 -0.553832 96006.1
7.4 7.4 -0.552189 96910.2
7.5 7.5 -0.550209 97991.6
7.6 7.6 -0.548361 99448.9
7.7 7.7 -0.545753 100888
7.8 7.8 -0.543508 102505
7.9 7.9 -0.542131 103634
8 8 -0.540617 104435
8.1 8.1 -0.538666 105414
8.2 8.2 -0.536855 106785
8.3 8.3 -0.534228 108122
8.4 8.4 -0.531512 109637
8.5 8.5 -0.529495 111292
8.6 8.6 -0.528298 111984
8.7 8.7 -0.526675 112854
8.8 8.8 -0.524695 113902
8.9 8.9 -0.522797 115359
9 9 -0.520217 116766
9.1 9.1 -0.518005 118351
9.2 9.2 -0.516781 119531
9.3 9.3 -0.515602 120296
9.4 9.4 -0.514036 121239
9.5 9.5 -0.512559 122607
9.6 9.6 -0.510398 123910
9.7 9.7 -0.508161 125392
9.8 9.8 -0.506521 127053
9.9 9.9 -0.505616 127765
10 10 -0.504258 128610
