28.   26.4  32.   40.   33.4  25.6   7.8  40.   13.4  27.6  25.8  22.2
  31.2  40.   19.2  23.   30.6  25.6  22.8  34.   12.4  34.   22.8  19.6
  23.8  11.4  14.8  21.   34.   31.8  24.   12.2  23.4  36.   34.6  19.2
  35.6  25.4  40.   40.   40.   40.   21.6  15.4  16.2  12.   29.2  20.6
  33.6  28.6  40.   40.   15.2  21.   31.   40.   31.2  18.8  15.2  10.8
  40.   13.6  28.   17.   25.2  31.   28.2  30.4  14.6  15.2  31.4  13.6
  24.4  16.8  13.8  35.8  40.   29.2  19.6  40.   19.   22.8  17.8  21.
   7.2  22.2  17.   16.2  15.6  31.2  19.6  37.4  20.4  40.   15.8  21.4
  10.6  40.   14.2   5.   11.   36.2   9.8  21.   26.4  21.   38.2  10.8
  10.6  31.   23.   20.   34.2   8.8  40.   32.4  16.6  16.8  13.   37.4
   9.   40.   13.4  23.   23.   12.6  21.8  22.6  22.8  40.    1.8  30.6
  34.8  14.8  25.4  15.4  22.2  19.6  31.6  18.2  22.2  12.4  11.   17.
  39.4  22.4  19.8  33.6  25.2  11.2  33.   24.6  15.4  36.8  24.4  30.6
  13.   27.6  25.2  25.8  27.2  36.   12.2  13.2  40.   13.8  40.   26.6
  15.6  32.    2.8  40.   21.2  35.6  12.4  40.    8.6  13.4  23.4  18.4
  35.6  13.6   9.2  18.   24.   14.   30.6  14.2   7.8  31.8  21.2  25.8

