600 876176.241
601 866626.558
602 854661.458
603 841389.220
604 837438.123
605 842800.437
606 843019.432
607 832586.370
608 816834.513
609 814970.115
610 810861.428
611 807284.699
612 805771.173
613 794507.087
614 778524.679
615 774807.178
616 774440.812
617 764746.805
618 759635.374
619 780402.736
620 802595.102
621 793661.678
622 768066.669
623 759861.272
624 763546.684
625 750519.096
626 746372.696
627 753603.667
628 751514.188
629 735500.437
630 734522.584
631 749482.798
632 737155.244
633 721910.082
634 726614.469
635 723317.557
636 707285.497
637 693536.433
638 670938.508
639 656811.860
640 676629.623
641 700691.927
642 688769.901
643 661425.667
644 659194.346
645 675075.053
646 685477.902
647 668260.001
648 642187.456
649 643103.369
650 644000.838
651 632819.959
652 631166.823
653 626931.519
654 629545.130
655 640126.738
656 645059.421
657 635169.253
658 621040.306
659 608168.646
660 607611.340
661 620476.447
662 614294.025
663 611382.129
664 606404.811
665 609133.117
666 618971.094
667 607374.783
668 594009.222
669 593295.447
670 590476.489
671 579068.379
672 566149.142
673 571001.801
674 566624.375
675 550283.883
676 546083.337
677 552618.748
678 573560.126
679 579124.473
680 561764.794
681 572587.086
682 581257.346
683 566189.568
684 558487.742
685 565661.856
686 563909.894
687 557736.840
688 568259.673
689 568276.369
690 547419.902
691 536485.244
692 560696.363
693 600842.226
694 627740.796
695 635337.034
696 648514.897
697 654164.343
698 652923.323
699 663309.789
700 683282.689
701 673710.968
702 667536.570
703 692237.435
704 718030.503
705 764368.708
706 796313.986
707 805332.266
708 828830.479
709 867931.552
710 913072.407
711 957940.969
712 1045497.157
713 1145752.888
714 1208401.079
715 1269748.644
716 1342642.493
717 1424137.535
718 1509710.679
719 1581053.829
720 1655408.888
721 1694544.758
722 1702943.338
723 1731247.524
724 1784534.212
725 1841386.295
726 1884096.665
727 1861122.211
728 1808988.821
729 1838924.380
730 1882409.773
731 1859782.881
732 1809233.585
733 1746589.764
734 1672063.294
735 1603320.051
736 1524867.909
737 1431463.739
738 1367394.412
739 1267804.796
740 1194647.758
741 1159100.164
742 1091318.878
743 1035759.761
744 991999.676
745 922873.482
746 874291.036
747 822867.195
748 782476.815
749 794627.748
750 827403.848
751 859648.965
752 875783.949
753 853583.649
754 809638.912
755 825249.583
756 890013.507
757 935126.528
758 951074.487
759 1002459.227
760 1061246.586
761 1105248.403
762 1141582.517
763 1183611.763
764 1247033.978
765 1357194.995
766 1485591.649
767 1584950.771
768 1680656.193
769 1782950.746
770 1922129.259
771 2065546.560
772 2204371.478
773 2347392.840
774 2511976.471
775 2702092.196
776 2898923.840
777 3058098.227
778 3201456.179
779 3302245.519
780 3392130.067
781 3496621.644
782 3518099.071
783 3481308.166
784 3514035.748
785 3549551.635
786 3483107.645
787 3413307.593
788 3341473.297
789 3169214.572
790 2923370.233
791 2711160.095
792 2551398.971
793 2412046.676
794 2258797.022
795 2076077.823
796 1864229.890
797 1723561.036
798 1639823.072
799 1533152.809
800 1416754.058
801 1343620.630
802 1286420.335
803 1228593.982
804 1211183.382
805 1230006.344
806 1220424.677
807 1192764.190
808 1209015.692
809 1258730.992
810 1292024.897
811 1315514.216
812 1347601.758
813 1402388.331
814 1482345.741
815 1590689.799
816 1685265.310
817 1748744.084
818 1811251.928
819 1881231.649
820 2015265.056
821 2188726.956
822 2347817.158
823 2466938.470
824 2583760.698
825 2729390.652
826 2900883.141
827 3066535.971
828 3183212.952
829 3235428.893
830 3306975.602
831 3406903.889
832 3406142.562
833 3357515.432
834 3350961.308
835 3263731.000
836 3087246.319
837 2902275.074
838 2736763.077
839 2602406.140
840 2428583.072
841 2182441.688
842 1954011.798
843 1768513.215
844 1583779.752
845 1422813.224
846 1313990.442
847 1192071.222
848 1077451.379
849 998717.727
850 950192.082
851 879269.261
852 824006.079
853 826002.354
854 804835.904
855 780933.546
856 779359.100
857 751238.385
858 719958.220
859 726603.426
860 730225.825
861 704197.237
862 659693.485
863 636822.392
864 613305.781
865 589021.477
866 571738.305
867 547713.090
868 552521.659
869 557205.838
870 528739.456
871 540929.340
872 563872.320
873 565515.225
874 580896.887
875 583946.137
876 550983.808
877 507096.731
878 479592.742
879 471708.674
880 482726.364
881 478716.646
882 472914.360
883 486944.342
884 461122.432
885 448608.469
886 475010.295
887 496027.749
888 480853.675
889 451548.917
890 449126.318
891 474556.723
892 471566.979
893 480220.933
894 522493.432
895 511169.326
896 492155.464
897 518621.697
898 541838.878
899 527244.859
900 483932.494
901 475470.638
902 523666.146
903 558838.875
904 555694.684
905 561499.432
906 601683.977
907 631071.182
908 658955.908
909 653852.019
910 658980.378
911 692942.852
912 721820.305
913 748856.607
914 813344.624
915 912296.228
916 1026387.287
917 1116832.675
918 1201554.265
919 1355469.929
920 1523159.544
921 1652438.985
922 1882103.131
923 2208781.859
924 2490567.049
925 2741023.583
926 3023771.341
927 3340255.208
928 3669489.067
929 3955745.803
930 4171380.304
931 4391185.457
932 4617594.152
933 4783020.277
934 4873642.725
935 4854855.388
936 4741892.159
937 4598709.933
938 4378461.607
939 4101710.078
940 3832543.243
941 3561999.003
942 3284318.258
943 2973814.910
944 2639449.863
945 2342875.021
946 2129873.289
947 2020369.575
948 1914860.786
949 1808998.831
950 1787606.621
951 1848890.068
952 1966362.084
953 2055567.584
954 2144926.483
955 2264649.697
956 2374510.145
957 2570756.744
958 2843747.416
959 3141432.082
960 3437479.663
961 3773407.085
962 4153183.272
963 4561277.151
964 5094712.648
965 5719952.694
966 6290139.217
967 6792729.148
968 7229512.421
969 7579625.969
970 7899262.726
971 8191321.629
972 8313383.615
973 8219068.623
974 8030232.591
975 7704508.461
976 7199143.175
977 6651950.676
978 6108369.909
979 5528039.820
980 4953155.355
981 4477628.463
982 4082555.092
983 3645569.194
984 3204260.720
985 2872589.623
986 2729020.857
987 2680413.377
988 2617370.140
989 2574323.103
990 2594492.226
991 2642124.467
992 2700365.789
993 2798485.154
994 2938019.525
995 3059319.867
996 3237181.145
997 3464307.328
998 3713867.382
999 3967073.276
1000 4236262.983
1001 4563637.472
1002 4931231.718
1003 5289977.692
1004 5635823.372
1005 5883010.731
1006 5997703.749
1007 6046285.403
1008 6014217.672
1009 5904260.537
1010 5674653.980
1011 5343529.983
1012 4987172.531
1013 4580239.608
1014 4143596.199
1015 3781390.293
1016 3386912.878
1017 2957219.941
1018 2594625.475
1019 2319355.470
1020 2120186.918
1021 1931668.813
1022 1783376.149
1023 1709601.922
1024 1632569.129
1025 1548560.766
1026 1449348.832
1027 1341847.328
1028 1248070.253
1029 1143523.609
1030 1039388.398
1031 978971.625
1032 946826.293
1033 871613.409
1034 808929.977
1035 783395.007
1036 744061.506
1037 709663.483
1038 717147.950
1039 709725.916
1040 653478.394
1041 644237.397
1042 651489.939
1043 625105.035
1044 636632.700
1045 645758.951
1046 627816.805
1047 611482.282
1048 583782.399
1049 565797.178
1050 581288.639
1051 602651.803
1052 588714.694
1053 582274.335
1054 602611.749
1055 631851.963
1056 651989.002
1057 640405.893
1058 597197.663
1059 601332.340
1060 612789.954
1061 629434.534
1062 638429.110
1063 633286.715
1064 658081.379
1065 706837.136
1066 760911.020
1067 792828.063
1068 877638.302
1069 980610.772
1070 1053828.509
1071 1186848.550
1072 1399471.933
1073 1613358.696
1074 1863715.878
1075 2256603.519
1076 2660952.658
1077 3017800.337
1078 3474013.597
1079 4019117.481
1080 4607049.030
1081 5182672.289
1082 5604473.301
1083 5934953.111
1084 6281162.763
1085 6502943.303
1086 6551609.778
1087 6440178.234
1088 6120219.718
1089 5739959.278
1090 5357338.962
1091 4917658.819
1092 4547639.898
1093 4214215.250
1094 3849032.923
1095 3556199.968
1096 3322105.438
1097 3126525.383
1098 3069344.856
1099 3109470.908
1100 3198007.593
1101 3306116.964
1102 3419684.074
1103 3612034.978
1104 3894858.731
1105 4297188.386
1106 4823024.999
1107 5455471.626
1108 6205196.323
1109 7090247.145
1110 8020938.150
1111 8834880.893
1112 9573760.433
1113 10221789.327
1114 10689582.132
1115 10984647.407
1116 11019007.210
1117 10835839.599
1118 10435273.133
1119 9763121.372
1120 8905955.374
1121 8057265.700
1122 7223074.408
1123 6407639.059
1124 5679319.713
1125 5061751.430
1126 4581813.271
1127 4229480.296
1128 3963576.567
1129 3793108.143
1130 3705358.087
1131 3652156.459
1132 3647456.321
1133 3691809.734
1134 3772845.760
1135 3985837.461
1136 4290509.898
1137 4594701.132
1138 4975682.227
1139 5473131.244
1140 5946250.244
1141 6352285.290
1142 6751994.444
1143 7126904.769
1144 7374742.325
1145 7384446.175
1146 7206534.381
1147 6915417.005
1148 6466252.110
1149 5993183.757
1150 5567294.008
1151 5082257.925
1152 4544560.570
1153 4035568.005
1154 3646374.290
1155 3348006.489
1156 3029191.662
1157 2744500.871
1158 2533143.177
1159 2368282.641
1160 2157118.324
1161 1907930.287
1162 1772607.591
1163 1677042.297
1164 1551684.464
1165 1420303.153
1166 1295228.425
1167 1210077.338
1168 1135329.953
1169 1040815.329
1170 963017.525
1171 904453.600
1172 838372.614
1173 733710.624
1174 656859.689
1175 657566.868
1176 659673.216
1177 641291.794
1178 619871.656
1179 588591.862
1180 578248.466
1181 587561.526
1182 564101.097
1183 538156.235
1184 530168.996
1185 493031.435
1186 503713.606
1187 541611.564
1188 521257.363
1189 490703.057
1190 513470.698
1191 579447.340
1192 603821.035
1193 604931.836
1194 642216.794
1195 731421.961
1196 819677.387
1197 899647.123
1198 1061062.220
1199 1315226.726
1200 1607440.691
1201 1959297.165
1202 2379283.195
1203 2947529.829
1204 3642403.115
1205 4334155.099
1206 4999872.829
1207 5613914.350
1208 6137494.707
1209 6517963.947
1210 6741200.113
1211 6862882.249
1212 6838210.400
1213 6638300.607
1214 6278894.914
1215 5838928.363
1216 5445631.995
1217 5068754.851
1218 4684063.972
1219 4407440.397
1220 4256979.165
1221 4134839.316
1222 4058768.888
1223 4121233.918
1224 4253110.443
1225 4446976.500
1226 4791790.125
1227 5275007.353
1228 5876193.219
1229 6675429.757
1230 7640378.001
1231 8713906.484
1232 9803343.737
1233 10763195.794
1234 11461367.184
1235 11844396.689
1236 12014726.338
1237 11982127.412
1238 11642962.687
1239 11093572.694
1240 10408923.708
1241 9483415.758
1242 8393421.368
1243 7441405.565
1244 6714748.874
1245 6138443.318
1246 5686291.922
1247 5365207.708
1248 5112767.699
1249 4941643.916
1250 4850771.381
1251 4723669.113
1252 4627024.132
1253 4729201.458
1254 5004129.109
1255 5338401.102
1256 5753182.455
1257 6315539.183
1258 6867477.304
1259 7238675.830
1260 7510375.278
1261 7726125.160
1262 7772703.490
1263 7643991.779
1264 7409851.040
1265 7038787.284
1266 6543088.020
1267 6013933.259
1268 5526800.009
1269 5073581.279
1270 4669594.076
1271 4347265.407
1272 4043405.279
1273 3733524.696
1274 3396592.664
1275 3134190.186
1276 2923188.267
1277 2653007.909
1278 2404070.115
1279 2197068.885
1280 1986140.221
1281 1779598.122
1282 1608075.588
1283 1477211.619
1284 1363666.211
1285 1243714.362
1286 1122391.070
1287 1002087.330
1288 879261.137
1289 788174.487
1290 734669.373
1291 702962.790
1292 657001.728
1293 579886.182
1294 517740.142
1295 498938.598
1296 473731.542
1297 439815.963
1298 453596.849
1299 492715.189
1300 481609.971
1301 459450.181
1302 475508.805
1303 514433.830
1304 578357.240
1305 635586.020
1306 646761.154
1307 669312.625
1308 769647.416
1309 1006426.508
1310 1352982.883
1311 1730720.521
1312 2173605.404
1313 2749775.510
1314 3440456.819
1315 4205030.309
1316 4977707.958
1317 5634749.744
1318 6177053.642
1319 6587897.629
1320 6741412.681
1321 6762228.773
1322 6722665.879
1323 6556760.974
1324 6286273.031
1325 6071332.022
1326 5864704.920
1327 5646550.697
1328 5464871.325
1329 5336859.774
1330 5336331.014
1331 5437385.016
1332 5578026.748
1333 5829595.180
1334 6263259.281
1335 6900352.017
1336 7708061.857
1337 8719157.767
1338 9843740.215
1339 10810236.165
1340 11530240.085
1341 11958013.689
1342 12086729.943
1343 12014180.809
1344 11740835.754
1345 11310342.740
1346 10799287.980
1347 10138296.188
1348 9383302.576
1349 8694094.605
1350 8115343.239
1351 7589107.938
1352 7124860.164
1353 6719868.876
1354 6320546.036
1355 5963840.104
1356 5754113.040
1357 5659706.803
1358 5674990.351
1359 5793689.646
1360 6027753.644
1361 6388401.304
1362 6874608.585
1363 7325523.944
1364 7591216.339
1365 7772463.228
1366 7858556.567
1367 7781953.814
1368 7515007.426
1369 7188277.859
1370 6843833.070
1371 6517515.014
1372 6171903.149
1373 5831447.430
1374 5498618.812
1375 5099950.253
1376 4684544.706
1377 4332023.129
1378 3963368.475
1379 3555621.701
1380 3177430.761
1381 2855127.612
1382 2557564.207
1383 2319811.502
1384 2148010.452
1385 1924662.012
1386 1720034.137
1387 1579696.782
1388 1423862.902
1389 1236276.452
1390 1090793.387
1391 985152.662
1392 847205.233
1393 746837.053
1394 676797.080
1395 611100.267
1396 587463.571
1397 558569.947
1398 500228.351
1399 471700.738
1400 443590.065
1401 405957.288
1402 369039.363
1403 393424.246
1404 484786.894
1405 592438.265
1406 702556.314
1407 831438.000
1408 985952.280
1409 1202025.111
1410 1549928.452
1411 2024585.261
1412 2620192.497
1413 3310168.119
1414 3975346.085
1415 4607318.356
1416 5229724.891
1417 5789144.650
1418 6147936.594
1419 6348680.685
1420 6516689.882
1421 6598417.149
1422 6597019.446
1423 6609777.738
1424 6595730.986
1425 6567850.154
1426 6543927.206
1427 6581178.106
1428 6718813.319
1429 6920097.311
1430 7201584.046
1431 7651849.992
1432 8304132.616
1433 9067849.884
1434 9859247.265
1435 10573962.227
1436 11113605.739
1437 11426849.271
1438 11533789.043
1439 11515022.026
1440 11322292.692
1441 11028304.762
1442 10746039.460
1443 10473064.758
1444 10065807.631
1445 9575339.304
1446 9124156.752
1447 8701421.951
1448 8224190.878
1449 7754544.011
1450 7334848.828
1451 6950556.309
1452 6664812.432
1453 6572508.680
1454 6670317.032
1455 6816497.972
1456 6987243.982
1457 7227995.547
1458 7479999.650
1459 7603096.778
1460 7629713.917
1461 7645653.054
1462 7601165.677
1463 7422096.275
1464 7214727.839
1465 7022836.358
1466 6775723.324
1467 6411521.231
1468 6012109.071
1469 5656034.339
1470 5288642.531
1471 4908610.643
1472 4492640.672
1473 4047476.617
1474 3708754.478
1475 3385894.254
1476 2935618.946
1477 2602410.558
1478 2409351.093
1479 2137688.555
1480 1850015.949
1481 1623003.283
1482 1458272.564
1483 1301807.800
1484 1116576.002
1485 961413.180
1486 817119.346
1487 689880.514
1488 610586.698
1489 520658.912
1490 462337.173
1491 482169.500
1492 520165.910
1493 505416.424
1494 495946.062
1495 561856.847
1496 651906.802
1497 718479.952
1498 822501.321
1499 994054.939
1500 1240007.831
1501 1562622.028
1502 1989760.560
1503 2499659.459
1504 3013217.757
1505 3542467.490
1506 4134042.691
1507 4713617.398
1508 5193128.648
1509 5572789.481
1510 5893431.936
1511 6139909.556
1512 6410440.382
1513 6767915.960
1514 7034288.333
1515 7178623.549
1516 7320260.655
1517 7531007.700
1518 7794949.735
1519 8128087.810
1520 8440095.479
1521 8781746.796
1522 9268326.815
1523 9736764.093
1524 10064348.689
1525 10310387.910
1526 10467457.567
1527 10518832.222
1528 10504277.687
1529 10475548.276
1530 10439470.805
1531 10316685.590
1532 10082787.199
1533 9824047.450
1534 9547208.164
1535 9192450.412
1536 8800734.767
1537 8400690.303
1538 8019495.594
1539 7683777.717
1540 7405476.250
1541 7180968.770
1542 7034107.859
1543 6992838.596
1544 7021278.565
1545 7113667.349
1546 7185696.531
1547 7286815.698
1548 7366721.938
1549 7338332.336
1550 7258009.984
1551 7122255.471
1552 6921384.388
1553 6702329.328
1554 6415939.384
1555 6066267.151
1556 5676395.725
1557 5274186.703
1558 4845987.681
1559 4466078.759
1560 4096020.037
1561 3681538.615
1562 3270934.596
1563 2891682.081
1564 2548731.175
1565 2262735.982
1566 1984925.607
1567 1738257.158
1568 1518034.741
1569 1279034.464
1570 1071773.438
1571 907768.770
1572 732877.572
1573 597490.956
1574 579433.034
1575 535855.917
1576 451312.721
1577 395479.560
1578 407097.548
1579 464320.801
1580 500121.436
1581 557381.569
1582 696724.318
1583 824542.801
1584 963366.137
1585 1195369.444
1586 1495507.842
1587 1868900.451
1588 2343964.391
1589 2903461.784
1590 3508609.750
1591 4140761.411
1592 4739886.888
1593 5260758.304
1594 5764560.280
1595 6297670.940
1596 6814821.905
1597 7240109.299
1598 7603911.744
1599 7953975.363
1600 8274806.779
1601 8586418.115
1602 8815000.993
1603 8901117.537
1604 9000971.368
1605 9137773.110
1606 9323511.884
1607 9504683.811
1608 9635977.515
1609 9809680.616
1610 10006294.734
1611 10135366.741
1612 10168651.256
1613 10127268.398
1614 10051496.037
1615 9925206.041
1616 9703554.776
1617 9409370.611
1618 9113181.160
1619 8834911.789
1620 8489186.613
1621 8118203.245
1622 7802687.297
1623 7560770.881
1624 7375559.607
1625 7250722.584
1626 7160488.919
1627 7136560.221
1628 7129912.593
1629 7120236.641
1630 7180236.966
1631 7215022.170
1632 7140838.851
1633 7000694.109
1634 6810588.038
1635 6515225.733
1636 6173102.287
1637 5853465.791
1638 5494066.332
1639 5021175.499
1640 4621204.374
1641 4328542.541
1642 3906816.080
1643 3413285.068
1644 2996512.580
1645 2650952.691
1646 2321610.469
1647 2031225.983
1648 1745322.298
1649 1417480.476
1650 1160426.577
1651 994852.656
1652 851724.768
1653 720460.962
1654 615312.286
1655 531499.783
1656 508107.495
1657 507672.457
1658 531645.704
1659 549866.265
1660 534123.166
1661 596119.430
1662 737653.074
1663 858548.114
1664 1011739.559
1665 1254182.415
1666 1640077.685
1667 2142204.365
1668 2735001.447
1669 3390222.922
1670 4088625.771
1671 4817880.973
1672 5482072.503
1673 6118277.828
1674 6759862.912
1675 7334122.715
1676 7770743.187
1677 8166918.778
1678 8414617.429
1679 8487940.575
1680 8518557.148
1681 8577848.572
1682 8668886.765
1683 8744012.639
1684 8800496.099
1685 8965697.047
1686 9228265.124
1687 9463486.466
1688 9652843.203
1689 9776537.957
1690 9771722.595
1691 9697916.973
1692 9553627.693
1693 9388518.348
1694 9167346.274
1695 8932522.299
1696 8733410.993
1697 8484252.418
1698 8135894.379
1699 7865701.671
1700 7700427.080
1701 7520175.887
1702 7380500.360
1703 7338445.761
1704 7283036.841
1705 7225365.343
1706 7216543.001
1707 7190099.539
1708 7109766.170
1709 7042870.598
1710 6962319.019
1711 6743482.116
1712 6412812.564
1713 6053217.524
1714 5698561.651
1715 5347695.586
1716 4923910.460
1717 4419609.393
1718 3953574.992
1719 3600559.855
1720 3221466.567
1721 2756096.700
1722 2309791.817
1723 1934945.466
1724 1658353.183
1725 1414306.492
1726 1138848.904
1727 893716.918
1728 783360.017
1729 734434.674
1730 588088.346
1731 434689.477
1732 390034.497
1733 446104.823
1734 518588.854
1735 526332.979
1736 570116.569
1737 673574.981
1738 813711.556
1739 1061948.622
1740 1437997.489
1741 1900514.451
1742 2445444.787
1743 3108797.760
1744 3838818.614
1745 4593267.080
1746 5363096.368
1747 6065532.174
1748 6653813.175
1749 7148756.030
1750 7537006.881
1751 7776197.851
1752 7857453.046
1753 7843960.551
1754 7810214.934
1755 7803448.242
1756 7911723.006
1757 8099539.234
1758 8300635.414
1759 8552044.017
1760 8796207.741
1761 8971898.513
1762 9090933.490
1763 9081162.559
1764 8988366.083
1765 8916692.155
1766 8779099.345
1767 8561506.702
1768 8393662.500
1769 8248599.492
1770 8072941.158
1771 7894675.204
1772 7724765.312
1773 7508896.140
1774 7339353.822
1775 7247795.468
1776 7169836.162
1777 7051245.463
1778 6943348.905
1779 6876694.996
1780 6797267.217
1781 6684283.525
1782 6551693.347
1783 6356276.085
1784 6091075.114
1785 5793892.280
1786 5510633.401
1787 5127034.768
1788 4709059.642
1789 4328555.756
1790 3900061.313
1791 3433171.986
1792 2995643.918
1793 2591311.224
1794 2240054.985
1795 1956896.254
1796 1657349.049
1797 1314234.359
1798 1025598.140
1799 841145.317
1800 717907.779
1801 597855.386
1802 495067.960
1803 493595.292
1804 516253.139
1805 497074.221
1806 507695.225
1807 600762.801
1808 760917.565
1809 970703.095
1810 1319247.934
1811 1794604.587
1812 2261346.521
1813 2813550.167
1814 3512823.917
1815 4221863.625
1816 4908624.603
1817 5580015.128
1818 6150016.934
1819 6580867.717
1820 6836766.630
1821 6987427.787
1822 7086182.259
1823 7168483.575
1824 7259073.724
1825 7382740.649
1826 7527448.252
1827 7732873.890
1828 7909713.127
1829 8045460.731
1830 8196903.426
1831 8264112.140
1832 8227030.505
1833 8137665.607
1834 8058904.485
1835 7998679.881
1836 7884113.487
1837 7711702.950
1838 7557050.365
1839 7396600.781
1840 7212513.194
1841 6993819.301
1842 6816164.249
1843 6726990.633
1844 6644115.997
1845 6522481.831
1846 6444898.073
1847 6422797.609
1848 6353732.769
1849 6206254.331
1850 6035653.017
1851 5872688.492
1852 5666326.368
1853 5403335.198
1854 5117374.981
1855 4844494.655
1856 4541808.602
1857 4141175.145
1858 3691056.547
1859 3232965.013
1860 2860035.686
1861 2524818.649
1862 2120513.923
1863 1764579.468
1864 1483119.179
1865 1237388.891
1866 989752.374
1867 716137.331
1868 531994.405
1869 467570.169
1870 380353.133
1871 325548.737
1872 379736.358
1873 438721.300
1874 454193.802
1875 576465.034
1876 827461.092
1877 1143261.007
1878 1531666.734
1879 2032736.159
1880 2637630.096
1881 3237500.784
1882 3834175.889
1883 4406700.004
1884 4897722.144
1885 5326478.752
1886 5658830.191
1887 5868998.250
1888 5988251.638
1889 6113777.986
1890 6249196.848
1891 6325380.696
1892 6393779.422
1893 6508187.837
1894 6581857.420
1895 6620967.817
1896 6643346.342
1897 6638317.973
1898 6554035.104
1899 6432007.046
1900 6335838.519
1901 6231133.910
1902 6139346.517
1903 6072031.548
1904 6010663.625
1905 5907233.526
1906 5751920.192
1907 5615627.720
1908 5546815.366
1909 5468164.043
1910 5373008.568
1911 5357126.667
1912 5278771.468
1913 5111864.003
1914 4996469.708
1915 4920206.419
1916 4784760.877
1917 4638422.720
1918 4479987.487
1919 4299589.117
1920 4102722.945
1921 3862882.705
1922 3636421.026
1923 3402848.433
1924 3132628.846
1925 2796738.579
1926 2491594.837
1927 2200589.721
1928 1890219.218
1929 1594520.710
1930 1347318.466
1931 1080803.643
1932 805632.288
1933 690454.832
1934 628934.594
1935 560131.777
1936 612504.967
1937 761125.136
1938 901831.634
1939 1075743.196
1940 1324446.935
1941 1599206.843
1942 1925311.793
1943 2377672.033
1944 2887709.688
1945 3366836.259
1946 3713407.620
1947 3934151.770
1948 4060117.830
1949 4152518.293
1950 4178146.521
1951 4177820.748
1952 4152167.824
1953 4143328.717
1954 4141689.513
1955 4113786.162
1956 4064767.229
1957 4036901.391
1958 4000776.940
1959 3933467.527
1960 3852409.663
1961 3749140.220
1962 3628764.677
1963 3533806.869
1964 3439974.489
1965 3336371.832
1966 3247389.550
1967 3184446.645
1968 3087196.472
1969 2985361.234
1970 2930425.237
1971 2878723.631
1972 2803146.667
1973 2686995.439
1974 2544674.886
1975 2432744.042
1976 2376487.531
1977 2315557.321
1978 2205179.467
1979 2064450.616
1980 1945833.750
1981 1848969.688
1982 1755366.086
1983 1635863.182
1984 1496501.798
1985 1386415.587
1986 1289799.032
1987 1197076.695
1988 1086511.718
1989 997979.068
1990 928515.037
1991 880233.741
1992 826278.120
1993 772260.809
1994 725500.391
1995 666008.641
1996 590992.025
1997 534606.079
1998 472510.152
1999 398496.656
