600 948922.991
601 947495.490
602 932641.222
603 905553.478
604 900925.547
605 900699.713
606 890290.257
607 867180.454
608 861919.576
609 876169.891
610 861591.662
611 847074.150
612 861240.609
613 853792.292
614 858605.446
615 872349.314
616 850316.137
617 813748.149
618 806675.583
619 832434.665
620 848522.621
621 851355.669
622 842604.026
623 820733.904
624 798541.511
625 778413.051
626 773775.725
627 784821.730
628 786757.258
629 766103.498
630 761081.636
631 791533.853
632 800116.328
633 781115.233
634 781036.740
635 772486.015
636 753413.221
637 736665.517
638 718234.059
639 701655.999
640 706475.485
641 722237.662
642 729103.672
643 712865.651
644 692810.735
645 702426.053
646 724013.733
647 712428.899
648 692583.670
649 688547.162
650 689266.491
651 682811.764
652 680722.089
653 669347.568
654 666737.302
655 663005.386
656 657760.914
657 661541.975
658 634585.655
659 600907.039
660 621731.205
661 654829.230
662 646093.188
663 632301.150
664 627707.181
665 626251.347
666 638175.708
667 637578.321
668 625183.242
669 615455.521
670 608227.208
671 607169.348
672 608267.983
673 617921.153
674 614072.894
675 592115.240
676 580505.222
677 593793.867
678 611288.199
679 589681.242
680 576464.014
681 608237.531
682 617931.807
683 613528.853
684 625663.677
685 645802.283
686 666610.674
687 681077.850
688 679895.808
689 654939.543
690 633509.046
691 650162.306
692 688262.310
693 730393.043
694 758329.485
695 782155.615
696 818000.410
697 868332.843
698 891549.887
699 895886.510
700 937837.678
701 981732.357
702 1008798.506
703 1049542.087
704 1108613.056
705 1191088.367
706 1250418.974
707 1281403.826
708 1361172.872
709 1467759.056
710 1540836.322
711 1592305.613
712 1679162.865
713 1815583.018
714 1912729.005
715 1940778.759
716 1975549.210
717 2022203.288
718 2026810.918
719 1989928.026
720 1996116.533
721 2036333.361
722 2014705.426
723 1946252.647
724 1908327.938
725 1892143.211
726 1844617.378
727 1766224.347
728 1680344.026
729 1600673.320
730 1507924.133
731 1416560.365
732 1330039.919
733 1207788.691
734 1121781.578
735 1098172.476
736 1043138.277
737 980530.874
738 955280.155
739 922412.011
740 851203.326
741 800154.987
742 790045.878
743 806878.880
744 814557.874
745 800283.740
746 792943.354
747 784808.594
748 755619.334
749 733702.447
750 738298.807
751 803885.283
752 828830.744
753 821494.060
754 820747.096
755 846229.718
756 874189.791
757 867606.177
758 873073.738
759 917175.335
760 958524.827
761 999678.073
762 1061329.928
763 1126110.250
764 1192057.893
765 1259178.712
766 1347990.557
767 1448170.283
768 1595082.738
769 1772776.772
770 1902574.236
771 2014297.975
772 2179496.836
773 2370349.667
774 2586267.311
775 2801732.612
776 2964732.414
777 3143195.558
778 3332807.887
779 3454124.241
780 3593163.459
781 3742713.382
782 3819531.846
783 3862145.690
784 3841114.750
785 3815874.863
786 3804258.864
787 3758395.588
788 3684512.868
789 3561065.539
790 3412586.432
791 3295864.381
792 3184103.217
793 3006350.771
794 2722284.874
795 2463832.355
796 2300325.044
797 2115623.770
798 1906317.362
799 1736368.648
800 1577004.454
801 1403050.609
802 1299515.940
803 1218563.271
804 1167703.431
805 1171294.243
806 1152325.534
807 1116855.128
808 1089160.850
809 1077007.525
810 1088158.976
811 1100388.027
812 1091173.501
813 1076245.223
814 1078635.014
815 1132367.699
816 1181078.099
817 1177488.037
818 1156115.335
819 1166492.816
820 1224282.302
821 1308661.615
822 1384086.575
823 1455295.007
824 1561200.730
825 1706153.567
826 1862163.339
827 2006871.868
828 2167286.975
829 2353524.483
830 2574883.212
831 2805805.984
832 2987963.622
833 3133520.946
834 3288768.778
835 3411295.941
836 3521157.256
837 3677486.545
838 3773748.631
839 3773500.337
840 3753802.483
841 3754116.895
842 3712624.393
843 3616266.801
844 3448273.943
845 3246150.641
846 3069376.720
847 2866920.004
848 2623805.317
849 2403904.482
850 2195952.326
851 1989239.672
852 1781377.347
853 1547448.176
854 1333232.984
855 1192619.599
856 1084657.847
857 1004548.554
858 960151.549
859 932049.659
860 902204.711
861 900478.536
862 878785.961
863 843057.816
864 774598.931
865 741939.137
866 760143.263
867 734569.141
868 713896.603
869 697620.481
870 655022.608
871 627482.816
872 613935.940
873 585364.813
874 532815.271
875 494517.149
876 481518.282
877 483366.507
878 489692.661
879 463501.581
880 429801.106
881 417562.075
882 440089.326
883 466624.700
884 468411.037
885 459229.179
886 456875.967
887 472735.244
888 470363.853
889 421442.639
890 398504.445
891 415198.116
892 435557.500
893 473660.441
894 516579.789
895 495626.389
896 478804.093
897 520343.748
898 537219.204
899 503698.314
900 476956.929
901 488267.900
902 522529.082
903 572782.328
904 608951.493
905 642256.432
906 694581.002
907 712852.060
908 773955.464
909 852244.072
910 911881.745
911 943652.341
912 1054132.723
913 1217985.753
914 1391599.293
915 1542976.206
916 1724469.359
917 1986678.614
918 2226052.840
919 2478047.903
920 2756916.671
921 3016447.012
922 3301185.797
923 3651494.896
924 4024495.180
925 4315094.522
926 4539254.794
927 4768906.871
928 5015575.628
929 5161797.941
930 5150954.686
931 5057668.742
932 4935402.986
933 4767431.299
934 4562842.560
935 4295906.652
936 3967093.456
937 3646888.856
938 3302651.735
939 2940272.980
940 2650500.475
941 2415841.108
942 2211380.768
943 2037373.342
944 1850937.720
945 1695935.794
946 1629456.455
947 1609133.595
948 1591269.109
949 1575229.891
950 1578720.836
951 1632629.841
952 1680863.804
953 1700360.623
954 1770869.197
955 1871956.427
956 1966084.214
957 2144847.460
958 2397967.069
959 2680598.946
960 3019964.994
961 3416191.121
962 3835702.235
963 4285663.242
964 4742183.052
965 5295072.576
966 5881271.724
967 6461057.408
968 7047528.543
969 7576172.041
970 7991180.819
971 8293919.791
972 8520484.875
973 8641563.990
974 8617007.553
975 8443999.986
976 8113153.709
977 7686251.143
978 7227334.213
979 6711484.841
980 6132730.953
981 5471658.475
982 4770634.333
983 4171527.456
984 3704329.772
985 3349502.210
986 3087160.703
987 2821860.181
988 2583765.577
989 2473314.824
990 2426806.859
991 2347813.616
992 2255664.031
993 2254378.043
994 2312682.589
995 2279750.610
996 2255208.046
997 2297765.837
998 2357632.928
999 2365896.260
1000 2432935.779
1001 2637948.429
1002 2920469.156
1003 3232454.908
1004 3600827.633
1005 4000078.280
1006 4390954.799
1007 4777542.140
1008 5177472.256
1009 5584589.099
1010 5902647.623
1011 6152681.782
1012 6341983.533
1013 6399385.831
1014 6361156.634
1015 6249864.900
1016 6026642.589
1017 5682059.660
1018 5283827.075
1019 4859295.796
1020 4420497.784
1021 3958983.005
1022 3470537.422
1023 3035271.002
1024 2685446.710
1025 2400886.514
1026 2142339.382
1027 1892265.283
1028 1719487.187
1029 1622424.064
1030 1533494.887
1031 1492930.628
1032 1473300.259
1033 1341179.757
1034 1187967.094
1035 1131508.248
1036 1065386.194
1037 929785.912
1038 864482.378
1039 880528.572
1040 817836.475
1041 745016.067
1042 735411.329
1043 721779.245
1044 715420.797
1045 690316.970
1046 653802.749
1047 646115.118
1048 618868.066
1049 581748.578
1050 569526.643
1051 569919.251
1052 551646.389
1053 556486.049
1054 599749.222
1055 646533.899
1056 631907.074
1057 598268.739
1058 597175.889
1059 653747.519
1060 671219.623
1061 634442.198
1062 632085.242
1063 707018.752
1064 786155.726
1065 833575.163
1066 915581.064
1067 1058412.428
1068 1246750.257
1069 1449536.553
1070 1679525.319
1071 1971107.556
1072 2374501.271
1073 2782401.466
1074 3210423.147
1075 3797103.320
1076 4397930.991
1077 4920747.168
1078 5442784.859
1079 5905103.071
1080 6291419.813
1081 6593063.096
1082 6756965.929
1083 6809874.324
1084 6718893.291
1085 6482743.844
1086 6144388.993
1087 5710230.753
1088 5168237.137
1089 4600966.160
1090 4140430.837
1091 3765851.182
1092 3430379.213
1093 3172330.945
1094 2994435.396
1095 2870410.582
1096 2787797.524
1097 2722106.238
1098 2686651.745
1099 2686250.064
1100 2710915.214
1101 2725111.218
1102 2798095.096
1103 2970168.870
1104 3195079.562
1105 3492386.194
1106 3979627.790
1107 4612005.374
1108 5303501.968
1109 6134074.599
1110 7084694.291
1111 8044897.569
1112 8883355.958
1113 9667013.487
1114 10403635.180
1115 10972347.065
1116 11264732.669
1117 11339117.521
1118 11253186.649
1119 10929159.581
1120 10311057.347
1121 9525002.975
1122 8604743.496
1123 7606899.941
1124 6688528.338
1125 5916103.221
1126 5268973.618
1127 4684760.564
1128 4198963.088
1129 3884541.224
1130 3696695.005
1131 3525515.462
1132 3403513.630
1133 3294936.542
1134 3132923.232
1135 2978702.733
1136 2886673.081
1137 2878980.311
1138 2969532.456
1139 3176206.554
1140 3480702.638
1141 3817691.745
1142 4229500.911
1143 4748559.173
1144 5328658.567
1145 5895088.129
1146 6399720.898
1147 6816999.910
1148 7166465.202
1149 7430410.813
1150 7509166.781
1151 7437337.143
1152 7208307.938
1153 6812650.204
1154 6367738.981
1155 5860690.308
1156 5272474.222
1157 4689916.765
1158 4187046.974
1159 3797865.890
1160 3432180.553
1161 3078085.003
1162 2828892.279
1163 2625848.422
1164 2417926.472
1165 2197145.470
1166 1995765.456
1167 1840576.471
1168 1702525.557
1169 1541290.753
1170 1357087.102
1171 1211694.644
1172 1120559.421
1173 1062647.473
1174 984878.843
1175 885679.572
1176 814410.702
1177 750851.274
1178 701186.330
1179 670285.912
1180 651994.062
1181 620157.822
1182 589036.234
1183 581241.339
1184 597110.181
1185 602214.800
1186 551794.240
1187 467442.543
1188 408118.750
1189 442865.903
1190 542319.046
1191 613680.221
1192 670056.469
1193 732008.832
1194 825349.354
1195 1004861.076
1196 1227881.041
1197 1474096.290
1198 1803072.867
1199 2301805.813
1200 2912140.169
1201 3523272.980
1202 4184909.286
1203 4908911.129
1204 5624237.552
1205 6223625.596
1206 6688387.304
1207 7032516.717
1208 7235874.877
1209 7254815.826
1210 7040099.605
1211 6643270.257
1212 6219887.821
1213 5797645.341
1214 5325469.858
1215 4866635.412
1216 4497900.045
1217 4152618.798
1218 3878151.713
1219 3750188.829
1220 3618718.188
1221 3454977.831
1222 3348944.799
1223 3292055.131
1224 3339516.869
1225 3473452.052
1226 3670051.721
1227 4057144.917
1228 4658838.678
1229 5401790.045
1230 6251652.058
1231 7295037.256
1232 8483775.680
1233 9646944.867
1234 10680693.358
1235 11470504.441
1236 11954340.905
1237 12157205.291
1238 12148516.135
1239 11930705.727
1240 11495966.104
1241 10776243.557
1242 9773202.871
1243 8732603.336
1244 7774594.989
1245 6919444.368
1246 6258884.011
1247 5747517.954
1248 5274710.236
1249 4886626.892
1250 4631780.961
1251 4386949.478
1252 4095770.480
1253 3846948.004
1254 3678328.086
1255 3548822.763
1256 3537788.069
1257 3708078.040
1258 3994920.713
1259 4393411.123
1260 4930223.305
1261 5515401.294
1262 6036904.124
1263 6566632.832
1264 7118368.951
1265 7476771.515
1266 7669488.560
1267 7748701.118
1268 7589012.224
1269 7236330.912
1270 6848993.215
1271 6400205.166
1272 5912621.299
1273 5458691.647
1274 5042343.242
1275 4627987.118
1276 4264774.306
1277 3948954.839
1278 3632059.750
1279 3315495.069
1280 2977802.830
1281 2692619.064
1282 2419370.802
1283 2139456.075
1284 1949901.915
1285 1781284.352
1286 1573873.418
1287 1367347.143
1288 1185770.558
1289 1040067.693
1290 913554.577
1291 820225.242
1292 726075.716
1293 627179.030
1294 568976.213
1295 506923.295
1296 410897.304
1297 417518.270
1298 487190.222
1299 473951.187
1300 463048.196
1301 487806.276
1302 485671.456
1303 488648.764
1304 568807.227
1305 683634.874
1306 765304.733
1307 884075.831
1308 1171077.195
1309 1645930.854
1310 2211143.833
1311 2800454.161
1312 3486521.863
1313 4277667.968
1314 5078703.502
1315 5798022.490
1316 6312405.961
1317 6646041.940
1318 6923006.453
1319 7102810.526
1320 6955650.686
1321 6584139.959
1322 6261302.370
1323 5935297.945
1324 5583002.210
1325 5268499.190
1326 5002157.911
1327 4788415.399
1328 4633970.677
1329 4479473.773
1330 4313191.710
1331 4270037.514
1332 4380472.210
1333 4579303.823
1334 4904505.378
1335 5450071.899
1336 6201452.412
1337 7144482.940
1338 8293755.010
1339 9518325.145
1340 10509968.869
1341 11203704.959
1342 11630296.437
1343 11853998.828
1344 11816231.158
1345 11567979.950
1346 11161938.729
1347 10672688.769
1348 10129414.345
1349 9494055.980
1350 8753601.450
1351 8090023.279
1352 7501487.490
1353 6948228.110
1354 6461136.661
1355 6002367.168
1356 5502841.657
1357 5047895.651
1358 4685185.174
1359 4438691.252
1360 4330429.909
1361 4348239.170
1362 4471595.059
1363 4679084.601
1364 5049251.821
1365 5579368.743
1366 6153210.394
1367 6574596.296
1368 6888282.977
1369 7212030.960
1370 7401456.272
1371 7390168.937
1372 7271353.981
1373 7038696.430
1374 6759992.808
1375 6474626.142
1376 6112450.458
1377 5768399.782
1378 5411415.139
1379 4988629.557
1380 4589685.060
1381 4188856.677
1382 3743007.433
1383 3302611.356
1384 2971945.471
1385 2727715.807
1386 2452672.391
1387 2158335.250
1388 1903287.411
1389 1680530.903
1390 1487802.754
1391 1294725.991
1392 1096308.642
1393 909019.738
1394 733329.306
1395 550633.375
1396 441955.974
1397 399491.134
1398 387952.882
1399 407210.250
1400 380851.268
1401 325127.965
1402 342402.372
1403 432927.520
1404 550624.440
1405 689476.164
1406 847137.723
1407 1011149.149
1408 1258907.473
1409 1693495.729
1410 2298487.949
1411 2972167.166
1412 3655524.414
1413 4347066.725
1414 4961076.133
1415 5484754.674
1416 5968233.381
1417 6292857.789
1418 6369026.933
1419 6304432.349
1420 6223575.072
1421 6164514.139
1422 6121104.586
1423 6033016.949
1424 5846703.766
1425 5646176.075
1426 5508490.413
1427 5474819.318
1428 5567818.829
1429 5690465.985
1430 5871431.825
1431 6214993.889
1432 6750891.217
1433 7420030.349
1434 8216096.826
1435 9124370.190
1436 9959677.732
1437 10545123.245
1438 10880834.770
1439 11020785.600
1440 10982554.529
1441 10813202.851
1442 10612954.859
1443 10381980.848
1444 10089177.364
1445 9709711.951
1446 9282667.905
1447 8899394.273
1448 8456978.601
1449 7896840.437
1450 7362510.328
1451 6875918.822
1452 6350964.468
1453 5890687.315
1454 5537071.411
1455 5219973.308
1456 5072897.055
1457 5155745.704
1458 5311891.305
1459 5455145.911
1460 5697340.073
1461 6072137.344
1462 6439462.778
1463 6714751.929
1464 6913577.350
1465 7003128.596
1466 7008067.222
1467 6950452.285
1468 6814240.840
1469 6635571.443
1470 6375190.652
1471 6065270.025
1472 5723857.119
1473 5302396.994
1474 4887375.208
1475 4493214.320
1476 4108776.392
1477 3784409.484
1478 3382171.656
1479 2919386.971
1480 2560064.490
1481 2302583.276
1482 1999872.393
1483 1670319.903
1484 1412699.871
1485 1211867.362
1486 1016234.440
1487 828706.172
1488 700737.623
1489 580870.859
1490 501918.949
1491 504628.959
1492 448881.958
1493 428588.014
1494 472632.196
1495 498754.573
1496 544629.217
1497 681336.196
1498 879822.583
1499 1112952.448
1500 1432693.864
1501 1903258.903
1502 2498792.637
1503 3142153.140
1504 3701926.486
1505 4209048.749
1506 4738867.003
1507 5205194.824
1508 5475297.288
1509 5695008.969
1510 5940232.946
1511 6114927.793
1512 6190677.090
1513 6228237.912
1514 6245488.339
1515 6211963.950
1516 6238854.322
1517 6395962.035
1518 6603970.169
1519 6907038.803
1520 7217999.519
1521 7522175.397
1522 7914799.018
1523 8403293.464
1524 8907318.316
1525 9352035.656
1526 9654843.318
1527 9826024.134
1528 9871551.186
1529 9885078.309
1530 9835757.086
1531 9750681.351
1532 9660058.938
1533 9508209.932
1534 9248030.668
1535 8921761.230
1536 8563363.953
1537 8223569.674
1538 7829847.978
1539 7314521.950
1540 6768308.677
1541 6340197.244
1542 5984065.239
1543 5724702.747
1544 5567485.355
1545 5456306.151
1546 5388392.220
1547 5463584.149
1548 5626158.526
1549 5807166.438
1550 6014842.472
1551 6214712.214
1552 6341624.252
1553 6409913.674
1554 6415016.065
1555 6362051.014
1556 6275893.107
1557 6072703.432
1558 5737718.074
1559 5424538.622
1560 5089515.660
1561 4668735.277
1562 4269890.058
1563 3916399.590
1564 3520927.958
1565 3119444.248
1566 2721250.545
1567 2311153.936
1568 1973422.504
1569 1715995.334
1570 1439968.511
1571 1128487.119
1572 863217.241
1573 696809.961
1574 622140.361
1575 518930.523
1576 458818.530
1577 446880.462
1578 420738.401
1579 386792.427
1580 459004.620
1581 590061.059
1582 675082.822
1583 781396.987
1584 985126.632
1585 1336871.833
1586 1831936.665
1587 2325599.205
1588 2766275.525
1589 3260118.700
1590 3817880.802
1591 4347744.903
1592 4820952.573
1593 5226708.882
1594 5638998.900
1595 6040798.193
1596 6348693.329
1597 6575953.874
1598 6803944.892
1599 7063688.446
1600 7249876.599
1601 7452965.912
1602 7711614.445
1603 7868466.256
1604 7974678.403
1605 8097621.441
1606 8250906.925
1607 8422715.408
1608 8633143.692
1609 8815375.075
1610 8972311.358
1611 9141499.087
1612 9243151.806
1613 9285120.311
1614 9241977.892
1615 9164533.839
1616 9051895.441
1617 8880342.485
1618 8602087.004
1619 8312531.282
1620 8023195.849
1621 7702932.483
1622 7348031.212
1623 6958576.058
1624 6573949.546
1625 6217617.194
1626 5868289.020
1627 5650679.540
1628 5576223.267
1629 5543032.710
1630 5579395.379
1631 5764116.779
1632 5943127.413
1633 6070603.781
1634 6202566.881
1635 6296947.207
1636 6329851.253
1637 6265824.006
1638 6089546.954
1639 5830674.081
1640 5537034.365
1641 5199326.785
1642 4805519.315
1643 4351942.425
1644 3920815.084
1645 3553564.755
1646 3155644.900
1647 2729785.476
1648 2370234.437
1649 2031341.734
1650 1691772.312
1651 1422182.116
1652 1193814.085
1653 950093.153
1654 757022.253
1655 676854.312
1656 592809.253
1657 498828.996
1658 533365.456
1659 549224.544
1660 487944.166
1661 504787.225
1662 631511.618
1663 825645.239
1664 1092414.976
1665 1441051.712
1666 1803222.327
1667 2253123.694
1668 2852661.684
1669 3501143.160
1670 4170022.980
1671 4821328.500
1672 5387305.068
1673 5926917.527
1674 6433253.214
1675 6879646.462
1676 7229232.099
1677 7418393.944
1678 7504988.813
1679 7575884.515
1680 7621908.854
1681 7632052.628
1682 7588950.627
1683 7576101.136
1684 7609973.435
1685 7762205.295
1686 8061381.733
1687 8334191.507
1688 8545860.620
1689 8737946.568
1690 8862363.340
1691 8852380.417
1692 8780999.773
1693 8686237.128
1694 8534812.690
1695 8362522.914
1696 8160621.243
1697 7936744.367
1698 7625910.714
1699 7284099.207
1700 7015628.512
1701 6744552.283
1702 6453803.168
1703 6194965.309
1704 5951868.337
1705 5786375.873
1706 5711417.034
1707 5741285.425
1708 5841463.142
1709 5968301.274
1710 6086343.399
1711 6122843.088
1712 6067772.401
1713 5997040.889
1714 5878081.094
1715 5686490.547
1716 5499118.771
1717 5256441.278
1718 4864762.070
1719 4465392.138
1720 4055898.966
1721 3575439.024
1722 3143307.772
1723 2741714.161
1724 2320778.131
1725 1965023.109
1726 1677392.512
1727 1403100.748
1728 1191897.209
1729 992114.280
1730 738765.333
1731 554688.725
1732 490274.806
1733 485489.912
1734 482050.365
1735 438953.477
1736 416528.547
1737 540386.860
1738 794354.690
1739 1073431.297
1740 1406967.928
1741 1859136.817
1742 2450501.184
1743 3136388.237
1744 3856894.168
1745 4582961.158
1746 5276572.870
1747 5891775.956
1748 6405871.553
1749 6825386.282
1750 7094511.252
1751 7181288.555
1752 7175786.268
1753 7119305.453
1754 7047726.658
1755 7000175.413
1756 6983818.235
1757 7051517.624
1758 7148233.562
1759 7294871.018
1760 7510245.192
1761 7788680.269
1762 8012158.916
1763 8089928.535
1764 8066574.257
1765 8052943.201
1766 7985247.464
1767 7838952.627
1768 7652585.253
1769 7466635.138
1770 7251746.057
1771 7005315.018
1772 6825472.512
1773 6656666.259
1774 6422136.959
1775 6178844.296
1776 5931779.432
1777 5732181.510
1778 5652284.153
1779 5685346.464
1780 5709851.526
1781 5704250.900
1782 5702975.129
1783 5700135.233
1784 5675889.211
1785 5623452.041
1786 5524773.679
1787 5296140.561
1788 5052793.597
1789 4835350.180
1790 4564151.176
1791 4216194.931
1792 3805265.267
1793 3401116.982
1794 3011083.853
1795 2613965.631
1796 2259635.044
1797 1912932.296
1798 1573217.568
1799 1293010.014
1800 1077341.764
1801 844633.924
1802 630638.573
1803 519705.766
1804 455129.532
1805 394838.872
1806 403939.764
1807 481664.156
1808 637736.973
1809 880476.109
1810 1195243.432
1811 1663148.785
1812 2225478.980
1813 2811832.302
1814 3493459.507
1815 4183275.823
1816 4825939.950
1817 5484938.557
1818 5951030.785
1819 6213505.745
1820 6341181.516
1821 6340414.149
1822 6278570.664
1823 6219606.551
1824 6224788.266
1825 6296247.236
1826 6399249.355
1827 6472821.488
1828 6621281.212
1829 6832892.578
1830 7034863.349
1831 7108492.006
1832 7140602.499
1833 7154487.992
1834 7135425.615
1835 7060372.463
1836 6932312.099
1837 6776671.297
1838 6583206.800
1839 6387372.062
1840 6191040.253
1841 5973984.005
1842 5830666.165
1843 5697807.542
1844 5519553.909
1845 5332128.000
1846 5198754.511
1847 5141023.602
1848 5109436.892
1849 5094645.961
1850 5123059.853
1851 5146887.568
1852 5131437.069
1853 5032417.778
1854 4898721.576
1855 4781672.304
1856 4628275.260
1857 4414462.202
1858 4162970.345
1859 3880537.861
1860 3593954.882
1861 3227228.994
1862 2799896.741
1863 2446482.121
1864 2105627.092
1865 1728218.063
1866 1363490.400
1867 1089515.425
1868 853936.411
1869 646471.088
1870 454654.138
1871 343165.197
1872 273641.851
1873 223467.643
1874 309241.064
1875 446523.558
1876 611075.521
1877 924494.298
1878 1345002.686
1879 1890472.931
1880 2555183.728
1881 3222180.723
1882 3828482.509
1883 4306885.129
1884 4639718.571
1885 4870668.273
1886 5025585.621
1887 5065383.443
1888 5059047.518
1889 5088109.069
1890 5149276.764
1891 5156060.715
1892 5172455.231
1893 5262155.813
1894 5388122.655
1895 5491854.148
1896 5542197.620
1897 5545419.346
1898 5492724.540
1899 5439574.608
1900 5391038.898
1901 5327401.197
1902 5249465.982
1903 5093013.420
1904 4956853.617
1905 4844906.117
1906 4700160.653
1907 4563145.893
1908 4466878.196
1909 4359041.604
1910 4256611.847
1911 4223752.840
1912 4215785.934
1913 4177151.914
1914 4123460.498
1915 4112816.839
1916 4075795.023
1917 4021476.068
1918 3890631.924
1919 3772001.975
1920 3711787.031
1921 3595334.338
1922 3434328.069
1923 3301250.326
1924 3118781.643
1925 2908334.479
1926 2697462.723
1927 2452153.690
1928 2211012.623
1929 1994428.191
1930 1791211.489
1931 1565428.536
1932 1308497.776
1933 1095632.079
1934 958138.735
1935 916832.960
1936 902499.392
1937 875194.588
1938 935390.030
1939 1142554.119
1940 1417360.175
1941 1687437.440
1942 2011529.572
1943 2424827.150
1944 2829572.169
1945 3169135.293
1946 3373707.100
1947 3433761.835
1948 3450069.660
1949 3430002.400
1950 3379097.044
1951 3365568.245
1952 3321310.070
1953 3264915.496
1954 3248299.913
1955 3270514.873
1956 3248947.586
1957 3196771.925
1958 3176868.418
1959 3164864.005
1960 3119532.032
1961 3036382.504
1962 2963489.830
1963 2892950.076
1964 2783536.465
1965 2662118.122
1966 2567425.326
1967 2468428.513
1968 2359911.266
1969 2277701.824
1970 2230749.325
1971 2187255.559
1972 2155272.715
1973 2143962.881
1974 2093921.795
1975 2021393.841
1976 1975263.301
1977 1896296.352
1978 1799286.318
1979 1707474.168
1980 1603482.265
1981 1510252.865
1982 1453501.367
1983 1383380.312
1984 1304228.633
1985 1217996.653
1986 1105684.085
1987 1019459.530
1988 937677.480
1989 868687.186
1990 825104.789
1991 760068.440
1992 710215.301
1993 679499.291
1994 624941.341
1995 574900.513
1996 532178.878
1997 472271.260
1998 415515.368
1999 392232.665
