600 794313.223
601 773376.777
602 765554.260
603 754122.955
604 741648.143
605 743436.101
606 747416.103
607 747617.416
608 746219.305
609 730973.031
610 719285.851
611 719947.016
612 723486.775
613 709770.373
614 693042.050
615 699845.043
616 701377.583
617 701007.900
618 711498.218
619 714840.756
620 703526.733
621 692368.360
622 688912.846
623 679254.395
624 680829.209
625 684209.485
626 679981.414
627 688622.188
628 679451.990
629 664972.002
630 662886.402
631 662021.363
632 656871.055
633 649352.645
634 635458.294
635 623809.161
636 624300.401
637 613894.165
638 597069.599
639 598786.848
640 612649.051
641 617233.344
642 621585.860
643 632067.727
644 613048.070
645 591111.011
646 585195.668
647 578797.154
648 568414.580
649 561863.053
650 569111.677
651 587516.550
652 600270.771
653 600686.431
654 582268.620
655 564052.423
656 556098.923
657 564341.199
658 567489.326
659 538239.376
660 520111.418
661 517962.517
662 519600.735
663 535089.131
664 546341.759
665 537735.671
666 525699.917
667 534810.542
668 534349.586
669 530419.091
670 529803.090
671 532370.616
672 524681.699
673 506945.365
674 502213.636
675 503864.532
676 502646.071
677 503499.265
678 503058.125
679 502475.659
680 508574.870
681 512099.761
682 507079.330
683 496410.573
684 499507.481
685 500509.045
686 478616.252
687 464974.084
688 469585.524
689 474526.549
690 486150.134
691 498363.252
692 496774.874
693 509030.964
694 546275.489
695 537475.409
696 510101.683
697 495678.268
698 510803.116
699 515674.179
700 496127.405
701 493079.739
702 506693.125
703 511845.503
704 510709.811
705 507469.985
706 510916.957
707 533712.659
708 543946.018
709 540002.959
710 545214.408
711 564785.283
712 586521.505
713 607510.988
714 652720.648
715 706447.396
716 735239.141
717 774727.790
718 805577.249
719 820069.421
720 856985.205
721 908861.501
722 964988.204
723 1046055.210
724 1133974.409
725 1179296.694
726 1218881.950
727 1287549.065
728 1383974.923
729 1453161.406
730 1475566.394
731 1522783.765
732 1603988.396
733 1691961.161
734 1740532.933
735 1726406.582
736 1721434.978
737 1742174.989
738 1704953.479
739 1641769.312
740 1627675.350
741 1629135.454
742 1625456.483
743 1562281.293
744 1461068.740
745 1373576.677
746 1266776.958
747 1142464.432
748 1055207.949
749 1021776.356
750 1015247.500
751 997728.225
752 957789.376
753 926747.792
754 934255.316
755 933219.786
756 952713.039
757 1005160.913
758 1047307.243
759 1070834.861
760 1095663.602
761 1141117.296
762 1209583.773
763 1300601.863
764 1420823.392
765 1564102.189
766 1709195.078
767 1827209.883
768 1924898.429
769 2047987.537
770 2218408.028
771 2364571.724
772 2479609.442
773 2633960.002
774 2812862.221
775 2964051.915
776 3092470.900
777 3157671.990
778 3184065.999
779 3221100.740
780 3219839.025
781 3191925.666
782 3176530.473
783 3148137.256
784 3107258.824
785 3044720.985
786 2919436.548
787 2739596.318
788 2589597.104
789 2479800.709
790 2320697.940
791 2127092.601
792 1962686.497
793 1823851.430
794 1732218.204
795 1673666.621
796 1569346.483
797 1460607.591
798 1405933.748
799 1388781.753
800 1384559.408
801 1420036.511
802 1481424.862
803 1561598.261
804 1645366.507
805 1709521.399
806 1764044.734
807 1825962.311
808 1927226.927
809 2047576.381
810 2157481.471
811 2247223.992
812 2364360.743
813 2488246.521
814 2583766.122
815 2698927.343
816 2763878.981
817 2777725.833
818 2838684.696
819 2906949.365
820 2954145.638
821 2927578.312
822 2844531.182
823 2834364.046
824 2809611.700
825 2654521.942
826 2488091.568
827 2327939.376
828 2115868.162
829 1955304.724
830 1812366.861
831 1661156.368
832 1488237.046
833 1278674.691
834 1129575.102
835 1037141.079
836 927820.419
837 864068.923
838 844912.390
839 798022.620
840 727542.413
841 680751.571
842 660547.893
843 670297.183
844 647828.240
845 626054.869
846 638031.871
847 670493.050
848 684353.209
849 634645.153
850 573290.687
851 575044.615
852 583239.743
853 539896.878
854 509877.827
855 522854.397
856 524482.395
857 528460.632
858 535728.916
859 501141.056
860 494542.864
861 532872.152
862 524906.729
863 517158.411
864 498486.009
865 517663.338
866 513284.213
867 477372.449
868 457249.863
869 474970.271
870 481848.492
871 486508.344
872 492658.648
873 475855.222
874 461354.889
875 467842.470
876 463276.788
877 453207.668
878 441768.933
879 428962.410
880 458729.924
881 476082.304
882 468085.377
883 458510.973
884 469153.922
885 477878.055
886 472898.204
887 455241.204
888 442225.887
889 456599.089
890 478352.646
891 475273.396
892 481447.176
893 501689.826
894 501916.187
895 481105.100
896 467411.407
897 461565.952
898 460919.580
899 464789.137
900 470230.469
901 497214.424
902 520392.853
903 527011.605
904 544844.531
905 559425.485
906 529455.320
907 522306.891
908 559482.054
909 590118.667
910 600825.588
911 600943.677
912 604505.796
913 607165.805
914 607470.569
915 637205.953
916 713184.822
917 758051.043
918 768818.485
919 795534.017
920 859530.510
921 940584.837
922 1027345.872
923 1140552.487
924 1292621.561
925 1458929.970
926 1641268.593
927 1855041.309
928 2100167.000
929 2397035.549
930 2710663.840
931 3004910.757
932 3264373.187
933 3527536.018
934 3799948.139
935 4016413.442
936 4179918.817
937 4316234.158
938 4401978.359
939 4453620.317
940 4492323.928
941 4423537.093
942 4204169.709
943 3961707.680
944 3741804.907
945 3498251.295
946 3216500.749
947 2938620.177
948 2764961.486
949 2671760.586
950 2550823.388
951 2439037.806
952 2448495.751
953 2539389.141
954 2660866.891
955 2848464.919
956 3116182.145
957 3409139.490
958 3810417.876
959 4316512.225
960 4716654.465
961 5038275.520
962 5472567.319
963 5990044.790
964 6421322.865
965 6736108.475
966 7034836.554
967 7348911.037
968 7624059.859
969 7782757.959
970 7725592.275
971 7526800.747
972 7281361.319
973 6888579.932
974 6341161.531
975 5820949.063
976 5392327.474
977 4933612.714
978 4430936.732
979 3940833.480
980 3545904.912
981 3319366.980
982 3192356.642
983 3150066.854
984 3202952.574
985 3297637.762
986 3430579.380
987 3620893.391
988 3821176.757
989 4073498.444
990 4360366.420
991 4580274.651
992 4829438.108
993 5123129.761
994 5360060.582
995 5544198.544
996 5675417.623
997 5705540.794
998 5620958.035
999 5543660.324
1000 5425300.642
1001 5160666.970
1002 4847462.290
1003 4537996.588
1004 4130083.847
1005 3612291.055
1006 3181059.199
1007 2906820.269
1008 2634568.255
1009 2341736.149
1010 2079822.945
1011 1850750.635
1012 1644273.217
1013 1537408.686
1014 1544279.041
1015 1535219.282
1016 1447680.408
1017 1334528.422
1018 1276870.327
1019 1216560.126
1020 1103871.826
1021 1009552.433
1022 953792.956
1023 910308.402
1024 866980.783
1025 834261.110
1026 763937.395
1027 704435.653
1028 693984.898
1029 680107.146
1030 682686.416
1031 704149.725
1032 686381.092
1033 652903.540
1034 617019.088
1035 600236.761
1036 605749.582
1037 612273.576
1038 595828.770
1039 559872.191
1040 560339.867
1041 573037.828
1042 556875.103
1043 552300.726
1044 542378.727
1045 550109.142
1046 569346.003
1047 563224.348
1048 571338.212
1049 582337.634
1050 569557.651
1051 570374.304
1052 562343.632
1053 558098.678
1054 580975.484
1055 604392.092
1056 601639.549
1057 578005.898
1058 561741.186
1059 532320.459
1060 552767.767
1061 583093.157
1062 596000.680
1063 612862.385
1064 619084.325
1065 644834.551
1066 675861.117
1067 693989.076
1068 700415.483
1069 735967.394
1070 801372.864
1071 850936.952
1072 925235.715
1073 1025588.211
1074 1131471.499
1075 1287305.641
1076 1525943.696
1077 1849135.727
1078 2175909.795
1079 2498385.963
1080 2879815.296
1081 3338972.857
1082 3860713.711
1083 4399975.923
1084 4933167.561
1085 5361898.691
1086 5648239.381
1087 5814631.698
1088 5925970.712
1089 6036829.491
1090 6055430.106
1091 5892002.626
1092 5601544.124
1093 5237815.670
1094 4853040.336
1095 4447815.196
1096 4168702.321
1097 4032212.787
1098 3900192.666
1099 3864842.033
1100 4025955.964
1101 4318568.534
1102 4656602.818
1103 5102694.893
1104 5709545.836
1105 6397924.723
1106 7115902.633
1107 7845603.643
1108 8568467.332
1109 9296866.777
1110 9894738.559
1111 10288908.755
1112 10517692.447
1113 10490380.213
1114 10284668.635
1115 9935799.792
1116 9360787.765
1117 8635068.136
1118 7853827.986
1119 7032812.395
1120 6237384.947
1121 5518920.722
1122 4972350.804
1123 4630826.273
1124 4470498.214
1125 4505915.709
1126 4633269.840
1127 4738898.690
1128 4934671.344
1129 5268461.883
1130 5657881.391
1131 6049851.952
1132 6333780.649
1133 6528229.567
1134 6805442.787
1135 7043436.395
1136 7083832.475
1137 7053564.108
1138 6906082.381
1139 6564757.376
1140 6128704.177
1141 5652706.868
1142 5134333.532
1143 4612496.254
1144 4118555.117
1145 3694666.204
1146 3299695.600
1147 2962831.387
1148 2741711.648
1149 2558942.467
1150 2384742.928
1151 2237202.112
1152 2082956.102
1153 1885566.982
1154 1684927.833
1155 1509838.738
1156 1350529.778
1157 1268356.036
1158 1228158.594
1159 1110898.532
1160 993164.932
1161 947188.874
1162 911402.440
1163 872025.710
1164 827394.763
1165 784212.680
1166 716402.539
1167 654002.421
1168 634180.404
1169 622884.566
1170 582186.985
1171 542847.740
1172 534436.908
1173 527514.565
1174 492426.789
1175 491339.656
1176 521865.241
1177 533906.619
1178 552517.867
1179 525423.057
1180 448875.265
1181 472584.564
1182 498682.027
1183 467132.727
1184 447268.736
1185 440416.124
1186 404968.965
1187 393199.328
1188 430323.283
1189 464366.899
1190 474296.246
1191 480684.393
1192 474184.406
1193 519393.354
1194 610674.302
1195 645886.317
1196 670644.465
1197 721508.810
1198 805566.416
1199 936894.347
1200 1077689.666
1201 1244935.435
1202 1527804.716
1203 1873517.569
1204 2275633.056
1205 2803227.234
1206 3434328.165
1207 4082790.905
1208 4703944.511
1209 5300263.042
1210 5831681.552
1211 6224815.097
1212 6402948.732
1213 6444503.510
1214 6411046.484
1215 6296648.707
1216 6039870.230
1217 5629957.104
1218 5265226.378
1219 5062071.102
1220 4954104.324
1221 4960268.092
1222 5113968.452
1223 5384701.449
1224 5813129.130
1225 6452157.538
1226 7179076.717
1227 7929588.709
1228 8820343.055
1229 9803767.797
1230 10672161.474
1231 11331144.626
1232 11735661.790
1233 11881276.004
1234 11725874.805
1235 11289767.727
1236 10673093.305
1237 9881526.573
1238 8986961.064
1239 8153022.809
1240 7356757.339
1241 6654100.685
1242 6175315.376
1243 5929359.439
1244 5835508.901
1245 5868675.790
1246 6040806.130
1247 6290288.945
1248 6557435.259
1249 6845060.095
1250 7152949.473
1251 7448293.414
1252 7728233.939
1253 7967427.064
1254 8039577.808
1255 7901379.188
1256 7625709.218
1257 7218665.914
1258 6666009.289
1259 6034836.356
1260 5507377.126
1261 5081853.610
1262 4673225.817
1263 4355305.757
1264 4052446.436
1265 3688912.861
1266 3399022.039
1267 3138269.972
1268 2873506.666
1269 2656316.122
1270 2410025.342
1271 2148415.327
1272 1929898.076
1273 1761946.587
1274 1667926.858
1275 1554147.886
1276 1406961.666
1277 1273391.192
1278 1178599.457
1279 1091696.455
1280 960550.176
1281 847065.610
1282 798052.748
1283 787393.576
1284 735899.084
1285 649504.256
1286 573732.078
1287 526031.535
1288 501497.609
1289 468302.282
1290 440482.537
1291 433309.352
1292 436846.708
1293 414053.582
1294 385545.952
1295 383316.794
1296 370419.082
1297 332262.791
1298 342786.895
1299 361374.365
1300 379874.173
1301 407760.288
1302 407963.681
1303 400685.319
1304 434490.170
1305 483609.199
1306 501927.373
1307 526089.656
1308 615272.010
1309 774428.399
1310 972918.785
1311 1203922.126
1312 1510311.384
1313 1930791.517
1314 2473892.483
1315 3084238.239
1316 3793689.739
1317 4537491.941
1318 5215536.797
1319 5807438.260
1320 6275048.284
1321 6536277.819
1322 6621419.816
1323 6650281.224
1324 6635364.993
1325 6516936.070
1326 6358354.402
1327 6284890.936
1328 6316554.616
1329 6457826.388
1330 6740792.194
1331 7150814.978
1332 7698690.682
1333 8429176.746
1334 9316972.112
1335 10262107.719
1336 11164104.005
1337 11803142.409
1338 12190444.117
1339 12320718.318
1340 12160727.445
1341 11811676.935
1342 11339358.971
1343 10756658.237
1344 9995820.665
1345 9201059.189
1346 8574016.239
1347 8113241.246
1348 7765486.140
1349 7501097.351
1350 7359712.807
1351 7316584.936
1352 7360449.666
1353 7509440.923
1354 7704123.634
1355 7879687.224
1356 8090659.118
1357 8292922.241
1358 8351053.017
1359 8217775.868
1360 7990841.217
1361 7723068.487
1362 7320378.599
1363 6866525.975
1364 6467623.034
1365 6051007.697
1366 5668733.884
1367 5297846.514
1368 4921065.505
1369 4595819.776
1370 4204735.245
1371 3808822.828
1372 3482535.443
1373 3202791.007
1374 2925984.436
1375 2651988.645
1376 2389126.551
1377 2137046.067
1378 1898916.110
1379 1751227.594
1380 1596579.432
1381 1382106.539
1382 1206410.828
1383 1111905.213
1384 1039575.607
1385 972105.922
1386 869085.072
1387 773610.969
1388 730181.526
1389 712302.653
1390 669712.264
1391 580052.270
1392 519485.583
1393 496839.114
1394 483315.776
1395 450416.478
1396 397198.133
1397 389325.652
1398 388056.945
1399 366727.925
1400 381103.503
1401 407801.589
1402 426894.095
1403 453872.932
1404 516300.011
1405 601630.245
1406 665020.543
1407 767992.819
1408 927319.982
1409 1072558.947
1410 1321213.623
1411 1719190.924
1412 2179409.762
1413 2695684.049
1414 3285888.698
1415 4000457.623
1416 4724829.735
1417 5321832.949
1418 5817876.179
1419 6216373.339
1420 6484513.342
1421 6732547.105
1422 6969051.541
1423 7188221.566
1424 7380118.097
1425 7583097.048
1426 7868113.338
1427 8178846.883
1428 8581516.101
1429 9139481.409
1430 9839728.726
1431 10590311.971
1432 11267625.064
1433 11766537.925
1434 12011444.724
1435 12066302.633
1436 11965202.572
1437 11730885.466
1438 11418519.486
1439 11042568.306
1440 10641176.351
1441 10214855.046
1442 9852095.316
1443 9532246.088
1444 9146464.788
1445 8799796.345
1446 8543057.687
1447 8405175.745
1448 8350566.447
1449 8382174.724
1450 8517535.510
1451 8574974.236
1452 8559952.336
1453 8580928.745
1454 8509177.397
1455 8285733.730
1456 8029423.180
1457 7792598.685
1458 7493681.184
1459 7129215.119
1460 6771135.429
1461 6332188.556
1462 5833752.445
1463 5377031.039
1464 4985151.283
1465 4662928.124
1466 4296831.509
1467 3874872.387
1468 3535970.707
1469 3228074.420
1470 2884495.479
1471 2599313.836
1472 2357296.445
1473 2097131.263
1474 1873688.246
1475 1701475.353
1476 1540298.542
1477 1385720.773
1478 1232025.010
1479 1080876.215
1480 946865.352
1481 844328.388
1482 792463.289
1483 738921.025
1484 664031.564
1485 617331.878
1486 562637.941
1487 487534.725
1488 425815.207
1489 384133.363
1490 366587.172
1491 385634.614
1492 442854.670
1493 478686.323
1494 483526.558
1495 518729.360
1496 582802.717
1497 718373.618
1498 899281.053
1499 1058203.015
1500 1279359.497
1501 1561132.494
1502 1840546.004
1503 2239282.024
1504 2822789.556
1505 3439864.601
1506 4014983.162
1507 4558258.244
1508 5070286.854
1509 5621427.001
1510 6241116.695
1511 6825080.946
1512 7304241.270
1513 7687429.681
1514 8029131.696
1515 8421720.334
1516 8910508.615
1517 9333575.561
1518 9665918.696
1519 10073981.046
1520 10473751.638
1521 10821497.501
1522 11057399.917
1523 11150056.168
1524 11174687.538
1525 11129032.814
1526 11029433.284
1527 10919622.738
1528 10833776.467
1529 10705292.265
1530 10456346.677
1531 10116549.751
1532 9740173.034
1533 9409095.079
1534 9114355.438
1535 8881597.164
1536 8767653.815
1537 8698961.948
1538 8673053.122
1539 8664581.901
1540 8606262.846
1541 8538159.524
1542 8426224.502
1543 8248911.348
1544 8032971.133
1545 7780154.430
1546 7458204.813
1547 7098354.358
1548 6705893.143
1549 6268748.249
1550 5816656.256
1551 5386739.747
1552 4994569.809
1553 4595859.527
1554 4194022.991
1555 3780611.290
1556 3383572.517
1557 3029528.766
1558 2681660.132
1559 2385873.713
1560 2150963.607
1561 1898847.916
1562 1677737.741
1563 1432979.188
1564 1188379.360
1565 1020741.367
1566 871690.317
1567 776521.320
1568 748409.490
1569 676938.939
1570 564370.783
1571 445859.139
1572 393130.126
1573 357244.863
1574 286107.473
1575 205274.078
1576 196195.803
1577 240313.774
1578 296753.117
1579 385267.963
1580 510891.440
1581 636251.681
1582 744790.818
1583 897056.986
1584 1124152.320
1585 1401069.956
1586 1706565.033
1587 2036373.690
1588 2461150.067
1589 3030942.305
1590 3684310.548
1591 4359814.938
1592 5106009.620
1593 5895461.740
1594 6663145.946
1595 7427665.884
1596 8125490.703
1597 8692238.553
1598 9109003.083
1599 9409109.946
1600 9633862.293
1601 9801477.776
1602 9974036.050
1603 10114929.768
1604 10260724.084
1605 10410353.155
1606 10589330.885
1607 10738777.931
1608 10817094.199
1609 10902914.848
1610 10890896.033
1611 10733037.413
1612 10532635.646
1613 10237170.140
1614 9954412.553
1615 9717388.295
1616 9503785.522
1617 9321495.894
1618 9157507.069
1619 9028799.706
1620 8884771.962
1621 8711172.996
1622 8658487.965
1623 8664125.527
1624 8533397.838
1625 8304790.054
1626 8058515.833
1627 7759801.828
1628 7398024.695
1629 7027200.087
1630 6628128.158
1631 6193855.060
1632 5767899.444
1633 5307724.461
1634 4868967.259
1635 4468651.988
1636 4123246.793
1637 3762352.820
1638 3306056.214
1639 2876297.117
1640 2561695.671
1641 2222475.015
1642 1892982.287
1643 1623010.623
1644 1372409.158
1645 1166948.024
1646 984997.352
1647 826044.268
1648 712703.901
1649 621209.372
1650 533939.804
1651 451152.315
1652 366742.023
1653 287325.039
1654 249682.475
1655 262600.440
1656 316566.037
1657 406203.369
1658 506124.535
1659 591241.630
1660 654729.746
1661 719931.972
1662 817685.393
1663 1018090.090
1664 1322652.140
1665 1674192.617
1666 2102831.590
1667 2673471.126
1668 3356710.284
1669 4092859.121
1670 4941693.690
1671 5853549.037
1672 6745866.207
1673 7561258.235
1674 8163063.656
1675 8566429.496
1676 8881777.278
1677 9073309.019
1678 9123318.230
1679 9232466.416
1680 9400839.079
1681 9572158.711
1682 9796089.300
1683 10092983.077
1684 10364492.769
1685 10563813.343
1686 10654465.011
1687 10609481.978
1688 10498752.193
1689 10339982.596
1690 10195935.621
1691 10041267.194
1692 9811806.484
1693 9602060.401
1694 9452732.599
1695 9270382.472
1696 9139234.906
1697 9043971.780
1698 8899643.963
1699 8768458.815
1700 8703964.190
1701 8587032.428
1702 8376789.864
1703 8099220.320
1704 7730432.612
1705 7359382.544
1706 7039318.910
1707 6646464.993
1708 6169132.568
1709 5691244.897
1710 5215284.734
1711 4757491.817
1712 4318380.879
1713 3855207.638
1714 3390371.799
1715 3028232.059
1716 2690111.101
1717 2294430.596
1718 1938086.202
1719 1638357.565
1720 1362090.317
1721 1123623.080
1722 912116.459
1723 791570.047
1724 699050.424
1725 553491.155
1726 435573.791
1727 335612.868
1728 269480.909
1729 263158.420
1730 266724.894
1731 299722.806
1732 347858.618
1733 410535.773
1734 529521.702
1735 659163.816
1736 775057.511
1737 960782.165
1738 1208574.141
1739 1587126.781
1740 2111670.414
1741 2688935.346
1742 3392265.868
1743 4205446.252
1744 4993307.750
1745 5791435.097
1746 6605202.507
1747 7317020.174
1748 7801874.273
1749 8023025.960
1750 8178876.867
1751 8332187.609
1752 8483512.278
1753 8631227.944
1754 8809212.157
1755 9102881.443
1756 9476907.308
1757 9795950.484
1758 9959572.179
1759 10020507.080
1760 9978071.599
1761 9881288.624
1762 9791639.770
1763 9675545.376
1764 9532108.257
1765 9367129.453
1766 9217856.227
1767 9100585.567
1768 8978750.685
1769 8849492.266
1770 8693821.968
1771 8614650.923
1772 8543454.232
1773 8357094.972
1774 8094823.688
1775 7860918.399
1776 7622524.594
1777 7339915.232
1778 7052641.242
1779 6666110.523
1780 6207799.944
1781 5747892.342
1782 5317872.523
1783 4866541.761
1784 4342569.298
1785 3862434.343
1786 3403819.073
1787 2953835.630
1788 2582756.124
1789 2211601.628
1790 1829787.183
1791 1516334.794
1792 1265434.429
1793 1068721.024
1794 896925.473
1795 724446.638
1796 602565.342
1797 509307.369
1798 418772.466
1799 373795.342
1800 357475.667
1801 363668.069
1802 386140.139
1803 425574.426
1804 524804.438
1805 638643.643
1806 816113.465
1807 1102608.287
1808 1379129.449
1809 1681427.248
1810 2145819.936
1811 2763898.722
1812 3399894.769
1813 4022447.195
1814 4696662.073
1815 5397275.929
1816 6068820.742
1817 6631890.443
1818 7029778.916
1819 7325028.998
1820 7586973.473
1821 7768718.079
1822 7971081.003
1823 8224138.380
1824 8525881.295
1825 8854291.282
1826 9128894.322
1827 9256972.842
1828 9256869.718
1829 9220400.019
1830 9162749.012
1831 9063049.408
1832 8938833.111
1833 8869669.471
1834 8792322.529
1835 8658489.770
1836 8472988.369
1837 8287142.195
1838 8159784.555
1839 8085322.197
1840 7972060.308
1841 7825623.016
1842 7668025.884
1843 7497514.413
1844 7245091.043
1845 6985205.649
1846 6751644.040
1847 6473192.463
1848 6111403.096
1849 5688114.553
1850 5235622.880
1851 4766294.054
1852 4291175.486
1853 3811840.517
1854 3322097.915
1855 2862090.383
1856 2478361.549
1857 2131481.969
1858 1829212.128
1859 1517617.438
1860 1233126.233
1861 1000610.778
1862 808415.257
1863 592147.780
1864 429887.382
1865 369623.017
1866 343129.561
1867 254866.812
1868 165670.487
1869 222052.223
1870 361159.573
1871 446110.011
1872 490892.925
1873 689421.621
1874 1029352.318
1875 1365490.152
1876 1689975.170
1877 2025202.334
1878 2434864.517
1879 2960127.502
1880 3521368.985
1881 4104116.568
1882 4722315.265
1883 5328895.995
1884 5868896.086
1885 6292473.271
1886 6600217.688
1887 6803043.380
1888 6919331.792
1889 7136338.773
1890 7422781.574
1891 7606619.345
1892 7724665.387
1893 7750244.649
1894 7706771.980
1895 7654185.874
1896 7599943.222
1897 7485710.809
1898 7316642.067
1899 7167905.569
1900 7095173.031
1901 7058583.311
1902 7023951.406
1903 6932260.204
1904 6785803.981
1905 6636796.399
1906 6537196.010
1907 6417915.248
1908 6230217.433
1909 6105122.769
1910 5984338.341
1911 5767544.616
1912 5507379.943
1913 5253840.548
1914 4994028.537
1915 4701609.392
1916 4418511.972
1917 4086272.510
1918 3697284.616
1919 3255846.270
1920 2805721.324
1921 2392639.003
1922 2029168.899
1923 1649896.476
1924 1319232.561
1925 1035799.851
1926 772281.907
1927 589507.153
1928 531707.878
1929 480429.231
1930 338890.223
1931 240280.723
1932 257550.459
1933 308339.016
1934 386060.836
1935 527142.213
1936 689324.298
1937 870166.091
1938 1082492.944
1939 1310250.061
1940 1618615.492
1941 2008899.135
1942 2435090.734
1943 2863085.379
1944 3364120.502
1945 3931396.879
1946 4462542.624
1947 4769125.945
1948 4926692.635
1949 4987879.074
1950 5010140.231
1951 5026228.407
1952 5011551.236
1953 4972235.685
1954 4925801.550
1955 4858834.458
1956 4776650.862
1957 4685121.043
1958 4594766.855
1959 4496951.727
1960 4382484.659
1961 4272168.974
1962 4199352.063
1963 4134234.383
1964 4048594.462
1965 3952952.388
1966 3833124.067
1967 3704237.215
1968 3616149.858
1969 3531125.332
1970 3407415.783
1971 3276788.409
1972 3146902.967
1973 2975499.263
1974 2801426.409
1975 2647021.064
1976 2500358.436
1977 2398324.283
1978 2313291.904
1979 2167970.646
1980 2003554.896
1981 1872502.833
1982 1770867.175
1983 1664406.677
1984 1556854.130
1985 1460687.612
1986 1357793.979
1987 1231083.122
1988 1121193.211
1989 1037658.192
1990 992272.788
1991 961247.498
1992 929539.591
1993 860858.110
1994 763668.864
1995 691792.184
1996 611581.538
1997 480089.160
1998 356382.546
1999 326153.203
