2496
10,000	0,015
12,000	0,203
14,000	0,018
16,000	0,143
18,000	0,019
20,000	0,110
22,000	0,013
24,000	0,093
26,000	0,014
28,000	0,081
30,000	0,021
32,000	0,071
34,000	0,022
36,000	0,055
38,000	0,013
40,000	0,054
42,000	0,017
44,000	0,045
46,000	0,010
48,000	0,049
50,000	0,021
52,000	0,045
54,000	0,014
56,000	0,046
58,000	0,020
60,000	0,040
62,000	0,025
64,000	0,037
66,000	0,022
68,000	0,030
70,000	0,019
72,000	0,029
74,000	0,020
76,000	0,031
78,000	0,018
80,000	0,032
82,000	0,029
84,000	0,013
86,000	0,016
88,000	0,030
90,000	0,019
92,000	0,023
94,000	0,020
96,000	0,019
98,000	0,014
100,000	0,027
102,000	0,028
104,000	0,016
106,000	0,015
108,000	0,018
110,000	0,020
112,000	0,016
114,000	0,015
116,000	0,020
118,000	0,016
120,000	0,022
122,000	0,012
124,000	0,029
126,000	0,024
128,000	0,019
130,000	0,018
132,000	0,026
134,000	0,026
136,000	0,014
138,000	0,026
140,000	0,025
142,000	0,025
144,000	0,023
146,000	0,023
148,000	0,030
150,000	0,020
152,000	0,030
154,000	0,024
156,000	0,021
158,000	0,026
160,000	0,022
162,000	0,029
164,000	0,024
166,000	0,022
168,000	0,029
170,000	0,041
172,000	0,040
174,000	0,034
176,000	0,021
178,000	0,030
180,000	0,022
182,000	0,022
184,000	0,024
186,000	0,033
188,000	0,020
190,000	0,038
192,000	0,021
194,000	0,028
196,000	0,020
198,000	0,029
200,000	0,025
202,000	0,033
204,000	0,023
206,000	0,028
208,000	0,017
210,000	0,023
212,000	0,025
214,000	0,034
216,000	0,030
218,000	0,031
220,000	0,021
222,000	0,040
224,000	0,021
226,000	0,041
228,000	0,042
230,000	0,049
232,000	0,040
234,000	0,050
236,000	0,050
238,000	0,047
240,000	0,030
242,000	0,032
244,000	0,030
246,000	0,043
248,000	0,024
250,000	0,041
252,000	0,034
254,000	0,026
256,000	0,034
258,000	0,041
260,000	0,051
262,000	0,052
264,000	0,059
266,000	0,076
268,000	0,055
270,000	0,055
272,000	0,055
274,000	0,067
276,000	0,068
278,000	0,067
280,000	0,085
282,000	0,106
284,000	0,113
286,000	0,158
288,000	0,141
290,000	0,108
292,000	0,075
294,000	0,082
296,000	0,072
298,000	0,077
300,000	0,058
302,000	0,067
304,000	0,056
306,000	0,087
308,000	0,084
310,000	0,110
312,000	0,112
314,000	0,146
316,000	0,123
318,000	0,129
320,000	0,128
322,000	0,187
324,000	0,245
326,000	0,402
328,000	0,451
330,000	0,463
332,000	0,485
334,000	0,387
336,000	0,321
338,000	0,286
340,000	0,278
342,000	0,259
344,000	0,220
346,000	0,173
348,000	0,142
350,000	0,118
352,000	0,101
354,000	0,082
356,000	0,048
358,000	0,047
360,000	0,147
362,000	0,240
364,000	0,219
366,000	0,182
368,000	0,162
370,000	0,152
372,000	0,153
374,000	0,149
376,000	0,140
378,000	0,114
380,000	0,121
382,000	0,107
384,000	0,094
386,000	0,065
388,000	0,071
390,000	0,070
392,000	0,068
394,000	0,040
396,000	0,037
398,000	0,030
400,000	0,023
402,000	0,006
404,000	0,032
406,000	0,092
408,000	0,187
410,000	0,225
412,000	0,175
414,000	0,147
416,000	0,145
418,000	0,159
420,000	0,154
422,000	0,144
424,000	0,140
426,000	0,117
428,000	0,113
430,000	0,091
432,000	0,092
434,000	0,073
436,000	0,070
438,000	0,074
440,000	0,078
442,000	0,061
444,000	0,061
446,000	0,050
448,000	0,059
450,000	0,061
452,000	0,062
454,000	0,063
456,000	0,070
458,000	0,049
460,000	0,054
462,000	0,047
464,000	0,044
466,000	0,051
468,000	0,045
470,000	0,033
472,000	0,035
474,000	0,033
476,000	0,043
478,000	0,036
480,000	0,038
482,000	0,031
484,000	0,037
486,000	0,051
488,000	0,054
490,000	0,036
492,000	0,042
494,000	0,029
496,000	0,042
498,000	0,037
500,000	0,044
502,000	0,041
504,000	0,039
506,000	0,025
508,000	0,028
510,000	0,023
512,000	0,032
514,000	0,026
516,000	0,036
518,000	0,028
520,000	0,025
522,000	0,026
524,000	0,037
526,000	0,025
528,000	0,029
530,000	0,026
532,000	0,026
534,000	0,024
536,000	0,039
538,000	0,024
540,000	0,029
542,000	0,015
544,000	0,024
546,000	0,027
548,000	0,023
550,000	0,035
552,000	0,037
554,000	0,030
556,000	0,033
558,000	0,026
560,000	0,034
562,000	0,032
564,000	0,020
566,000	0,033
568,000	0,038
570,000	0,014
572,000	0,027
574,000	0,020
576,000	0,017
578,000	0,023
580,000	0,027
582,000	0,021
584,000	0,028
586,000	0,019
588,000	0,036
590,000	0,027
592,000	0,019
594,000	0,009
596,000	0,023
598,000	0,023
600,000	0,007
602,000	0,026
604,000	0,019
606,000	0,012
608,000	0,025
610,000	0,013
612,000	0,021
614,000	0,012
616,000	0,017
618,000	0,019
620,000	0,022
622,000	0,023
624,000	0,032
626,000	0,035
628,000	0,032
630,000	0,014
632,000	0,016
634,000	0,013
636,000	0,028
638,000	0,023
640,000	0,016
642,000	0,010
644,000	0,017
646,000	0,025
648,000	0,019
650,000	0,016
652,000	0,023
654,000	0,022
656,000	0,021
658,000	0,018
660,000	0,020
662,000	0,013
664,000	0,024
666,000	0,016
668,000	0,011
670,000	0,014
672,000	0,024
674,000	0,012
676,000	0,016
678,000	0,022
680,000	0,013
682,000	0,017
684,000	0,020
686,000	0,021
688,000	0,024
690,000	0,017
692,000	0,013
694,000	0,020
696,000	0,014
698,000	0,012
700,000	0,014
702,000	0,010
704,000	0,018
706,000	0,017
708,000	0,007
710,000	0,022
712,000	0,011
714,000	0,018
716,000	0,014
718,000	0,015
720,000	0,026
722,000	0,013
724,000	0,019
726,000	0,008
728,000	0,017
730,000	0,011
732,000	0,016
734,000	0,005
736,000	0,016
738,000	0,005
740,000	0,023
742,000	0,017
744,000	0,012
746,000	0,015
748,000	0,011
750,000	0,014
752,000	0,013
754,000	0,013
756,000	0,014
758,000	0,027
760,000	0,010
762,000	0,018
764,000	0,009
766,000	0,018
768,000	0,019
770,000	0,002
772,000	0,011
774,000	0,007
776,000	0,019
778,000	0,023
780,000	0,017
782,000	0,020
784,000	0,017
786,000	0,013
788,000	0,021
790,000	0,012
792,000	0,015
794,000	0,006
796,000	0,021
798,000	0,012
800,000	0,011
802,000	0,011
804,000	0,011
806,000	0,014
808,000	0,006
810,000	0,019
812,000	0,016
814,000	0,008
816,000	0,011
818,000	0,009
820,000	0,023
822,000	0,012
824,000	0,010
826,000	0,017
828,000	0,013
830,000	0,012
832,000	0,009
834,000	0,005
836,000	0,009
838,000	0,001
840,000	0,012
842,000	0,015
844,000	0,021
846,000	0,013
848,000	0,014
850,000	0,014
852,000	0,021
854,000	0,014
856,000	0,011
858,000	0,021
860,000	0,007
862,000	0,011
864,000	0,011
866,000	0,005
868,000	0,019
870,000	0,013
872,000	0,009
874,000	0,013
876,000	0,010
878,000	0,021
880,000	0,017
882,000	0,006
884,000	0,015
886,000	0,004
888,000	0,014
890,000	0,011
892,000	0,007
894,000	0,013
896,000	0,007
898,000	0,013
900,000	0,014
902,000	0,005
904,000	0,010
906,000	0,014
908,000	0,004
910,000	0,012
912,000	0,013
914,000	0,006
916,000	0,009
918,000	0,009
920,000	0,016
922,000	0,015
924,000	0,004
926,000	0,006
928,000	0,005
930,000	0,010
932,000	0,017
934,000	0,002
936,000	0,022
938,000	0,017
940,000	0,006
942,000	0,014
944,000	0,013
946,000	0,016
948,000	0,012
950,000	0,013
952,000	0,014
954,000	0,011
956,000	0,007
958,000	0,012
960,000	0,009
962,000	0,015
964,000	0,010
966,000	0,006
968,000	0,004
970,000	0,009
972,000	0,004
974,000	0,013
976,000	0,007
978,000	0,011
980,000	0,012
982,000	0,006
984,000	0,016
986,000	0,007
988,000	0,011
990,000	0,016
992,000	0,008
994,000	0,006
996,000	0,015
998,000	0,010
1000,000	0,003
1002,000	0,005
1004,000	0,010
1006,000	0,012
1008,000	0,011
1010,000	0,015
1012,000	0,006
1014,000	0,008
1016,000	0,012
1018,000	0,009
1020,000	0,001
1022,000	0,010
1024,000	0,003
1026,000	0,014
1028,000	0,017
1030,000	0,002
1032,000	0,010
1034,000	0,005
1036,000	0,005
1038,000	0,005
1040,000	0,008
1042,000	0,006
1044,000	0,006
1046,000	0,005
1048,000	0,006
1050,000	0,008
1052,000	0,019
1054,000	0,015
1056,000	0,008
1058,000	0,009
1060,000	0,012
1062,000	0,005
1064,000	0,010
1066,000	0,010
1068,000	0,008
1070,000	0,015
1072,000	0,005
1074,000	0,012
1076,000	0,014
1078,000	0,013
1080,000	0,012
1082,000	0,003
1084,000	0,016
1086,000	0,017
1088,000	0,007
1090,000	0,012
1092,000	0,011
1094,000	0,007
1096,000	0,007
1098,000	0,010
1100,000	0,009
1102,000	0,001
1104,000	0,008
1106,000	0,013
1108,000	0,009
1110,000	0,006
1112,000	0,004
1114,000	0,007
1116,000	0,007
1118,000	0,007
1120,000	0,013
1122,000	0,005
1124,000	0,010
1126,000	0,009
1128,000	0,003
1130,000	0,012
1132,000	0,008
1134,000	0,006
1136,000	0,010
1138,000	0,002
1140,000	0,004
1142,000	0,006
1144,000	0,010
1146,000	0,001
1148,000	0,012
1150,000	0,014
1152,000	0,007
1154,000	0,007
1156,000	0,012
1158,000	0,007
1160,000	0,011
1162,000	0,006
1164,000	0,015
1166,000	0,011
1168,000	0,007
1170,000	0,004
1172,000	0,006
1174,000	0,013
1176,000	0,012
1178,000	0,007
1180,000	0,014
1182,000	0,008
1184,000	0,010
1186,000	0,006
1188,000	0,012
1190,000	0,011
1192,000	0,009
1194,000	0,018
1196,000	0,011
1198,000	0,004
1200,000	0,006
1202,000	0,003
1204,000	0,008
1206,000	0,005
1208,000	0,012
1210,000	0,011
1212,000	0,001
1214,000	0,009
1216,000	0,014
1218,000	0,018
1220,000	0,012
1222,000	0,004
1224,000	0,008
1226,000	0,003
1228,000	0,007
1230,000	0,004
1232,000	0,007
1234,000	0,007
1236,000	0,004
1238,000	0,006
1240,000	0,011
1242,000	0,008
1244,000	0,009
1246,000	0,011
1248,000	0,008
1250,000	0,003
1252,000	0,007
1254,000	0,010
1256,000	0,011
1258,000	0,012
1260,000	0,002
1262,000	0,008
1264,000	0,012
1266,000	0,010
1268,000	0,005
1270,000	0,008
1272,000	0,004
1274,000	0,007
1276,000	0,004
1278,000	0,004
1280,000	0,004
1282,000	0,012
1284,000	0,013
1286,000	0,006
1288,000	0,006
1290,000	0,010
1292,000	0,008
1294,000	0,009
1296,000	0,006
1298,000	0,004
1300,000	0,006
1302,000	0,009
1304,000	0,001
1306,000	0,012
1308,000	0,015
1310,000	0,010
1312,000	0,008
1314,000	0,022
1316,000	0,013
1318,000	0,009
1320,000	0,013
1322,000	0,003
1324,000	0,010
1326,000	0,004
1328,000	0,016
1330,000	0,012
1332,000	0,011
1334,000	0,004
1336,000	0,009
1338,000	0,007
1340,000	0,008
1342,000	0,008
1344,000	0,005
1346,000	0,003
1348,000	0,006
1350,000	0,005
1352,000	0,009
1354,000	0,005
1356,000	0,009
1358,000	0,011
1360,000	0,001
1362,000	0,011
1364,000	0,013
1366,000	0,006
1368,000	0,006
1370,000	0,002
1372,000	0,011
1374,000	0,004
1376,000	0,010
1378,000	0,011
1380,000	0,002
1382,000	0,004
1384,000	0,007
1386,000	0,013
1388,000	0,010
1390,000	0,006
1392,000	0,015
1394,000	0,017
1396,000	0,004
1398,000	0,011
1400,000	0,008
1402,000	0,009
1404,000	0,006
1406,000	0,003
1408,000	0,006
1410,000	0,009
1412,000	0,008
1414,000	0,003
1416,000	0,014
1418,000	0,017
1420,000	0,006
1422,000	0,017
1424,000	0,015
1426,000	0,004
1428,000	0,007
1430,000	0,003
1432,000	0,007
1434,000	0,006
1436,000	0,007
1438,000	0,005
1440,000	0,009
1442,000	0,005
1444,000	0,010
1446,000	0,001
1448,000	0,011
1450,000	0,008
1452,000	0,005
1454,000	0,006
1456,000	0,008
1458,000	0,003
1460,000	0,012
1462,000	0,007
1464,000	0,004
1466,000	0,007
1468,000	0,012
1470,000	0,009
1472,000	0,003
1474,000	0,004
1476,000	0,006
1478,000	0,006
1480,000	0,003
1482,000	0,008
1484,000	0,010
1486,000	0,002
1488,000	0,010
1490,000	0,003
1492,000	0,009
1494,000	0,003
1496,000	0,006
1498,000	0,002
1500,000	0,007
1502,000	0,008
1504,000	0,012
1506,000	0,009
1508,000	0,008
1510,000	0,002
1512,000	0,012
1514,000	0,009
1516,000	0,013
1518,000	0,012
1520,000	0,006
1522,000	0,012
1524,000	0,008
1526,000	0,010
1528,000	0,005
1530,000	0,004
1532,000	0,005
1534,000	0,006
1536,000	0,009
1538,000	0,006
1540,000	0,004
1542,000	0,006
1544,000	0,014
1546,000	0,010
1548,000	0,007
1550,000	0,011
1552,000	0,007
1554,000	0,006
1556,000	0,013
1558,000	0,007
1560,000	0,008
1562,000	0,004
1564,000	0,006
1566,000	0,005
1568,000	0,010
1570,000	0,010
1572,000	0,003
1574,000	0,003
1576,000	0,001
1578,000	0,008
1580,000	0,016
1582,000	0,010
1584,000	0,007
1586,000	0,012
1588,000	0,004
1590,000	0,007
1592,000	0,006
1594,000	0,006
1596,000	0,010
1598,000	0,004
1600,000	0,006
1602,000	0,004
1604,000	0,003
1606,000	0,003
1608,000	0,003
1610,000	0,005
1612,000	0,008
1614,000	0,005
1616,000	0,005
1618,000	0,006
1620,000	0,005
1622,000	0,006
1624,000	0,005
1626,000	0,003
1628,000	0,005
1630,000	0,003
1632,000	0,009
1634,000	0,009
1636,000	0,006
1638,000	0,006
1640,000	0,002
1642,000	0,006
1644,000	0,013
1646,000	0,014
1648,000	0,015
1650,000	0,014
1652,000	0,006
1654,000	0,005
1656,000	0,011
1658,000	0,008
1660,000	0,005
1662,000	0,006
1664,000	0,005
1666,000	0,011
1668,000	0,006
1670,000	0,003
1672,000	0,003
1674,000	0,007
1676,000	0,010
1678,000	0,006
1680,000	0,002
1682,000	0,005
1684,000	0,006
1686,000	0,010
1688,000	0,005
1690,000	0,005
1692,000	0,007
1694,000	0,002
1696,000	0,008
1698,000	0,008
1700,000	0,010
1702,000	0,005
1704,000	0,003
1706,000	0,003
1708,000	0,006
1710,000	0,007
1712,000	0,003
1714,000	0,012
1716,000	0,011
1718,000	0,002
1720,000	0,009
1722,000	0,009
1724,000	0,007
1726,000	0,008
1728,000	0,005
1730,000	0,005
1732,000	0,002
1734,000	0,002
1736,000	0,002
1738,000	0,008
1740,000	0,004
1742,000	0,006
1744,000	0,008
1746,000	0,009
1748,000	0,012
1750,000	0,007
1752,000	0,005
1754,000	0,004
1756,000	0,010
1758,000	0,004
1760,000	0,006
1762,000	0,006
1764,000	0,001
1766,000	0,003
1768,000	0,002
1770,000	0,003
1772,000	0,005
1774,000	0,003
1776,000	0,002
1778,000	0,003
1780,000	0,004
1782,000	0,004
1784,000	0,009
1786,000	0,007
1788,000	0,008
1790,000	0,008
1792,000	0,011
1794,000	0,008
1796,000	0,003
1798,000	0,006
1800,000	0,003
1802,000	0,008
1804,000	0,012
1806,000	0,009
1808,000	0,004
1810,000	0,009
1812,000	0,010
1814,000	0,007
1816,000	0,003
1818,000	0,008
1820,000	0,004
1822,000	0,004
1824,000	0,003
1826,000	0,004
1828,000	0,003
1830,000	0,008
1832,000	0,004
1834,000	0,005
1836,000	0,008
1838,000	0,004
1840,000	0,006
1842,000	0,009
1844,000	0,006
1846,000	0,002
1848,000	0,004
1850,000	0,006
1852,000	0,005
1854,000	0,001
1856,000	0,001
1858,000	0,003
1860,000	0,001
1862,000	0,007
1864,000	0,009
1866,000	0,003
1868,000	0,006
1870,000	0,006
1872,000	0,002
1874,000	0,003
1876,000	0,007
1878,000	0,011
1880,000	0,012
1882,000	0,004
1884,000	0,006
1886,000	0,005
1888,000	0,001
1890,000	0,003
1892,000	0,007
1894,000	0,006
1896,000	0,005
1898,000	0,007
1900,000	0,004
1902,000	0,008
1904,000	0,013
1906,000	0,006
1908,000	0,008
1910,000	0,006
1912,000	0,008
1914,000	0,008
1916,000	0,011
1918,000	0,007
1920,000	0,007
1922,000	0,006
1924,000	0,003
1926,000	0,004
1928,000	0,013
1930,000	0,011
1932,000	0,001
1934,000	0,004
1936,000	0,005
1938,000	0,006
1940,000	0,004
1942,000	0,012
1944,000	0,011
1946,000	0,006
1948,000	0,002
1950,000	0,007
1952,000	0,011
1954,000	0,007
1956,000	0,000
1958,000	0,004
1960,000	0,005
1962,000	0,007
1964,000	0,003
1966,000	0,006
1968,000	0,008
1970,000	0,004
1972,000	0,006
1974,000	0,003
1976,000	0,004
1978,000	0,005
1980,000	0,002
1982,000	0,002
1984,000	0,002
1986,000	0,010
1988,000	0,012
1990,000	0,004
1992,000	0,004
1994,000	0,003
1996,000	0,002
1998,000	0,004
2000,000	0,008
2002,000	0,004
2004,000	0,010
2006,000	0,008
2008,000	0,001
2010,000	0,006
2012,000	0,012
2014,000	0,011
2016,000	0,004
2018,000	0,008
2020,000	0,006
2022,000	0,005
2024,000	0,006
2026,000	0,005
2028,000	0,006
2030,000	0,007
2032,000	0,002
2034,000	0,002
2036,000	0,006
2038,000	0,010
2040,000	0,007
2042,000	0,009
2044,000	0,007
2046,000	0,001
2048,000	0,001
2050,000	0,003
2052,000	0,004
2054,000	0,003
2056,000	0,004
2058,000	0,006
2060,000	0,006
2062,000	0,008
2064,000	0,008
2066,000	0,003
2068,000	0,007
2070,000	0,006
2072,000	0,003
2074,000	0,008
2076,000	0,007
2078,000	0,006
2080,000	0,010
2082,000	0,008
2084,000	0,007
2086,000	0,006
2088,000	0,002
2090,000	0,003
2092,000	0,004
2094,000	0,002
2096,000	0,005
2098,000	0,002
2100,000	0,001
2102,000	0,004
2104,000	0,010
2106,000	0,007
2108,000	0,002
2110,000	0,002
2112,000	0,005
2114,000	0,006
2116,000	0,006
2118,000	0,006
2120,000	0,010
2122,000	0,012
2124,000	0,004
2126,000	0,006
2128,000	0,007
2130,000	0,005
2132,000	0,006
2134,000	0,005
2136,000	0,002
2138,000	0,004
2140,000	0,005
2142,000	0,009
2144,000	0,007
2146,000	0,011
2148,000	0,010
2150,000	0,002
2152,000	0,007
2154,000	0,008
2156,000	0,006
2158,000	0,009
2160,000	0,009
2162,000	0,006
2164,000	0,005
2166,000	0,006
2168,000	0,004
2170,000	0,007
2172,000	0,004
2174,000	0,008
2176,000	0,012
2178,000	0,007
2180,000	0,008
2182,000	0,004
2184,000	0,002
2186,000	0,002
2188,000	0,004
2190,000	0,002
2192,000	0,005
2194,000	0,010
2196,000	0,013
2198,000	0,006
2200,000	0,007
2202,000	0,007
2204,000	0,004
2206,000	0,004
2208,000	0,005
2210,000	0,005
2212,000	0,008
2214,000	0,004
2216,000	0,009
2218,000	0,010
2220,000	0,005
2222,000	0,006
2224,000	0,004
2226,000	0,003
2228,000	0,007
2230,000	0,003
2232,000	0,011
2234,000	0,012
2236,000	0,004
2238,000	0,010
2240,000	0,007
2242,000	0,005
2244,000	0,013
2246,000	0,009
2248,000	0,005
2250,000	0,010
2252,000	0,007
2254,000	0,003
2256,000	0,003
2258,000	0,008
2260,000	0,010
2262,000	0,005
2264,000	0,005
2266,000	0,004
2268,000	0,006
2270,000	0,010
2272,000	0,005
2274,000	0,002
2276,000	0,005
2278,000	0,007
2280,000	0,009
2282,000	0,008
2284,000	0,009
2286,000	0,011
2288,000	0,008
2290,000	0,009
2292,000	0,013
2294,000	0,010
2296,000	0,003
2298,000	0,004
2300,000	0,003
2302,000	0,004
2304,000	0,006
2306,000	0,009
2308,000	0,005
2310,000	0,004
2312,000	0,007
2314,000	0,003
2316,000	0,002
2318,000	0,004
2320,000	0,006
2322,000	0,003
2324,000	0,004
2326,000	0,010
2328,000	0,013
2330,000	0,005
2332,000	0,007
2334,000	0,007
2336,000	0,004
2338,000	0,008
2340,000	0,003
2342,000	0,002
2344,000	0,005
2346,000	0,006
2348,000	0,003
2350,000	0,009
2352,000	0,008
2354,000	0,002
2356,000	0,004
2358,000	0,010
2360,000	0,012
2362,000	0,010
2364,000	0,008
2366,000	0,006
2368,000	0,005
2370,000	0,001
2372,000	0,006
2374,000	0,005
2376,000	0,005
2378,000	0,009
2380,000	0,003
2382,000	0,009
2384,000	0,008
2386,000	0,004
2388,000	0,006
2390,000	0,006
2392,000	0,005
2394,000	0,007
2396,000	0,011
2398,000	0,005
2400,000	0,007
2402,000	0,014
2404,000	0,010
2406,000	0,001
2408,000	0,005
2410,000	0,005
2412,000	0,005
2414,000	0,005
2416,000	0,011
2418,000	0,010
2420,000	0,002
2422,000	0,005
2424,000	0,001
2426,000	0,007
2428,000	0,006
2430,000	0,002
2432,000	0,006
2434,000	0,008
2436,000	0,010
2438,000	0,010
2440,000	0,010
2442,000	0,007
2444,000	0,005
2446,000	0,010
2448,000	0,007
2450,000	0,008
2452,000	0,005
2454,000	0,003
2456,000	0,000
2458,000	0,007
2460,000	0,009
2462,000	0,007
2464,000	0,003
2466,000	0,003
2468,000	0,003
2470,000	0,005
2472,000	0,010
2474,000	0,006
2476,000	0,005
2478,000	0,004
2480,000	0,005
2482,000	0,006
2484,000	0,009
2486,000	0,009
2488,000	0,003
2490,000	0,005
2492,000	0,009
2494,000	0,006
2496,000	0,006
2498,000	0,010
2500,000	0,007
2502,000	0,001
2504,000	0,005
2506,000	0,007
2508,000	0,006
2510,000	0,004
2512,000	0,003
2514,000	0,003
2516,000	0,005
2518,000	0,006
2520,000	0,004
2522,000	0,002
2524,000	0,005
2526,000	0,005
2528,000	0,004
2530,000	0,008
2532,000	0,008
2534,000	0,007
2536,000	0,013
2538,000	0,008
2540,000	0,003
2542,000	0,006
2544,000	0,004
2546,000	0,006
2548,000	0,003
2550,000	0,000
2552,000	0,004
2554,000	0,007
2556,000	0,003
2558,000	0,005
2560,000	0,007
2562,000	0,006
2564,000	0,005
2566,000	0,012
2568,000	0,009
2570,000	0,002
2572,000	0,007
2574,000	0,003
2576,000	0,002
2578,000	0,004
2580,000	0,005
2582,000	0,008
2584,000	0,005
2586,000	0,004
2588,000	0,006
2590,000	0,005
2592,000	0,005
2594,000	0,003
2596,000	0,002
2598,000	0,006
2600,000	0,005
2602,000	0,003
2604,000	0,004
2606,000	0,005
2608,000	0,004
2610,000	0,005
2612,000	0,004
2614,000	0,005
2616,000	0,009
2618,000	0,007
2620,000	0,003
2622,000	0,007
2624,000	0,009
2626,000	0,006
2628,000	0,003
2630,000	0,008
2632,000	0,007
2634,000	0,003
2636,000	0,004
2638,000	0,009
2640,000	0,010
2642,000	0,001
2644,000	0,009
2646,000	0,011
2648,000	0,006
2650,000	0,006
2652,000	0,005
2654,000	0,006
2656,000	0,008
2658,000	0,004
2660,000	0,003
2662,000	0,005
2664,000	0,009
2666,000	0,008
2668,000	0,006
2670,000	0,005
2672,000	0,003
2674,000	0,004
2676,000	0,007
2678,000	0,007
2680,000	0,002
2682,000	0,009
2684,000	0,008
2686,000	0,002
2688,000	0,005
2690,000	0,007
2692,000	0,003
2694,000	0,004
2696,000	0,005
2698,000	0,002
2700,000	0,001
2702,000	0,003
2704,000	0,003
2706,000	0,008
2708,000	0,008
2710,000	0,004
2712,000	0,006
2714,000	0,001
2716,000	0,007
2718,000	0,005
2720,000	0,007
2722,000	0,006
2724,000	0,005
2726,000	0,004
2728,000	0,002
2730,000	0,003
2732,000	0,003
2734,000	0,007
2736,000	0,006
2738,000	0,002
2740,000	0,009
2742,000	0,008
2744,000	0,008
2746,000	0,011
2748,000	0,008
2750,000	0,008
2752,000	0,006
2754,000	0,006
2756,000	0,005
2758,000	0,003
2760,000	0,005
2762,000	0,008
2764,000	0,012
2766,000	0,012
2768,000	0,005
2770,000	0,003
2772,000	0,003
2774,000	0,004
2776,000	0,007
2778,000	0,011
2780,000	0,012
2782,000	0,005
2784,000	0,007
2786,000	0,008
2788,000	0,008
2790,000	0,004
2792,000	0,001
2794,000	0,005
2796,000	0,009
2798,000	0,008
2800,000	0,004
2802,000	0,003
2804,000	0,006
2806,000	0,001
2808,000	0,008
2810,000	0,006
2812,000	0,005
2814,000	0,006
2816,000	0,008
2818,000	0,006
2820,000	0,002
2822,000	0,001
2824,000	0,006
2826,000	0,008
2828,000	0,006
2830,000	0,003
2832,000	0,003
2834,000	0,002
2836,000	0,002
2838,000	0,008
2840,000	0,010
2842,000	0,001
2844,000	0,010
2846,000	0,008
2848,000	0,003
2850,000	0,005
2852,000	0,003
2854,000	0,005
2856,000	0,005
2858,000	0,005
2860,000	0,005
2862,000	0,005
2864,000	0,007
2866,000	0,008
2868,000	0,005
2870,000	0,002
2872,000	0,003
2874,000	0,007
2876,000	0,007
2878,000	0,002
2880,000	0,005
2882,000	0,006
2884,000	0,002
2886,000	0,002
2888,000	0,004
2890,000	0,007
2892,000	0,003
2894,000	0,002
2896,000	0,006
2898,000	0,009
2900,000	0,004
2902,000	0,005
2904,000	0,009
2906,000	0,002
2908,000	0,009
2910,000	0,009
2912,000	0,005
2914,000	0,010
2916,000	0,008
2918,000	0,009
2920,000	0,013
2922,000	0,010
2924,000	0,004
2926,000	0,003
2928,000	0,002
2930,000	0,006
2932,000	0,007
2934,000	0,003
2936,000	0,003
2938,000	0,004
2940,000	0,002
2942,000	0,004
2944,000	0,006
2946,000	0,002
2948,000	0,004
2950,000	0,006
2952,000	0,005
2954,000	0,005
2956,000	0,008
2958,000	0,010
2960,000	0,004
2962,000	0,004
2964,000	0,009
2966,000	0,006
2968,000	0,005
2970,000	0,010
2972,000	0,010
2974,000	0,007
2976,000	0,002
2978,000	0,003
2980,000	0,005
2982,000	0,007
2984,000	0,001
2986,000	0,006
2988,000	0,003
2990,000	0,005
2992,000	0,006
2994,000	0,004
2996,000	0,002
2998,000	0,008
3000,000	0,007
3002,000	0,001
3004,000	0,004
3006,000	0,007
3008,000	0,006
3010,000	0,001
3012,000	0,005
3014,000	0,005
3016,000	0,005
3018,000	0,004
3020,000	0,004
3022,000	0,009
3024,000	0,010
3026,000	0,008
3028,000	0,006
3030,000	0,005
3032,000	0,007
3034,000	0,005
3036,000	0,003
3038,000	0,005
3040,000	0,005
3042,000	0,011
3044,000	0,007
3046,000	0,006
3048,000	0,007
3050,000	0,004
3052,000	0,005
3054,000	0,003
3056,000	0,002
3058,000	0,003
3060,000	0,005
3062,000	0,005
3064,000	0,005
3066,000	0,008
3068,000	0,009
3070,000	0,004
3072,000	0,004
3074,000	0,004
3076,000	0,004
3078,000	0,009
3080,000	0,005
3082,000	0,002
3084,000	0,006
3086,000	0,005
3088,000	0,002
3090,000	0,002
3092,000	0,004
3094,000	0,003
3096,000	0,002
3098,000	0,007
3100,000	0,010
3102,000	0,012
3104,000	0,015
3106,000	0,014
3108,000	0,009
3110,000	0,004
3112,000	0,006
3114,000	0,010
3116,000	0,006
3118,000	0,002
3120,000	0,004
3122,000	0,007
3124,000	0,007
3126,000	0,004
3128,000	0,002
3130,000	0,001
3132,000	0,002
3134,000	0,003
3136,000	0,004
3138,000	0,006
3140,000	0,009
3142,000	0,009
3144,000	0,004
3146,000	0,005
3148,000	0,003
3150,000	0,005
3152,000	0,007
3154,000	0,005
3156,000	0,003
3158,000	0,003
3160,000	0,006
3162,000	0,005
3164,000	0,002
3166,000	0,005
3168,000	0,007
3170,000	0,008
3172,000	0,012
3174,000	0,011
3176,000	0,006
3178,000	0,005
3180,000	0,005
3182,000	0,004
3184,000	0,004
3186,000	0,004
3188,000	0,005
3190,000	0,003
3192,000	0,005
3194,000	0,003
3196,000	0,004
3198,000	0,006
3200,000	0,001
3202,000	0,003
3204,000	0,005
3206,000	0,008
3208,000	0,005
3210,000	0,006
3212,000	0,006
3214,000	0,001
3216,000	0,004
3218,000	0,001
3220,000	0,003
3222,000	0,001
3224,000	0,005
3226,000	0,006
3228,000	0,004
3230,000	0,003
3232,000	0,002
3234,000	0,003
3236,000	0,002
3238,000	0,001
3240,000	0,003
3242,000	0,003
3244,000	0,002
3246,000	0,004
3248,000	0,007
3250,000	0,006
3252,000	0,004
3254,000	0,005
3256,000	0,004
3258,000	0,006
3260,000	0,007
3262,000	0,003
3264,000	0,003
3266,000	0,005
3268,000	0,004
3270,000	0,004
3272,000	0,001
3274,000	0,005
3276,000	0,009
3278,000	0,012
3280,000	0,010
3282,000	0,003
3284,000	0,002
3286,000	0,003
3288,000	0,006
3290,000	0,007
3292,000	0,006
3294,000	0,002
3296,000	0,004
3298,000	0,007
3300,000	0,006
3302,000	0,001
3304,000	0,003
3306,000	0,007
3308,000	0,007
3310,000	0,002
3312,000	0,002
3314,000	0,004
3316,000	0,006
3318,000	0,006
3320,000	0,004
3322,000	0,003
3324,000	0,005
3326,000	0,007
3328,000	0,009
3330,000	0,007
3332,000	0,003
3334,000	0,003
3336,000	0,002
3338,000	0,002
3340,000	0,001
3342,000	0,001
3344,000	0,004
3346,000	0,004
3348,000	0,001
3350,000	0,003
3352,000	0,004
3354,000	0,003
3356,000	0,001
3358,000	0,002
3360,000	0,004
3362,000	0,003
3364,000	0,001
3366,000	0,006
3368,000	0,005
3370,000	0,004
3372,000	0,006
3374,000	0,004
3376,000	0,006
3378,000	0,004
3380,000	0,006
3382,000	0,005
3384,000	0,002
3386,000	0,005
3388,000	0,002
3390,000	0,004
3392,000	0,008
3394,000	0,007
3396,000	0,005
3398,000	0,004
3400,000	0,001
3402,000	0,002
3404,000	0,005
3406,000	0,005
3408,000	0,003
3410,000	0,003
3412,000	0,006
3414,000	0,006
3416,000	0,004
3418,000	0,003
3420,000	0,005
3422,000	0,009
3424,000	0,003
3426,000	0,006
3428,000	0,008
3430,000	0,003
3432,000	0,005
3434,000	0,007
3436,000	0,007
3438,000	0,003
3440,000	0,003
3442,000	0,004
3444,000	0,003
3446,000	0,002
3448,000	0,002
3450,000	0,003
3452,000	0,008
3454,000	0,013
3456,000	0,014
3458,000	0,010
3460,000	0,004
3462,000	0,003
3464,000	0,003
3466,000	0,005
3468,000	0,005
3470,000	0,009
3472,000	0,010
3474,000	0,009
3476,000	0,008
3478,000	0,002
3480,000	0,003
3482,000	0,004
3484,000	0,003
3486,000	0,008
3488,000	0,010
3490,000	0,005
3492,000	0,005
3494,000	0,005
3496,000	0,004
3498,000	0,004
3500,000	0,002
3502,000	0,003
3504,000	0,001
3506,000	0,002
3508,000	0,005
3510,000	0,004
3512,000	0,008
3514,000	0,009
3516,000	0,004
3518,000	0,005
3520,000	0,007
3522,000	0,007
3524,000	0,004
3526,000	0,001
3528,000	0,004
3530,000	0,006
3532,000	0,005
3534,000	0,006
3536,000	0,004
3538,000	0,006
3540,000	0,007
3542,000	0,004
3544,000	0,004
3546,000	0,008
3548,000	0,006
3550,000	0,004
3552,000	0,002
3554,000	0,004
3556,000	0,005
3558,000	0,002
3560,000	0,005
3562,000	0,003
3564,000	0,002
3566,000	0,005
3568,000	0,006
3570,000	0,006
3572,000	0,003
3574,000	0,004
3576,000	0,004
3578,000	0,004
3580,000	0,003
3582,000	0,003
3584,000	0,003
3586,000	0,007
3588,000	0,006
3590,000	0,005
3592,000	0,008
3594,000	0,004
3596,000	0,001
3598,000	0,002
3600,000	0,001
3602,000	0,000
3604,000	0,006
3606,000	0,007
3608,000	0,004
3610,000	0,004
3612,000	0,004
3614,000	0,006
3616,000	0,000
3618,000	0,006
3620,000	0,005
3622,000	0,005
3624,000	0,006
3626,000	0,008
3628,000	0,005
3630,000	0,006
3632,000	0,003
3634,000	0,007
3636,000	0,009
3638,000	0,003
3640,000	0,006
3642,000	0,005
3644,000	0,003
3646,000	0,001
3648,000	0,002
3650,000	0,002
3652,000	0,005
3654,000	0,002
3656,000	0,008
3658,000	0,010
3660,000	0,005
3662,000	0,000
3664,000	0,006
3666,000	0,010
3668,000	0,009
3670,000	0,004
3672,000	0,005
3674,000	0,006
3676,000	0,003
3678,000	0,003
3680,000	0,001
3682,000	0,006
3684,000	0,005
3686,000	0,001
3688,000	0,004
3690,000	0,003
3692,000	0,004
3694,000	0,004
3696,000	0,002
3698,000	0,005
3700,000	0,004
3702,000	0,002
3704,000	0,002
3706,000	0,006
3708,000	0,008
3710,000	0,005
3712,000	0,001
3714,000	0,002
3716,000	0,004
3718,000	0,006
3720,000	0,007
3722,000	0,006
3724,000	0,007
3726,000	0,006
3728,000	0,004
3730,000	0,003
3732,000	0,005
3734,000	0,005
3736,000	0,002
3738,000	0,001
3740,000	0,005
3742,000	0,007
3744,000	0,005
3746,000	0,009
3748,000	0,007
3750,000	0,005
3752,000	0,015
3754,000	0,015
3756,000	0,007
3758,000	0,003
3760,000	0,003
3762,000	0,003
3764,000	0,002
3766,000	0,003
3768,000	0,005
3770,000	0,007
3772,000	0,008
3774,000	0,005
3776,000	0,003
3778,000	0,002
3780,000	0,000
3782,000	0,001
3784,000	0,001
3786,000	0,002
3788,000	0,002
3790,000	0,001
3792,000	0,003
3794,000	0,001
3796,000	0,002
3798,000	0,001
3800,000	0,002
3802,000	0,004
3804,000	0,004
3806,000	0,002
3808,000	0,008
3810,000	0,008
3812,000	0,005
3814,000	0,003
3816,000	0,002
3818,000	0,006
3820,000	0,009
3822,000	0,005
3824,000	0,004
3826,000	0,006
3828,000	0,004
3830,000	0,004
3832,000	0,006
3834,000	0,006
3836,000	0,004
3838,000	0,002
3840,000	0,010
3842,000	0,012
3844,000	0,005
3846,000	0,003
3848,000	0,005
3850,000	0,006
3852,000	0,003
3854,000	0,004
3856,000	0,007
3858,000	0,003
3860,000	0,002
3862,000	0,004
3864,000	0,004
3866,000	0,002
3868,000	0,002
3870,000	0,001
3872,000	0,002
3874,000	0,004
3876,000	0,005
3878,000	0,003
3880,000	0,001
3882,000	0,006
3884,000	0,008
3886,000	0,005
3888,000	0,002
3890,000	0,006
3892,000	0,008
3894,000	0,007
3896,000	0,009
3898,000	0,010
3900,000	0,004
3902,000	0,006
3904,000	0,006
3906,000	0,003
3908,000	0,005
3910,000	0,005
3912,000	0,003
3914,000	0,003
3916,000	0,003
3918,000	0,002
3920,000	0,008
3922,000	0,009
3924,000	0,006
3926,000	0,003
3928,000	0,003
3930,000	0,003
3932,000	0,004
3934,000	0,007
3936,000	0,010
3938,000	0,006
3940,000	0,005
3942,000	0,006
3944,000	0,003
3946,000	0,001
3948,000	0,005
3950,000	0,006
3952,000	0,003
3954,000	0,006
3956,000	0,001
3958,000	0,006
3960,000	0,006
3962,000	0,004
3964,000	0,006
3966,000	0,007
3968,000	0,005
3970,000	0,002
3972,000	0,006
3974,000	0,011
3976,000	0,004
3978,000	0,010
3980,000	0,015
3982,000	0,008
3984,000	0,002
3986,000	0,004
3988,000	0,000
3990,000	0,006
3992,000	0,009
3994,000	0,010
3996,000	0,008
3998,000	0,007
4000,000	0,005
4002,000	0,002
4004,000	0,005
4006,000	0,005
4008,000	0,003
4010,000	0,008
4012,000	0,010
4014,000	0,005
4016,000	0,003
4018,000	0,006
4020,000	0,003
4022,000	0,002
4024,000	0,001
4026,000	0,004
4028,000	0,008
4030,000	0,010
4032,000	0,010
4034,000	0,006
4036,000	0,007
4038,000	0,006
4040,000	0,001
4042,000	0,007
4044,000	0,004
4046,000	0,003
4048,000	0,007
4050,000	0,005
4052,000	0,002
4054,000	0,002
4056,000	0,002
4058,000	0,001
4060,000	0,004
4062,000	0,007
4064,000	0,006
4066,000	0,002
4068,000	0,005
4070,000	0,004
4072,000	0,001
4074,000	0,003
4076,000	0,003
4078,000	0,007
4080,000	0,004
4082,000	0,003
4084,000	0,004
4086,000	0,004
4088,000	0,003
4090,000	0,003
4092,000	0,007
4094,000	0,007
4096,000	0,007
4098,000	0,004
4100,000	0,001
4102,000	0,004
4104,000	0,005
4106,000	0,003
4108,000	0,004
4110,000	0,001
4112,000	0,005
4114,000	0,007
4116,000	0,007
4118,000	0,006
4120,000	0,004
4122,000	0,002
4124,000	0,004
4126,000	0,003
4128,000	0,004
4130,000	0,002
4132,000	0,004
4134,000	0,003
4136,000	0,004
4138,000	0,006
4140,000	0,002
4142,000	0,005
4144,000	0,002
4146,000	0,003
4148,000	0,003
4150,000	0,006
4152,000	0,012
4154,000	0,010
4156,000	0,004
4158,000	0,012
4160,000	0,009
4162,000	0,005
4164,000	0,002
4166,000	0,007
4168,000	0,006
4170,000	0,004
4172,000	0,003
4174,000	0,004
4176,000	0,006
4178,000	0,007
4180,000	0,005
4182,000	0,003
4184,000	0,005
4186,000	0,002
4188,000	0,006
4190,000	0,008
4192,000	0,009
4194,000	0,006
4196,000	0,001
4198,000	0,004
4200,000	0,004
4202,000	0,004
4204,000	0,003
4206,000	0,003
4208,000	0,004
4210,000	0,004
4212,000	0,003
4214,000	0,001
4216,000	0,002
4218,000	0,003
4220,000	0,004
4222,000	0,004
4224,000	0,002
4226,000	0,001
4228,000	0,003
4230,000	0,007
4232,000	0,009
4234,000	0,009
4236,000	0,004
4238,000	0,006
4240,000	0,007
4242,000	0,003
4244,000	0,005
4246,000	0,007
4248,000	0,003
4250,000	0,006
4252,000	0,007
4254,000	0,003
4256,000	0,002
4258,000	0,003
4260,000	0,003
4262,000	0,002
4264,000	0,001
4266,000	0,002
4268,000	0,001
4270,000	0,003
4272,000	0,006
4274,000	0,006
4276,000	0,004
4278,000	0,001
4280,000	0,006
4282,000	0,007
4284,000	0,005
4286,000	0,003
4288,000	0,006
4290,000	0,007
4292,000	0,004
4294,000	0,002
4296,000	0,002
4298,000	0,002
4300,000	0,006
4302,000	0,004
4304,000	0,004
4306,000	0,010
4308,000	0,008
4310,000	0,002
4312,000	0,001
4314,000	0,003
4316,000	0,006
4318,000	0,005
4320,000	0,004
4322,000	0,001
4324,000	0,003
4326,000	0,004
4328,000	0,003
4330,000	0,005
4332,000	0,005
4334,000	0,003
4336,000	0,002
4338,000	0,003
4340,000	0,001
4342,000	0,002
4344,000	0,003
4346,000	0,002
4348,000	0,001
4350,000	0,004
4352,000	0,004
4354,000	0,002
4356,000	0,002
4358,000	0,004
4360,000	0,004
4362,000	0,002
4364,000	0,004
4366,000	0,005
4368,000	0,004
4370,000	0,006
4372,000	0,003
4374,000	0,004
4376,000	0,005
4378,000	0,002
4380,000	0,002
4382,000	0,001
4384,000	0,003
4386,000	0,007
4388,000	0,006
4390,000	0,003
4392,000	0,008
4394,000	0,007
4396,000	0,003
4398,000	0,005
4400,000	0,007
4402,000	0,006
4404,000	0,004
4406,000	0,002
4408,000	0,004
4410,000	0,005
4412,000	0,005
4414,000	0,002
4416,000	0,001
4418,000	0,003
4420,000	0,002
4422,000	0,002
4424,000	0,004
4426,000	0,005
4428,000	0,005
4430,000	0,002
4432,000	0,003
4434,000	0,006
4436,000	0,004
4438,000	0,005
4440,000	0,007
4442,000	0,008
4444,000	0,007
4446,000	0,004
4448,000	0,001
4450,000	0,001
4452,000	0,001
4454,000	0,004
4456,000	0,006
4458,000	0,005
4460,000	0,003
4462,000	0,004
4464,000	0,002
4466,000	0,002
4468,000	0,001
4470,000	0,002
4472,000	0,001
4474,000	0,007
4476,000	0,010
4478,000	0,007
4480,000	0,002
4482,000	0,002
4484,000	0,003
4486,000	0,002
4488,000	0,004
4490,000	0,006
4492,000	0,007
4494,000	0,008
4496,000	0,007
4498,000	0,001
4500,000	0,003
4502,000	0,004
4504,000	0,004
4506,000	0,004
4508,000	0,004
4510,000	0,004
4512,000	0,005
4514,000	0,004
4516,000	0,003
4518,000	0,009
4520,000	0,009
4522,000	0,002
4524,000	0,005
4526,000	0,005
4528,000	0,001
4530,000	0,001
4532,000	0,001
4534,000	0,001
4536,000	0,002
4538,000	0,000
4540,000	0,003
4542,000	0,006
4544,000	0,007
4546,000	0,002
4548,000	0,006
4550,000	0,008
4552,000	0,004
4554,000	0,002
4556,000	0,002
4558,000	0,002
4560,000	0,002
4562,000	0,001
4564,000	0,003
4566,000	0,004
4568,000	0,003
4570,000	0,003
4572,000	0,006
4574,000	0,007
4576,000	0,003
4578,000	0,004
4580,000	0,005
4582,000	0,003
4584,000	0,004
4586,000	0,008
4588,000	0,008
4590,000	0,005
4592,000	0,002
4594,000	0,003
4596,000	0,002
4598,000	0,005
4600,000	0,003
4602,000	0,002
4604,000	0,004
4606,000	0,003
4608,000	0,003
4610,000	0,002
4612,000	0,002
4614,000	0,004
4616,000	0,003
4618,000	0,006
4620,000	0,007
4622,000	0,005
4624,000	0,009
4626,000	0,009
4628,000	0,001
4630,000	0,005
4632,000	0,004
4634,000	0,002
4636,000	0,004
4638,000	0,003
4640,000	0,003
4642,000	0,001
4644,000	0,002
4646,000	0,001
4648,000	0,002
4650,000	0,002
4652,000	0,006
4654,000	0,007
4656,000	0,005
4658,000	0,001
4660,000	0,000
4662,000	0,003
4664,000	0,005
4666,000	0,001
4668,000	0,007
4670,000	0,007
4672,000	0,004
4674,000	0,007
4676,000	0,003
4678,000	0,005
4680,000	0,007
4682,000	0,004
4684,000	0,002
4686,000	0,001
4688,000	0,002
4690,000	0,006
4692,000	0,009
4694,000	0,009
4696,000	0,004
4698,000	0,003
4700,000	0,001
4702,000	0,002
4704,000	0,004
4706,000	0,011
4708,000	0,012
4710,000	0,009
4712,000	0,005
4714,000	0,005
4716,000	0,004
4718,000	0,001
4720,000	0,004
4722,000	0,004
4724,000	0,005
4726,000	0,002
4728,000	0,000
4730,000	0,002
4732,000	0,001
4734,000	0,007
4736,000	0,013
4738,000	0,010
4740,000	0,001
4742,000	0,007
4744,000	0,009
4746,000	0,008
4748,000	0,006
4750,000	0,005
4752,000	0,003
4754,000	0,003
4756,000	0,003
4758,000	0,003
4760,000	0,001
4762,000	0,002
4764,000	0,003
4766,000	0,007
4768,000	0,008
4770,000	0,009
4772,000	0,010
4774,000	0,007
4776,000	0,001
4778,000	0,001
4780,000	0,002
4782,000	0,005
4784,000	0,005
4786,000	0,005
4788,000	0,006
4790,000	0,006
4792,000	0,006
4794,000	0,009
4796,000	0,009
4798,000	0,007
4800,000	0,007
4802,000	0,007
4804,000	0,005
4806,000	0,004
4808,000	0,002
4810,000	0,003
4812,000	0,003
4814,000	0,004
4816,000	0,007
4818,000	0,007
4820,000	0,006
4822,000	0,007
4824,000	0,005
4826,000	0,001
4828,000	0,004
4830,000	0,005
4832,000	0,004
4834,000	0,002
4836,000	0,002
4838,000	0,003
4840,000	0,001
4842,000	0,001
4844,000	0,003
4846,000	0,004
4848,000	0,005
4850,000	0,004
4852,000	0,001
4854,000	0,002
4856,000	0,002
4858,000	0,007
4860,000	0,006
4862,000	0,002
4864,000	0,007
4866,000	0,004
4868,000	0,002
4870,000	0,002
4872,000	0,006
4874,000	0,009
4876,000	0,007
4878,000	0,002
4880,000	0,004
4882,000	0,007
4884,000	0,003
4886,000	0,001
4888,000	0,004
4890,000	0,008
4892,000	0,007
4894,000	0,003
4896,000	0,004
4898,000	0,004
4900,000	0,004
4902,000	0,008
4904,000	0,006
4906,000	0,004
4908,000	0,007
4910,000	0,008
4912,000	0,006
4914,000	0,002
4916,000	0,006
4918,000	0,005
4920,000	0,004
4922,000	0,005
4924,000	0,005
4926,000	0,003
4928,000	0,003
4930,000	0,002
4932,000	0,004
4934,000	0,003
4936,000	0,001
4938,000	0,001
4940,000	0,005
4942,000	0,006
4944,000	0,004
4946,000	0,002
4948,000	0,004
4950,000	0,005
4952,000	0,003
4954,000	0,003
4956,000	0,003
4958,000	0,001
4960,000	0,004
4962,000	0,005
4964,000	0,005
4966,000	0,005
4968,000	0,004
4970,000	0,004
4972,000	0,006
4974,000	0,006
4976,000	0,003
4978,000	0,004
4980,000	0,010
4982,000	0,011
4984,000	0,007
4986,000	0,004
4988,000	0,000
4990,000	0,004
4992,000	0,007
4994,000	0,003
4996,000	0,007
4998,000	0,011
5000,000	0,008
