2496
10,000	0,012
12,000	0,207
14,000	0,018
16,000	0,144
18,000	0,014
20,000	0,118
22,000	0,019
24,000	0,104
26,000	0,029
28,000	0,080
30,000	0,026
32,000	0,066
34,000	0,025
36,000	0,054
38,000	0,017
40,000	0,053
42,000	0,018
44,000	0,052
46,000	0,024
48,000	0,051
50,000	0,033
52,000	0,025
54,000	0,012
56,000	0,037
58,000	0,016
60,000	0,047
62,000	0,025
64,000	0,039
66,000	0,030
68,000	0,025
70,000	0,020
72,000	0,033
74,000	0,025
76,000	0,026
78,000	0,020
80,000	0,029
82,000	0,028
84,000	0,020
86,000	0,025
88,000	0,016
90,000	0,019
92,000	0,020
94,000	0,023
96,000	0,025
98,000	0,023
100,000	0,020
102,000	0,012
104,000	0,029
106,000	0,023
108,000	0,023
110,000	0,022
112,000	0,017
114,000	0,021
116,000	0,020
118,000	0,018
120,000	0,030
122,000	0,026
124,000	0,021
126,000	0,023
128,000	0,022
130,000	0,028
132,000	0,029
134,000	0,029
136,000	0,028
138,000	0,033
140,000	0,018
142,000	0,031
144,000	0,020
146,000	0,030
148,000	0,022
150,000	0,025
152,000	0,021
154,000	0,022
156,000	0,025
158,000	0,037
160,000	0,023
162,000	0,019
164,000	0,029
166,000	0,031
168,000	0,029
170,000	0,031
172,000	0,023
174,000	0,031
176,000	0,025
178,000	0,023
180,000	0,028
182,000	0,032
184,000	0,024
186,000	0,032
188,000	0,035
190,000	0,046
192,000	0,040
194,000	0,046
196,000	0,028
198,000	0,038
200,000	0,027
202,000	0,040
204,000	0,032
206,000	0,045
208,000	0,038
210,000	0,046
212,000	0,042
214,000	0,046
216,000	0,038
218,000	0,044
220,000	0,030
222,000	0,050
224,000	0,035
226,000	0,041
228,000	0,019
230,000	0,018
232,000	0,009
234,000	0,008
236,000	0,014
238,000	0,024
240,000	0,025
242,000	0,035
244,000	0,038
246,000	0,033
248,000	0,038
250,000	0,049
252,000	0,030
254,000	0,058
256,000	0,041
258,000	0,045
260,000	0,048
262,000	0,066
264,000	0,051
266,000	0,053
268,000	0,059
270,000	0,056
272,000	0,058
274,000	0,071
276,000	0,084
278,000	0,097
280,000	0,102
282,000	0,107
284,000	0,117
286,000	0,140
288,000	0,141
290,000	0,148
292,000	0,156
294,000	0,166
296,000	0,162
298,000	0,174
300,000	0,186
302,000	0,204
304,000	0,199
306,000	0,238
308,000	0,273
310,000	0,341
312,000	0,424
314,000	0,503
316,000	0,532
318,000	0,515
320,000	0,452
322,000	0,470
324,000	0,551
326,000	0,564
328,000	0,471
330,000	0,419
332,000	0,399
334,000	0,362
336,000	0,341
338,000	0,279
340,000	0,241
342,000	0,200
344,000	0,187
346,000	0,158
348,000	0,142
350,000	0,117
352,000	0,107
354,000	0,098
356,000	0,108
358,000	0,080
360,000	0,072
362,000	0,067
364,000	0,073
366,000	0,064
368,000	0,064
370,000	0,057
372,000	0,051
374,000	0,046
376,000	0,041
378,000	0,030
380,000	0,025
382,000	0,010
384,000	0,003
386,000	0,013
388,000	0,016
390,000	0,016
392,000	0,013
394,000	0,021
396,000	0,020
398,000	0,025
400,000	0,030
402,000	0,066
404,000	0,084
406,000	0,125
408,000	0,164
410,000	0,196
412,000	0,200
414,000	0,180
416,000	0,188
418,000	0,235
420,000	0,268
422,000	0,247
424,000	0,217
426,000	0,202
428,000	0,199
430,000	0,182
432,000	0,160
434,000	0,146
436,000	0,125
438,000	0,116
440,000	0,103
442,000	0,103
444,000	0,086
446,000	0,086
448,000	0,092
450,000	0,076
452,000	0,080
454,000	0,073
456,000	0,068
458,000	0,069
460,000	0,073
462,000	0,067
464,000	0,073
466,000	0,068
468,000	0,071
470,000	0,054
472,000	0,058
474,000	0,047
476,000	0,056
478,000	0,052
480,000	0,060
482,000	0,048
484,000	0,056
486,000	0,050
488,000	0,054
490,000	0,042
492,000	0,048
494,000	0,043
496,000	0,045
498,000	0,050
500,000	0,048
502,000	0,053
504,000	0,050
506,000	0,043
508,000	0,052
510,000	0,048
512,000	0,054
514,000	0,048
516,000	0,047
518,000	0,047
520,000	0,052
522,000	0,034
524,000	0,040
526,000	0,034
528,000	0,039
530,000	0,025
532,000	0,041
534,000	0,042
536,000	0,044
538,000	0,030
540,000	0,040
542,000	0,031
544,000	0,032
546,000	0,024
548,000	0,041
550,000	0,036
552,000	0,038
554,000	0,018
556,000	0,035
558,000	0,033
560,000	0,033
562,000	0,034
564,000	0,037
566,000	0,022
568,000	0,028
570,000	0,026
572,000	0,032
574,000	0,025
576,000	0,024
578,000	0,017
580,000	0,019
582,000	0,019
584,000	0,036
586,000	0,026
588,000	0,035
590,000	0,030
592,000	0,032
594,000	0,028
596,000	0,025
598,000	0,027
600,000	0,020
602,000	0,011
604,000	0,028
606,000	0,027
608,000	0,026
610,000	0,017
612,000	0,019
614,000	0,012
616,000	0,022
618,000	0,029
620,000	0,023
622,000	0,014
624,000	0,031
626,000	0,017
628,000	0,025
630,000	0,026
632,000	0,028
634,000	0,025
636,000	0,015
638,000	0,019
640,000	0,029
642,000	0,027
644,000	0,028
646,000	0,022
648,000	0,023
650,000	0,012
652,000	0,023
654,000	0,031
656,000	0,021
658,000	0,021
660,000	0,027
662,000	0,013
664,000	0,015
666,000	0,018
668,000	0,021
670,000	0,009
672,000	0,025
674,000	0,022
676,000	0,025
678,000	0,019
680,000	0,034
682,000	0,028
684,000	0,023
686,000	0,027
688,000	0,019
690,000	0,027
692,000	0,028
694,000	0,021
696,000	0,007
698,000	0,012
700,000	0,020
702,000	0,017
704,000	0,018
706,000	0,023
708,000	0,008
710,000	0,013
712,000	0,017
714,000	0,012
716,000	0,017
718,000	0,017
720,000	0,008
722,000	0,018
724,000	0,018
726,000	0,012
728,000	0,027
730,000	0,019
732,000	0,014
734,000	0,026
736,000	0,022
738,000	0,019
740,000	0,018
742,000	0,013
744,000	0,017
746,000	0,013
748,000	0,011
750,000	0,016
752,000	0,016
754,000	0,011
756,000	0,011
758,000	0,021
760,000	0,018
762,000	0,019
764,000	0,013
766,000	0,020
768,000	0,011
770,000	0,019
772,000	0,014
774,000	0,014
776,000	0,015
778,000	0,015
780,000	0,018
782,000	0,021
784,000	0,018
786,000	0,023
788,000	0,015
790,000	0,017
792,000	0,030
794,000	0,014
796,000	0,013
798,000	0,010
800,000	0,018
802,000	0,011
804,000	0,013
806,000	0,014
808,000	0,014
810,000	0,019
812,000	0,018
814,000	0,015
816,000	0,008
818,000	0,013
820,000	0,024
822,000	0,021
824,000	0,004
826,000	0,019
828,000	0,015
830,000	0,008
832,000	0,013
834,000	0,010
836,000	0,017
838,000	0,010
840,000	0,012
842,000	0,006
844,000	0,014
846,000	0,005
848,000	0,014
850,000	0,012
852,000	0,011
854,000	0,012
856,000	0,019
858,000	0,015
860,000	0,005
862,000	0,016
864,000	0,017
866,000	0,012
868,000	0,009
870,000	0,010
872,000	0,012
874,000	0,010
876,000	0,015
878,000	0,007
880,000	0,008
882,000	0,016
884,000	0,018
886,000	0,016
888,000	0,020
890,000	0,010
892,000	0,012
894,000	0,008
896,000	0,017
898,000	0,002
900,000	0,013
902,000	0,011
904,000	0,022
906,000	0,015
908,000	0,011
910,000	0,005
912,000	0,022
914,000	0,015
916,000	0,013
918,000	0,013
920,000	0,013
922,000	0,017
924,000	0,019
926,000	0,014
928,000	0,007
930,000	0,012
932,000	0,004
934,000	0,009
936,000	0,015
938,000	0,011
940,000	0,012
942,000	0,014
944,000	0,012
946,000	0,011
948,000	0,005
950,000	0,013
952,000	0,012
954,000	0,015
956,000	0,020
958,000	0,013
960,000	0,020
962,000	0,007
964,000	0,014
966,000	0,008
968,000	0,011
970,000	0,007
972,000	0,015
974,000	0,014
976,000	0,005
978,000	0,014
980,000	0,013
982,000	0,005
984,000	0,011
986,000	0,014
988,000	0,014
990,000	0,006
992,000	0,009
994,000	0,005
996,000	0,012
998,000	0,017
1000,000	0,005
1002,000	0,009
1004,000	0,016
1006,000	0,011
1008,000	0,007
1010,000	0,009
1012,000	0,013
1014,000	0,010
1016,000	0,011
1018,000	0,012
1020,000	0,011
1022,000	0,011
1024,000	0,003
1026,000	0,013
1028,000	0,013
1030,000	0,008
1032,000	0,010
1034,000	0,008
1036,000	0,001
1038,000	0,006
1040,000	0,009
1042,000	0,014
1044,000	0,015
1046,000	0,016
1048,000	0,014
1050,000	0,013
1052,000	0,016
1054,000	0,014
1056,000	0,010
1058,000	0,005
1060,000	0,012
1062,000	0,014
1064,000	0,016
1066,000	0,011
1068,000	0,008
1070,000	0,006
1072,000	0,002
1074,000	0,007
1076,000	0,012
1078,000	0,013
1080,000	0,012
1082,000	0,007
1084,000	0,012
1086,000	0,010
1088,000	0,012
1090,000	0,019
1092,000	0,008
1094,000	0,010
1096,000	0,013
1098,000	0,013
1100,000	0,008
1102,000	0,005
1104,000	0,008
1106,000	0,003
1108,000	0,009
1110,000	0,001
1112,000	0,008
1114,000	0,006
1116,000	0,015
1118,000	0,011
1120,000	0,004
1122,000	0,005
1124,000	0,006
1126,000	0,003
1128,000	0,006
1130,000	0,013
1132,000	0,010
1134,000	0,008
1136,000	0,015
1138,000	0,004
1140,000	0,012
1142,000	0,003
1144,000	0,012
1146,000	0,010
1148,000	0,015
1150,000	0,013
1152,000	0,015
1154,000	0,014
1156,000	0,006
1158,000	0,006
1160,000	0,006
1162,000	0,005
1164,000	0,008
1166,000	0,013
1168,000	0,004
1170,000	0,007
1172,000	0,010
1174,000	0,007
1176,000	0,001
1178,000	0,009
1180,000	0,015
1182,000	0,013
1184,000	0,004
1186,000	0,008
1188,000	0,012
1190,000	0,004
1192,000	0,013
1194,000	0,011
1196,000	0,001
1198,000	0,009
1200,000	0,006
1202,000	0,013
1204,000	0,012
1206,000	0,007
1208,000	0,018
1210,000	0,010
1212,000	0,009
1214,000	0,010
1216,000	0,015
1218,000	0,011
1220,000	0,010
1222,000	0,008
1224,000	0,001
1226,000	0,006
1228,000	0,010
1230,000	0,006
1232,000	0,011
1234,000	0,002
1236,000	0,013
1238,000	0,007
1240,000	0,014
1242,000	0,011
1244,000	0,005
1246,000	0,009
1248,000	0,003
1250,000	0,001
1252,000	0,008
1254,000	0,008
1256,000	0,014
1258,000	0,013
1260,000	0,002
1262,000	0,009
1264,000	0,008
1266,000	0,006
1268,000	0,004
1270,000	0,010
1272,000	0,007
1274,000	0,008
1276,000	0,012
1278,000	0,008
1280,000	0,011
1282,000	0,009
1284,000	0,008
1286,000	0,001
1288,000	0,011
1290,000	0,014
1292,000	0,011
1294,000	0,002
1296,000	0,009
1298,000	0,010
1300,000	0,006
1302,000	0,005
1304,000	0,011
1306,000	0,004
1308,000	0,010
1310,000	0,008
1312,000	0,007
1314,000	0,013
1316,000	0,006
1318,000	0,004
1320,000	0,003
1322,000	0,002
1324,000	0,009
1326,000	0,008
1328,000	0,004
1330,000	0,010
1332,000	0,012
1334,000	0,010
1336,000	0,014
1338,000	0,013
1340,000	0,006
1342,000	0,011
1344,000	0,004
1346,000	0,010
1348,000	0,010
1350,000	0,004
1352,000	0,006
1354,000	0,005
1356,000	0,012
1358,000	0,011
1360,000	0,006
1362,000	0,009
1364,000	0,011
1366,000	0,018
1368,000	0,010
1370,000	0,002
1372,000	0,004
1374,000	0,011
1376,000	0,008
1378,000	0,004
1380,000	0,006
1382,000	0,012
1384,000	0,012
1386,000	0,006
1388,000	0,009
1390,000	0,004
1392,000	0,009
1394,000	0,014
1396,000	0,006
1398,000	0,008
1400,000	0,011
1402,000	0,004
1404,000	0,003
1406,000	0,004
1408,000	0,003
1410,000	0,008
1412,000	0,010
1414,000	0,001
1416,000	0,009
1418,000	0,006
1420,000	0,002
1422,000	0,008
1424,000	0,016
1426,000	0,008
1428,000	0,007
1430,000	0,009
1432,000	0,007
1434,000	0,007
1436,000	0,004
1438,000	0,008
1440,000	0,006
1442,000	0,009
1444,000	0,001
1446,000	0,009
1448,000	0,009
1450,000	0,011
1452,000	0,006
1454,000	0,006
1456,000	0,010
1458,000	0,013
1460,000	0,011
1462,000	0,002
1464,000	0,006
1466,000	0,009
1468,000	0,009
1470,000	0,010
1472,000	0,010
1474,000	0,006
1476,000	0,011
1478,000	0,002
1480,000	0,012
1482,000	0,009
1484,000	0,007
1486,000	0,008
1488,000	0,002
1490,000	0,008
1492,000	0,008
1494,000	0,002
1496,000	0,004
1498,000	0,005
1500,000	0,008
1502,000	0,006
1504,000	0,011
1506,000	0,008
1508,000	0,009
1510,000	0,003
1512,000	0,007
1514,000	0,005
1516,000	0,007
1518,000	0,009
1520,000	0,012
1522,000	0,004
1524,000	0,013
1526,000	0,004
1528,000	0,015
1530,000	0,010
1532,000	0,010
1534,000	0,008
1536,000	0,004
1538,000	0,003
1540,000	0,004
1542,000	0,005
1544,000	0,011
1546,000	0,004
1548,000	0,007
1550,000	0,003
1552,000	0,015
1554,000	0,010
1556,000	0,009
1558,000	0,010
1560,000	0,007
1562,000	0,012
1564,000	0,004
1566,000	0,015
1568,000	0,009
1570,000	0,004
1572,000	0,008
1574,000	0,002
1576,000	0,006
1578,000	0,006
1580,000	0,007
1582,000	0,005
1584,000	0,003
1586,000	0,009
1588,000	0,016
1590,000	0,009
1592,000	0,007
1594,000	0,009
1596,000	0,004
1598,000	0,011
1600,000	0,006
1602,000	0,002
1604,000	0,005
1606,000	0,006
1608,000	0,003
1610,000	0,001
1612,000	0,009
1614,000	0,008
1616,000	0,006
1618,000	0,009
1620,000	0,004
1622,000	0,003
1624,000	0,012
1626,000	0,014
1628,000	0,007
1630,000	0,009
1632,000	0,003
1634,000	0,007
1636,000	0,008
1638,000	0,003
1640,000	0,007
1642,000	0,007
1644,000	0,006
1646,000	0,009
1648,000	0,002
1650,000	0,003
1652,000	0,001
1654,000	0,003
1656,000	0,005
1658,000	0,005
1660,000	0,005
1662,000	0,010
1664,000	0,008
1666,000	0,005
1668,000	0,005
1670,000	0,007
1672,000	0,009
1674,000	0,010
1676,000	0,008
1678,000	0,007
1680,000	0,014
1682,000	0,013
1684,000	0,002
1686,000	0,012
1688,000	0,006
1690,000	0,004
1692,000	0,002
1694,000	0,005
1696,000	0,006
1698,000	0,004
1700,000	0,003
1702,000	0,005
1704,000	0,006
1706,000	0,011
1708,000	0,005
1710,000	0,009
1712,000	0,006
1714,000	0,007
1716,000	0,007
1718,000	0,006
1720,000	0,007
1722,000	0,007
1724,000	0,004
1726,000	0,005
1728,000	0,002
1730,000	0,005
1732,000	0,008
1734,000	0,008
1736,000	0,002
1738,000	0,012
1740,000	0,011
1742,000	0,001
1744,000	0,004
1746,000	0,004
1748,000	0,007
1750,000	0,004
1752,000	0,011
1754,000	0,010
1756,000	0,007
1758,000	0,004
1760,000	0,002
1762,000	0,002
1764,000	0,004
1766,000	0,010
1768,000	0,006
1770,000	0,006
1772,000	0,010
1774,000	0,006
1776,000	0,006
1778,000	0,005
1780,000	0,011
1782,000	0,007
1784,000	0,005
1786,000	0,005
1788,000	0,007
1790,000	0,010
1792,000	0,010
1794,000	0,004
1796,000	0,002
1798,000	0,003
1800,000	0,007
1802,000	0,005
1804,000	0,004
1806,000	0,004
1808,000	0,008
1810,000	0,002
1812,000	0,006
1814,000	0,003
1816,000	0,006
1818,000	0,008
1820,000	0,002
1822,000	0,010
1824,000	0,012
1826,000	0,004
1828,000	0,007
1830,000	0,008
1832,000	0,004
1834,000	0,005
1836,000	0,008
1838,000	0,005
1840,000	0,003
1842,000	0,009
1844,000	0,009
1846,000	0,003
1848,000	0,005
1850,000	0,007
1852,000	0,002
1854,000	0,009
1856,000	0,014
1858,000	0,006
1860,000	0,010
1862,000	0,009
1864,000	0,007
1866,000	0,006
1868,000	0,002
1870,000	0,005
1872,000	0,002
1874,000	0,013
1876,000	0,015
1878,000	0,010
1880,000	0,009
1882,000	0,002
1884,000	0,006
1886,000	0,003
1888,000	0,010
1890,000	0,010
1892,000	0,007
1894,000	0,002
1896,000	0,008
1898,000	0,006
1900,000	0,003
1902,000	0,005
1904,000	0,010
1906,000	0,007
1908,000	0,008
1910,000	0,018
1912,000	0,015
1914,000	0,005
1916,000	0,006
1918,000	0,005
1920,000	0,005
1922,000	0,004
1924,000	0,007
1926,000	0,007
1928,000	0,011
1930,000	0,009
1932,000	0,010
1934,000	0,011
1936,000	0,006
1938,000	0,004
1940,000	0,008
1942,000	0,009
1944,000	0,004
1946,000	0,010
1948,000	0,012
1950,000	0,006
1952,000	0,008
1954,000	0,006
1956,000	0,005
1958,000	0,006
1960,000	0,003
1962,000	0,006
1964,000	0,005
1966,000	0,013
1968,000	0,014
1970,000	0,007
1972,000	0,008
1974,000	0,008
1976,000	0,008
1978,000	0,010
1980,000	0,005
1982,000	0,003
1984,000	0,005
1986,000	0,005
1988,000	0,004
1990,000	0,005
1992,000	0,002
1994,000	0,007
1996,000	0,009
1998,000	0,002
2000,000	0,008
2002,000	0,009
2004,000	0,009
2006,000	0,005
2008,000	0,008
2010,000	0,005
2012,000	0,008
2014,000	0,010
2016,000	0,003
2018,000	0,002
2020,000	0,002
2022,000	0,006
2024,000	0,010
2026,000	0,008
2028,000	0,007
2030,000	0,008
2032,000	0,003
2034,000	0,003
2036,000	0,004
2038,000	0,007
2040,000	0,002
2042,000	0,004
2044,000	0,002
2046,000	0,005
2048,000	0,003
2050,000	0,007
2052,000	0,001
2054,000	0,009
2056,000	0,004
2058,000	0,010
2060,000	0,013
2062,000	0,003
2064,000	0,009
2066,000	0,004
2068,000	0,003
2070,000	0,007
2072,000	0,008
2074,000	0,005
2076,000	0,005
2078,000	0,000
2080,000	0,004
2082,000	0,005
2084,000	0,005
2086,000	0,003
2088,000	0,010
2090,000	0,010
2092,000	0,009
2094,000	0,010
2096,000	0,012
2098,000	0,005
2100,000	0,006
2102,000	0,006
2104,000	0,006
2106,000	0,013
2108,000	0,011
2110,000	0,002
2112,000	0,002
2114,000	0,003
2116,000	0,004
2118,000	0,005
2120,000	0,006
2122,000	0,001
2124,000	0,011
2126,000	0,012
2128,000	0,007
2130,000	0,002
2132,000	0,006
2134,000	0,003
2136,000	0,002
2138,000	0,004
2140,000	0,007
2142,000	0,005
2144,000	0,009
2146,000	0,005
2148,000	0,006
2150,000	0,005
2152,000	0,004
2154,000	0,003
2156,000	0,005
2158,000	0,006
2160,000	0,002
2162,000	0,003
2164,000	0,004
2166,000	0,004
2168,000	0,008
2170,000	0,004
2172,000	0,004
2174,000	0,005
2176,000	0,005
2178,000	0,008
2180,000	0,011
2182,000	0,004
2184,000	0,003
2186,000	0,002
2188,000	0,009
2190,000	0,005
2192,000	0,012
2194,000	0,011
2196,000	0,002
2198,000	0,008
2200,000	0,003
2202,000	0,008
2204,000	0,007
2206,000	0,002
2208,000	0,004
2210,000	0,004
2212,000	0,002
2214,000	0,005
2216,000	0,003
2218,000	0,001
2220,000	0,001
2222,000	0,009
2224,000	0,011
2226,000	0,004
2228,000	0,005
2230,000	0,003
2232,000	0,004
2234,000	0,004
2236,000	0,006
2238,000	0,003
2240,000	0,005
2242,000	0,005
2244,000	0,002
2246,000	0,005
2248,000	0,006
2250,000	0,004
2252,000	0,001
2254,000	0,001
2256,000	0,004
2258,000	0,006
2260,000	0,006
2262,000	0,004
2264,000	0,013
2266,000	0,011
2268,000	0,004
2270,000	0,007
2272,000	0,006
2274,000	0,003
2276,000	0,004
2278,000	0,001
2280,000	0,006
2282,000	0,004
2284,000	0,007
2286,000	0,006
2288,000	0,010
2290,000	0,009
2292,000	0,004
2294,000	0,007
2296,000	0,002
2298,000	0,009
2300,000	0,004
2302,000	0,007
2304,000	0,006
2306,000	0,005
2308,000	0,004
2310,000	0,003
2312,000	0,002
2314,000	0,000
2316,000	0,007
2318,000	0,008
2320,000	0,009
2322,000	0,014
2324,000	0,008
2326,000	0,004
2328,000	0,003
2330,000	0,002
2332,000	0,003
2334,000	0,005
2336,000	0,005
2338,000	0,004
2340,000	0,005
2342,000	0,002
2344,000	0,005
2346,000	0,007
2348,000	0,004
2350,000	0,005
2352,000	0,003
2354,000	0,001
2356,000	0,007
2358,000	0,010
2360,000	0,005
2362,000	0,005
2364,000	0,004
2366,000	0,003
2368,000	0,009
2370,000	0,010
2372,000	0,004
2374,000	0,003
2376,000	0,002
2378,000	0,003
2380,000	0,003
2382,000	0,007
2384,000	0,004
2386,000	0,005
2388,000	0,008
2390,000	0,004
2392,000	0,006
2394,000	0,008
2396,000	0,006
2398,000	0,001
2400,000	0,002
2402,000	0,003
2404,000	0,004
2406,000	0,003
2408,000	0,003
2410,000	0,002
2412,000	0,003
2414,000	0,006
2416,000	0,006
2418,000	0,003
2420,000	0,007
2422,000	0,003
2424,000	0,005
2426,000	0,003
2428,000	0,006
2430,000	0,005
2432,000	0,002
2434,000	0,002
2436,000	0,004
2438,000	0,005
2440,000	0,008
2442,000	0,005
2444,000	0,002
2446,000	0,003
2448,000	0,002
2450,000	0,005
2452,000	0,003
2454,000	0,004
2456,000	0,004
2458,000	0,005
2460,000	0,009
2462,000	0,005
2464,000	0,001
2466,000	0,002
2468,000	0,005
2470,000	0,005
2472,000	0,006
2474,000	0,008
2476,000	0,006
2478,000	0,005
2480,000	0,007
2482,000	0,003
2484,000	0,009
2486,000	0,007
2488,000	0,005
2490,000	0,004
2492,000	0,007
2494,000	0,006
2496,000	0,001
2498,000	0,004
2500,000	0,008
2502,000	0,007
2504,000	0,007
2506,000	0,002
2508,000	0,007
2510,000	0,005
2512,000	0,007
2514,000	0,006
2516,000	0,001
2518,000	0,001
2520,000	0,009
2522,000	0,008
2524,000	0,004
2526,000	0,009
2528,000	0,008
2530,000	0,009
2532,000	0,003
2534,000	0,005
2536,000	0,007
2538,000	0,004
2540,000	0,004
2542,000	0,004
2544,000	0,006
2546,000	0,008
2548,000	0,003
2550,000	0,010
2552,000	0,007
2554,000	0,003
2556,000	0,003
2558,000	0,009
2560,000	0,007
2562,000	0,002
2564,000	0,002
2566,000	0,002
2568,000	0,004
2570,000	0,006
2572,000	0,005
2574,000	0,004
2576,000	0,006
2578,000	0,004
2580,000	0,001
2582,000	0,003
2584,000	0,006
2586,000	0,004
2588,000	0,002
2590,000	0,003
2592,000	0,004
2594,000	0,005
2596,000	0,002
2598,000	0,001
2600,000	0,003
2602,000	0,004
2604,000	0,004
2606,000	0,007
2608,000	0,003
2610,000	0,002
2612,000	0,004
2614,000	0,008
2616,000	0,005
2618,000	0,006
2620,000	0,005
2622,000	0,004
2624,000	0,006
2626,000	0,003
2628,000	0,001
2630,000	0,001
2632,000	0,003
2634,000	0,004
2636,000	0,003
2638,000	0,004
2640,000	0,003
2642,000	0,004
2644,000	0,008
2646,000	0,003
2648,000	0,005
2650,000	0,007
2652,000	0,009
2654,000	0,007
2656,000	0,003
2658,000	0,011
2660,000	0,013
2662,000	0,010
2664,000	0,008
2666,000	0,007
2668,000	0,004
2670,000	0,007
2672,000	0,002
2674,000	0,006
2676,000	0,007
2678,000	0,005
2680,000	0,007
2682,000	0,003
2684,000	0,003
2686,000	0,004
2688,000	0,003
2690,000	0,001
2692,000	0,003
2694,000	0,005
2696,000	0,009
2698,000	0,006
2700,000	0,003
2702,000	0,004
2704,000	0,010
2706,000	0,012
2708,000	0,010
2710,000	0,007
2712,000	0,002
2714,000	0,002
2716,000	0,002
2718,000	0,003
2720,000	0,005
2722,000	0,006
2724,000	0,004
2726,000	0,006
2728,000	0,004
2730,000	0,002
2732,000	0,002
2734,000	0,004
2736,000	0,007
2738,000	0,004
2740,000	0,005
2742,000	0,010
2744,000	0,008
2746,000	0,003
2748,000	0,005
2750,000	0,006
2752,000	0,003
2754,000	0,005
2756,000	0,006
2758,000	0,005
2760,000	0,006
2762,000	0,004
2764,000	0,002
2766,000	0,001
2768,000	0,005
2770,000	0,005
2772,000	0,002
2774,000	0,001
2776,000	0,005
2778,000	0,005
2780,000	0,002
2782,000	0,005
2784,000	0,002
2786,000	0,001
2788,000	0,004
2790,000	0,008
2792,000	0,004
2794,000	0,001
2796,000	0,002
2798,000	0,001
2800,000	0,004
2802,000	0,003
2804,000	0,005
2806,000	0,003
2808,000	0,007
2810,000	0,009
2812,000	0,004
2814,000	0,001
2816,000	0,003
2818,000	0,003
2820,000	0,005
2822,000	0,006
2824,000	0,001
2826,000	0,002
2828,000	0,002
2830,000	0,003
2832,000	0,004
2834,000	0,007
2836,000	0,004
2838,000	0,007
2840,000	0,006
2842,000	0,003
2844,000	0,002
2846,000	0,001
2848,000	0,001
2850,000	0,001
2852,000	0,006
2854,000	0,006
2856,000	0,002
2858,000	0,003
2860,000	0,008
2862,000	0,008
2864,000	0,006
2866,000	0,006
2868,000	0,004
2870,000	0,004
2872,000	0,005
2874,000	0,005
2876,000	0,003
2878,000	0,005
2880,000	0,007
2882,000	0,006
2884,000	0,004
2886,000	0,006
2888,000	0,002
2890,000	0,004
2892,000	0,003
2894,000	0,001
2896,000	0,004
2898,000	0,004
2900,000	0,003
2902,000	0,008
2904,000	0,007
2906,000	0,004
2908,000	0,006
2910,000	0,006
2912,000	0,002
2914,000	0,006
2916,000	0,012
2918,000	0,012
2920,000	0,007
2922,000	0,005
2924,000	0,006
2926,000	0,004
2928,000	0,006
2930,000	0,007
2932,000	0,002
2934,000	0,003
2936,000	0,005
2938,000	0,007
2940,000	0,004
2942,000	0,001
2944,000	0,003
2946,000	0,003
2948,000	0,005
2950,000	0,006
2952,000	0,003
2954,000	0,006
2956,000	0,005
2958,000	0,005
2960,000	0,003
2962,000	0,007
2964,000	0,007
2966,000	0,005
2968,000	0,002
2970,000	0,000
2972,000	0,003
2974,000	0,005
2976,000	0,002
2978,000	0,004
2980,000	0,006
2982,000	0,006
2984,000	0,002
2986,000	0,007
2988,000	0,005
2990,000	0,004
2992,000	0,003
2994,000	0,008
2996,000	0,008
2998,000	0,005
3000,000	0,004
3002,000	0,002
3004,000	0,002
3006,000	0,002
3008,000	0,005
3010,000	0,006
3012,000	0,004
3014,000	0,006
3016,000	0,003
3018,000	0,009
3020,000	0,008
3022,000	0,001
3024,000	0,006
3026,000	0,005
3028,000	0,004
3030,000	0,005
3032,000	0,004
3034,000	0,002
3036,000	0,003
3038,000	0,005
3040,000	0,005
3042,000	0,003
3044,000	0,001
3046,000	0,005
3048,000	0,005
3050,000	0,002
3052,000	0,003
3054,000	0,004
3056,000	0,005
3058,000	0,007
3060,000	0,006
3062,000	0,001
3064,000	0,005
3066,000	0,004
3068,000	0,001
3070,000	0,003
3072,000	0,002
3074,000	0,004
3076,000	0,004
3078,000	0,006
3080,000	0,008
3082,000	0,004
3084,000	0,002
3086,000	0,006
3088,000	0,005
3090,000	0,004
3092,000	0,006
3094,000	0,003
3096,000	0,005
3098,000	0,001
3100,000	0,005
3102,000	0,007
3104,000	0,008
3106,000	0,002
3108,000	0,005
3110,000	0,002
3112,000	0,006
3114,000	0,004
3116,000	0,005
3118,000	0,005
3120,000	0,008
3122,000	0,009
3124,000	0,005
3126,000	0,001
3128,000	0,003
3130,000	0,006
3132,000	0,008
3134,000	0,002
3136,000	0,007
3138,000	0,008
3140,000	0,005
3142,000	0,003
3144,000	0,003
3146,000	0,004
3148,000	0,009
3150,000	0,012
3152,000	0,006
3154,000	0,003
3156,000	0,004
3158,000	0,002
3160,000	0,002
3162,000	0,006
3164,000	0,011
3166,000	0,007
3168,000	0,003
3170,000	0,006
3172,000	0,003
3174,000	0,002
3176,000	0,002
3178,000	0,003
3180,000	0,005
3182,000	0,002
3184,000	0,006
3186,000	0,004
3188,000	0,004
3190,000	0,006
3192,000	0,002
3194,000	0,001
3196,000	0,004
3198,000	0,004
3200,000	0,002
3202,000	0,002
3204,000	0,000
3206,000	0,005
3208,000	0,006
3210,000	0,002
3212,000	0,003
3214,000	0,002
3216,000	0,005
3218,000	0,004
3220,000	0,002
3222,000	0,003
3224,000	0,006
3226,000	0,006
3228,000	0,008
3230,000	0,008
3232,000	0,005
3234,000	0,006
3236,000	0,005
3238,000	0,008
3240,000	0,008
3242,000	0,004
3244,000	0,002
3246,000	0,004
3248,000	0,004
3250,000	0,003
3252,000	0,003
3254,000	0,005
3256,000	0,003
3258,000	0,003
3260,000	0,001
3262,000	0,001
3264,000	0,003
3266,000	0,002
3268,000	0,005
3270,000	0,009
3272,000	0,005
3274,000	0,002
3276,000	0,008
3278,000	0,010
3280,000	0,003
3282,000	0,006
3284,000	0,007
3286,000	0,003
3288,000	0,004
3290,000	0,002
3292,000	0,003
3294,000	0,005
3296,000	0,003
3298,000	0,005
3300,000	0,006
3302,000	0,003
3304,000	0,002
3306,000	0,004
3308,000	0,010
3310,000	0,009
3312,000	0,003
3314,000	0,004
3316,000	0,002
3318,000	0,004
3320,000	0,001
3322,000	0,004
3324,000	0,003
3326,000	0,006
3328,000	0,010
3330,000	0,008
3332,000	0,002
3334,000	0,004
3336,000	0,005
3338,000	0,002
3340,000	0,005
3342,000	0,005
3344,000	0,006
3346,000	0,007
3348,000	0,002
3350,000	0,003
3352,000	0,001
3354,000	0,002
3356,000	0,002
3358,000	0,002
3360,000	0,003
3362,000	0,003
3364,000	0,001
3366,000	0,007
3368,000	0,008
3370,000	0,002
3372,000	0,010
3374,000	0,015
3376,000	0,009
3378,000	0,001
3380,000	0,002
3382,000	0,003
3384,000	0,003
3386,000	0,004
3388,000	0,005
3390,000	0,000
3392,000	0,004
3394,000	0,004
3396,000	0,003
3398,000	0,004
3400,000	0,004
3402,000	0,005
3404,000	0,005
3406,000	0,006
3408,000	0,007
3410,000	0,001
3412,000	0,005
3414,000	0,004
3416,000	0,001
3418,000	0,003
3420,000	0,002
3422,000	0,001
3424,000	0,001
3426,000	0,001
3428,000	0,004
3430,000	0,005
3432,000	0,004
3434,000	0,009
3436,000	0,009
3438,000	0,004
3440,000	0,002
3442,000	0,004
3444,000	0,007
3446,000	0,004
3448,000	0,003
3450,000	0,004
3452,000	0,003
3454,000	0,001
3456,000	0,001
3458,000	0,002
3460,000	0,000
3462,000	0,005
3464,000	0,009
3466,000	0,006
3468,000	0,003
3470,000	0,007
3472,000	0,007
3474,000	0,004
3476,000	0,002
3478,000	0,003
3480,000	0,005
3482,000	0,005
3484,000	0,005
3486,000	0,005
3488,000	0,009
3490,000	0,006
3492,000	0,001
3494,000	0,002
3496,000	0,005
3498,000	0,007
3500,000	0,007
3502,000	0,009
3504,000	0,006
3506,000	0,002
3508,000	0,004
3510,000	0,002
3512,000	0,004
3514,000	0,002
3516,000	0,008
3518,000	0,009
3520,000	0,005
3522,000	0,004
3524,000	0,005
3526,000	0,008
3528,000	0,009
3530,000	0,002
3532,000	0,008
3534,000	0,005
3536,000	0,007
3538,000	0,010
3540,000	0,003
3542,000	0,006
3544,000	0,005
3546,000	0,003
3548,000	0,008
3550,000	0,009
3552,000	0,004
3554,000	0,004
3556,000	0,003
3558,000	0,004
3560,000	0,003
3562,000	0,002
3564,000	0,001
3566,000	0,004
3568,000	0,005
3570,000	0,002
3572,000	0,008
3574,000	0,008
3576,000	0,002
3578,000	0,002
3580,000	0,006
3582,000	0,005
3584,000	0,004
3586,000	0,006
3588,000	0,002
3590,000	0,002
3592,000	0,005
3594,000	0,010
3596,000	0,007
3598,000	0,004
3600,000	0,003
3602,000	0,010
3604,000	0,007
3606,000	0,000
3608,000	0,004
3610,000	0,006
3612,000	0,003
3614,000	0,002
3616,000	0,002
3618,000	0,003
3620,000	0,004
3622,000	0,002
3624,000	0,009
3626,000	0,010
3628,000	0,001
3630,000	0,007
3632,000	0,004
3634,000	0,005
3636,000	0,007
3638,000	0,007
3640,000	0,003
3642,000	0,006
3644,000	0,006
3646,000	0,006
3648,000	0,003
3650,000	0,007
3652,000	0,006
3654,000	0,006
3656,000	0,008
3658,000	0,004
3660,000	0,005
3662,000	0,003
3664,000	0,001
3666,000	0,002
3668,000	0,001
3670,000	0,004
3672,000	0,005
3674,000	0,003
3676,000	0,004
3678,000	0,005
3680,000	0,004
3682,000	0,002
3684,000	0,003
3686,000	0,004
3688,000	0,004
3690,000	0,002
3692,000	0,003
3694,000	0,006
3696,000	0,006
3698,000	0,006
3700,000	0,005
3702,000	0,003
3704,000	0,005
3706,000	0,007
3708,000	0,005
3710,000	0,003
3712,000	0,007
3714,000	0,007
3716,000	0,006
3718,000	0,004
3720,000	0,006
3722,000	0,007
3724,000	0,004
3726,000	0,005
3728,000	0,004
3730,000	0,006
3732,000	0,006
3734,000	0,002
3736,000	0,005
3738,000	0,002
3740,000	0,004
3742,000	0,006
3744,000	0,003
3746,000	0,002
3748,000	0,002
3750,000	0,005
3752,000	0,006
3754,000	0,003
3756,000	0,002
3758,000	0,005
3760,000	0,007
3762,000	0,004
3764,000	0,003
3766,000	0,004
3768,000	0,007
3770,000	0,006
3772,000	0,005
3774,000	0,004
3776,000	0,005
3778,000	0,003
3780,000	0,002
3782,000	0,001
3784,000	0,004
3786,000	0,002
3788,000	0,004
3790,000	0,006
3792,000	0,002
3794,000	0,003
3796,000	0,005
3798,000	0,003
3800,000	0,002
3802,000	0,005
3804,000	0,004
3806,000	0,002
3808,000	0,005
3810,000	0,005
3812,000	0,010
3814,000	0,009
3816,000	0,005
3818,000	0,003
3820,000	0,002
3822,000	0,003
3824,000	0,003
3826,000	0,006
3828,000	0,002
3830,000	0,002
3832,000	0,002
3834,000	0,004
3836,000	0,009
3838,000	0,009
3840,000	0,004
3842,000	0,004
3844,000	0,004
3846,000	0,002
3848,000	0,003
3850,000	0,006
3852,000	0,007
3854,000	0,004
3856,000	0,003
3858,000	0,001
3860,000	0,005
3862,000	0,006
3864,000	0,003
3866,000	0,001
3868,000	0,004
3870,000	0,003
3872,000	0,003
3874,000	0,003
3876,000	0,005
3878,000	0,009
3880,000	0,003
3882,000	0,003
3884,000	0,004
3886,000	0,009
3888,000	0,007
3890,000	0,004
3892,000	0,002
3894,000	0,003
3896,000	0,005
3898,000	0,003
3900,000	0,001
3902,000	0,001
3904,000	0,003
3906,000	0,002
3908,000	0,004
3910,000	0,008
3912,000	0,006
3914,000	0,004
3916,000	0,003
3918,000	0,006
3920,000	0,005
3922,000	0,001
3924,000	0,001
3926,000	0,002
3928,000	0,002
3930,000	0,002
3932,000	0,007
3934,000	0,006
3936,000	0,001
3938,000	0,005
3940,000	0,001
3942,000	0,005
3944,000	0,008
3946,000	0,009
3948,000	0,004
3950,000	0,001
3952,000	0,002
3954,000	0,006
3956,000	0,001
3958,000	0,006
3960,000	0,004
3962,000	0,005
3964,000	0,007
3966,000	0,000
3968,000	0,003
3970,000	0,001
3972,000	0,004
3974,000	0,004
3976,000	0,001
3978,000	0,002
3980,000	0,004
3982,000	0,004
3984,000	0,002
3986,000	0,001
3988,000	0,002
3990,000	0,004
3992,000	0,002
3994,000	0,004
3996,000	0,007
3998,000	0,007
4000,000	0,004
4002,000	0,000
4004,000	0,003
4006,000	0,004
4008,000	0,005
4010,000	0,007
4012,000	0,004
4014,000	0,004
4016,000	0,005
4018,000	0,001
4020,000	0,006
4022,000	0,004
4024,000	0,001
4026,000	0,005
4028,000	0,008
4030,000	0,006
4032,000	0,002
4034,000	0,000
4036,000	0,003
4038,000	0,006
4040,000	0,004
4042,000	0,004
4044,000	0,009
4046,000	0,005
4048,000	0,004
4050,000	0,003
4052,000	0,001
4054,000	0,001
4056,000	0,004
4058,000	0,007
4060,000	0,004
4062,000	0,002
4064,000	0,002
4066,000	0,002
4068,000	0,006
4070,000	0,006
4072,000	0,003
4074,000	0,001
4076,000	0,003
4078,000	0,002
4080,000	0,003
4082,000	0,001
4084,000	0,001
4086,000	0,002
4088,000	0,006
4090,000	0,006
4092,000	0,005
4094,000	0,007
4096,000	0,004
4098,000	0,004
4100,000	0,009
4102,000	0,003
4104,000	0,007
4106,000	0,008
4108,000	0,001
4110,000	0,002
4112,000	0,004
4114,000	0,005
4116,000	0,001
4118,000	0,004
4120,000	0,004
4122,000	0,003
4124,000	0,001
4126,000	0,003
4128,000	0,005
4130,000	0,002
4132,000	0,003
4134,000	0,002
4136,000	0,006
4138,000	0,008
4140,000	0,008
4142,000	0,009
4144,000	0,003
4146,000	0,006
4148,000	0,006
4150,000	0,004
4152,000	0,004
4154,000	0,000
4156,000	0,003
4158,000	0,003
4160,000	0,002
4162,000	0,004
4164,000	0,006
4166,000	0,000
4168,000	0,007
4170,000	0,005
4172,000	0,004
4174,000	0,007
4176,000	0,002
4178,000	0,003
4180,000	0,006
4182,000	0,007
4184,000	0,003
4186,000	0,004
4188,000	0,002
4190,000	0,004
4192,000	0,003
4194,000	0,004
4196,000	0,002
4198,000	0,004
4200,000	0,001
4202,000	0,005
4204,000	0,002
4206,000	0,004
4208,000	0,001
4210,000	0,005
4212,000	0,006
4214,000	0,005
4216,000	0,004
4218,000	0,003
4220,000	0,002
4222,000	0,004
4224,000	0,001
4226,000	0,004
4228,000	0,005
4230,000	0,005
4232,000	0,001
4234,000	0,005
4236,000	0,002
4238,000	0,004
4240,000	0,004
4242,000	0,002
4244,000	0,002
4246,000	0,001
4248,000	0,002
4250,000	0,005
4252,000	0,003
4254,000	0,004
4256,000	0,003
4258,000	0,003
4260,000	0,005
4262,000	0,003
4264,000	0,002
4266,000	0,005
4268,000	0,006
4270,000	0,004
4272,000	0,003
4274,000	0,004
4276,000	0,001
4278,000	0,006
4280,000	0,009
4282,000	0,006
4284,000	0,002
4286,000	0,001
4288,000	0,002
4290,000	0,002
4292,000	0,002
4294,000	0,002
4296,000	0,000
4298,000	0,002
4300,000	0,006
4302,000	0,007
4304,000	0,007
4306,000	0,008
4308,000	0,004
4310,000	0,003
4312,000	0,002
4314,000	0,007
4316,000	0,006
4318,000	0,007
4320,000	0,005
4322,000	0,004
4324,000	0,007
4326,000	0,004
4328,000	0,003
4330,000	0,003
4332,000	0,001
4334,000	0,005
4336,000	0,006
4338,000	0,005
4340,000	0,001
4342,000	0,005
4344,000	0,005
4346,000	0,004
4348,000	0,003
4350,000	0,003
4352,000	0,005
4354,000	0,005
4356,000	0,003
4358,000	0,005
4360,000	0,006
4362,000	0,001
4364,000	0,006
4366,000	0,010
4368,000	0,004
4370,000	0,006
4372,000	0,006
4374,000	0,002
4376,000	0,002
4378,000	0,002
4380,000	0,002
4382,000	0,003
4384,000	0,005
4386,000	0,001
4388,000	0,003
4390,000	0,002
4392,000	0,001
4394,000	0,004
4396,000	0,006
4398,000	0,006
4400,000	0,004
4402,000	0,001
4404,000	0,002
4406,000	0,002
4408,000	0,005
4410,000	0,003
4412,000	0,004
4414,000	0,004
4416,000	0,004
4418,000	0,006
4420,000	0,004
4422,000	0,002
4424,000	0,001
4426,000	0,001
4428,000	0,001
4430,000	0,001
4432,000	0,001
4434,000	0,005
4436,000	0,005
4438,000	0,002
4440,000	0,003
4442,000	0,001
4444,000	0,002
4446,000	0,002
4448,000	0,003
4450,000	0,004
4452,000	0,006
4454,000	0,003
4456,000	0,005
4458,000	0,006
4460,000	0,005
4462,000	0,005
4464,000	0,005
4466,000	0,006
4468,000	0,005
4470,000	0,004
4472,000	0,002
4474,000	0,007
4476,000	0,006
4478,000	0,003
4480,000	0,004
4482,000	0,007
4484,000	0,005
4486,000	0,002
4488,000	0,001
4490,000	0,002
4492,000	0,003
4494,000	0,003
4496,000	0,006
4498,000	0,006
4500,000	0,006
4502,000	0,009
4504,000	0,005
4506,000	0,002
4508,000	0,003
4510,000	0,001
4512,000	0,004
4514,000	0,006
4516,000	0,007
4518,000	0,005
4520,000	0,002
4522,000	0,003
4524,000	0,002
4526,000	0,005
4528,000	0,003
4530,000	0,002
4532,000	0,005
4534,000	0,006
4536,000	0,004
4538,000	0,007
4540,000	0,005
4542,000	0,003
4544,000	0,001
4546,000	0,004
4548,000	0,004
4550,000	0,007
4552,000	0,005
4554,000	0,002
4556,000	0,004
4558,000	0,003
4560,000	0,001
4562,000	0,003
4564,000	0,004
4566,000	0,001
4568,000	0,002
4570,000	0,005
4572,000	0,004
4574,000	0,002
4576,000	0,003
4578,000	0,005
4580,000	0,002
4582,000	0,003
4584,000	0,004
4586,000	0,002
4588,000	0,005
4590,000	0,009
4592,000	0,008
4594,000	0,003
4596,000	0,003
4598,000	0,004
4600,000	0,002
4602,000	0,005
4604,000	0,002
4606,000	0,006
4608,000	0,003
4610,000	0,005
4612,000	0,006
4614,000	0,005
4616,000	0,004
4618,000	0,005
4620,000	0,007
4622,000	0,002
4624,000	0,005
4626,000	0,005
4628,000	0,005
4630,000	0,005
4632,000	0,002
4634,000	0,004
4636,000	0,004
4638,000	0,002
4640,000	0,001
4642,000	0,000
4644,000	0,003
4646,000	0,008
4648,000	0,007
4650,000	0,002
4652,000	0,002
4654,000	0,003
4656,000	0,004
4658,000	0,005
4660,000	0,006
4662,000	0,003
4664,000	0,003
4666,000	0,003
4668,000	0,000
4670,000	0,002
4672,000	0,001
4674,000	0,001
4676,000	0,001
4678,000	0,004
4680,000	0,004
4682,000	0,000
4684,000	0,004
4686,000	0,006
4688,000	0,007
4690,000	0,003
4692,000	0,003
4694,000	0,004
4696,000	0,001
4698,000	0,005
4700,000	0,005
4702,000	0,002
4704,000	0,001
4706,000	0,000
4708,000	0,001
4710,000	0,001
4712,000	0,005
4714,000	0,005
4716,000	0,002
4718,000	0,004
4720,000	0,007
4722,000	0,005
4724,000	0,004
4726,000	0,003
4728,000	0,002
4730,000	0,003
4732,000	0,005
4734,000	0,003
4736,000	0,005
4738,000	0,004
4740,000	0,002
4742,000	0,002
4744,000	0,003
4746,000	0,003
4748,000	0,004
4750,000	0,005
4752,000	0,006
4754,000	0,004
4756,000	0,001
4758,000	0,003
4760,000	0,003
4762,000	0,003
4764,000	0,002
4766,000	0,003
4768,000	0,004
4770,000	0,005
4772,000	0,003
4774,000	0,007
4776,000	0,006
4778,000	0,005
4780,000	0,003
4782,000	0,004
4784,000	0,003
4786,000	0,001
4788,000	0,003
4790,000	0,002
4792,000	0,005
4794,000	0,007
4796,000	0,005
4798,000	0,001
4800,000	0,000
4802,000	0,002
4804,000	0,005
4806,000	0,006
4808,000	0,002
4810,000	0,004
4812,000	0,004
4814,000	0,003
4816,000	0,002
4818,000	0,003
4820,000	0,001
4822,000	0,007
4824,000	0,006
4826,000	0,002
4828,000	0,002
4830,000	0,001
4832,000	0,001
4834,000	0,002
4836,000	0,004
4838,000	0,003
4840,000	0,004
4842,000	0,004
4844,000	0,002
4846,000	0,007
4848,000	0,005
4850,000	0,001
4852,000	0,003
4854,000	0,001
4856,000	0,003
4858,000	0,003
4860,000	0,004
4862,000	0,003
4864,000	0,002
4866,000	0,004
4868,000	0,004
4870,000	0,007
4872,000	0,002
4874,000	0,012
4876,000	0,015
4878,000	0,008
4880,000	0,008
4882,000	0,005
4884,000	0,003
4886,000	0,005
4888,000	0,001
4890,000	0,006
4892,000	0,007
4894,000	0,004
4896,000	0,004
4898,000	0,008
4900,000	0,005
4902,000	0,002
4904,000	0,003
4906,000	0,003
4908,000	0,004
4910,000	0,002
4912,000	0,002
4914,000	0,003
4916,000	0,005
4918,000	0,002
4920,000	0,007
4922,000	0,007
4924,000	0,006
4926,000	0,004
4928,000	0,006
4930,000	0,005
4932,000	0,003
4934,000	0,007
4936,000	0,004
4938,000	0,003
4940,000	0,002
4942,000	0,006
4944,000	0,005
4946,000	0,002
4948,000	0,004
4950,000	0,003
4952,000	0,004
4954,000	0,008
4956,000	0,008
4958,000	0,003
4960,000	0,002
4962,000	0,003
4964,000	0,004
4966,000	0,004
4968,000	0,004
4970,000	0,002
4972,000	0,005
4974,000	0,002
4976,000	0,004
4978,000	0,004
4980,000	0,003
4982,000	0,003
4984,000	0,005
4986,000	0,003
4988,000	0,001
4990,000	0,002
4992,000	0,004
4994,000	0,004
4996,000	0,005
4998,000	0,003
5000,000	0,006
