2496
10,000	0,010
12,000	0,199
14,000	0,006
16,000	0,146
18,000	0,008
20,000	0,114
22,000	0,008
24,000	0,097
26,000	0,013
28,000	0,078
30,000	0,011
32,000	0,070
34,000	0,011
36,000	0,066
38,000	0,020
40,000	0,049
42,000	0,011
44,000	0,051
46,000	0,019
48,000	0,035
50,000	0,005
52,000	0,044
54,000	0,014
56,000	0,036
58,000	0,014
60,000	0,037
62,000	0,015
64,000	0,033
66,000	0,016
68,000	0,031
70,000	0,021
72,000	0,017
74,000	0,010
76,000	0,021
78,000	0,011
80,000	0,020
82,000	0,008
84,000	0,025
86,000	0,012
88,000	0,023
90,000	0,017
92,000	0,019
94,000	0,015
96,000	0,015
98,000	0,013
100,000	0,012
102,000	0,007
104,000	0,016
106,000	0,007
108,000	0,021
110,000	0,012
112,000	0,019
114,000	0,015
116,000	0,013
118,000	0,010
120,000	0,017
122,000	0,016
124,000	0,009
126,000	0,007
128,000	0,016
130,000	0,011
132,000	0,017
134,000	0,013
136,000	0,014
138,000	0,015
140,000	0,014
142,000	0,012
144,000	0,011
146,000	0,008
148,000	0,020
150,000	0,019
152,000	0,010
154,000	0,011
156,000	0,015
158,000	0,013
160,000	0,019
162,000	0,020
164,000	0,014
166,000	0,024
168,000	0,011
170,000	0,016
172,000	0,020
174,000	0,017
176,000	0,018
178,000	0,019
180,000	0,014
182,000	0,017
184,000	0,023
186,000	0,026
188,000	0,016
190,000	0,023
192,000	0,021
194,000	0,033
196,000	0,024
198,000	0,031
200,000	0,019
202,000	0,029
204,000	0,024
206,000	0,028
208,000	0,019
210,000	0,031
212,000	0,022
214,000	0,029
216,000	0,025
218,000	0,038
220,000	0,019
222,000	0,029
224,000	0,020
226,000	0,030
228,000	0,019
230,000	0,032
232,000	0,029
234,000	0,041
236,000	0,043
238,000	0,055
240,000	0,046
242,000	0,057
244,000	0,049
246,000	0,062
248,000	0,057
250,000	0,063
252,000	0,062
254,000	0,066
256,000	0,049
258,000	0,065
260,000	0,072
262,000	0,107
264,000	0,107
266,000	0,134
268,000	0,186
270,000	0,207
272,000	0,213
274,000	0,187
276,000	0,129
278,000	0,112
280,000	0,098
282,000	0,098
284,000	0,092
286,000	0,080
288,000	0,060
290,000	0,061
292,000	0,035
294,000	0,032
296,000	0,025
298,000	0,028
300,000	0,004
302,000	0,033
304,000	0,035
306,000	0,076
308,000	0,068
310,000	0,156
312,000	0,201
314,000	0,236
316,000	0,248
318,000	0,205
320,000	0,161
322,000	0,152
324,000	0,159
326,000	0,151
328,000	0,148
330,000	0,125
332,000	0,128
334,000	0,119
336,000	0,111
338,000	0,099
340,000	0,079
342,000	0,058
344,000	0,069
346,000	0,065
348,000	0,060
350,000	0,043
352,000	0,050
354,000	0,038
356,000	0,043
358,000	0,033
360,000	0,044
362,000	0,035
364,000	0,041
366,000	0,030
368,000	0,038
370,000	0,022
372,000	0,027
374,000	0,012
376,000	0,025
378,000	0,024
380,000	0,033
382,000	0,018
384,000	0,024
386,000	0,016
388,000	0,016
390,000	0,017
392,000	0,007
394,000	0,015
396,000	0,015
398,000	0,019
400,000	0,024
402,000	0,031
404,000	0,056
406,000	0,071
408,000	0,088
410,000	0,102
412,000	0,085
414,000	0,071
416,000	0,072
418,000	0,071
420,000	0,069
422,000	0,064
424,000	0,064
426,000	0,067
428,000	0,074
430,000	0,053
432,000	0,055
434,000	0,052
436,000	0,049
438,000	0,043
440,000	0,043
442,000	0,037
444,000	0,039
446,000	0,038
448,000	0,033
450,000	0,028
452,000	0,031
454,000	0,033
456,000	0,039
458,000	0,021
460,000	0,038
462,000	0,037
464,000	0,026
466,000	0,033
468,000	0,027
470,000	0,031
472,000	0,027
474,000	0,015
476,000	0,024
478,000	0,017
480,000	0,023
482,000	0,026
484,000	0,029
486,000	0,020
488,000	0,024
490,000	0,018
492,000	0,018
494,000	0,018
496,000	0,026
498,000	0,016
500,000	0,018
502,000	0,018
504,000	0,027
506,000	0,018
508,000	0,020
510,000	0,017
512,000	0,018
514,000	0,018
516,000	0,018
518,000	0,016
520,000	0,016
522,000	0,017
524,000	0,021
526,000	0,014
528,000	0,023
530,000	0,021
532,000	0,020
534,000	0,015
536,000	0,021
538,000	0,020
540,000	0,011
542,000	0,014
544,000	0,016
546,000	0,007
548,000	0,014
550,000	0,011
552,000	0,020
554,000	0,009
556,000	0,026
558,000	0,021
560,000	0,005
562,000	0,014
564,000	0,014
566,000	0,011
568,000	0,012
570,000	0,021
572,000	0,013
574,000	0,011
576,000	0,019
578,000	0,011
580,000	0,017
582,000	0,009
584,000	0,016
586,000	0,019
588,000	0,015
590,000	0,008
592,000	0,014
594,000	0,014
596,000	0,015
598,000	0,006
600,000	0,012
602,000	0,001
604,000	0,016
606,000	0,012
608,000	0,012
610,000	0,008
612,000	0,016
614,000	0,017
616,000	0,012
618,000	0,008
620,000	0,009
622,000	0,007
624,000	0,015
626,000	0,005
628,000	0,011
630,000	0,010
632,000	0,018
634,000	0,011
636,000	0,016
638,000	0,019
640,000	0,017
642,000	0,013
644,000	0,011
646,000	0,009
648,000	0,013
650,000	0,007
652,000	0,004
654,000	0,007
656,000	0,011
658,000	0,011
660,000	0,020
662,000	0,020
664,000	0,013
666,000	0,009
668,000	0,006
670,000	0,008
672,000	0,011
674,000	0,004
676,000	0,014
678,000	0,007
680,000	0,015
682,000	0,012
684,000	0,008
686,000	0,008
688,000	0,011
690,000	0,011
692,000	0,012
694,000	0,009
696,000	0,007
698,000	0,009
700,000	0,006
702,000	0,012
704,000	0,013
706,000	0,012
708,000	0,013
710,000	0,007
712,000	0,008
714,000	0,008
716,000	0,009
718,000	0,007
720,000	0,013
722,000	0,007
724,000	0,011
726,000	0,004
728,000	0,008
730,000	0,011
732,000	0,009
734,000	0,007
736,000	0,011
738,000	0,007
740,000	0,012
742,000	0,007
744,000	0,012
746,000	0,009
748,000	0,010
750,000	0,007
752,000	0,009
754,000	0,005
756,000	0,015
758,000	0,011
760,000	0,009
762,000	0,008
764,000	0,015
766,000	0,013
768,000	0,005
770,000	0,012
772,000	0,014
774,000	0,002
776,000	0,009
778,000	0,005
780,000	0,012
782,000	0,010
784,000	0,011
786,000	0,007
788,000	0,012
790,000	0,010
792,000	0,004
794,000	0,005
796,000	0,013
798,000	0,008
800,000	0,007
802,000	0,007
804,000	0,007
806,000	0,008
808,000	0,011
810,000	0,010
812,000	0,013
814,000	0,013
816,000	0,013
818,000	0,014
820,000	0,009
822,000	0,006
824,000	0,006
826,000	0,006
828,000	0,011
830,000	0,004
832,000	0,007
834,000	0,004
836,000	0,011
838,000	0,012
840,000	0,004
842,000	0,008
844,000	0,005
846,000	0,006
848,000	0,007
850,000	0,001
852,000	0,003
854,000	0,006
856,000	0,003
858,000	0,009
860,000	0,011
862,000	0,005
864,000	0,008
866,000	0,009
868,000	0,010
870,000	0,002
872,000	0,010
874,000	0,008
876,000	0,007
878,000	0,005
880,000	0,008
882,000	0,013
884,000	0,009
886,000	0,012
888,000	0,013
890,000	0,006
892,000	0,013
894,000	0,006
896,000	0,004
898,000	0,007
900,000	0,007
902,000	0,005
904,000	0,005
906,000	0,006
908,000	0,011
910,000	0,008
912,000	0,009
914,000	0,006
916,000	0,015
918,000	0,002
920,000	0,014
922,000	0,009
924,000	0,004
926,000	0,006
928,000	0,012
930,000	0,006
932,000	0,008
934,000	0,005
936,000	0,009
938,000	0,006
940,000	0,007
942,000	0,004
944,000	0,006
946,000	0,006
948,000	0,007
950,000	0,002
952,000	0,009
954,000	0,006
956,000	0,004
958,000	0,005
960,000	0,010
962,000	0,004
964,000	0,008
966,000	0,008
968,000	0,006
970,000	0,007
972,000	0,005
974,000	0,005
976,000	0,003
978,000	0,007
980,000	0,014
982,000	0,008
984,000	0,012
986,000	0,010
988,000	0,009
990,000	0,010
992,000	0,007
994,000	0,003
996,000	0,007
998,000	0,007
1000,000	0,003
1002,000	0,006
1004,000	0,010
1006,000	0,008
1008,000	0,008
1010,000	0,011
1012,000	0,009
1014,000	0,005
1016,000	0,005
1018,000	0,006
1020,000	0,003
1022,000	0,007
1024,000	0,006
1026,000	0,004
1028,000	0,013
1030,000	0,014
1032,000	0,006
1034,000	0,005
1036,000	0,012
1038,000	0,012
1040,000	0,006
1042,000	0,004
1044,000	0,008
1046,000	0,006
1048,000	0,002
1050,000	0,005
1052,000	0,009
1054,000	0,010
1056,000	0,005
1058,000	0,005
1060,000	0,006
1062,000	0,004
1064,000	0,010
1066,000	0,007
1068,000	0,008
1070,000	0,003
1072,000	0,005
1074,000	0,006
1076,000	0,008
1078,000	0,010
1080,000	0,007
1082,000	0,008
1084,000	0,014
1086,000	0,009
1088,000	0,006
1090,000	0,005
1092,000	0,010
1094,000	0,004
1096,000	0,007
1098,000	0,009
1100,000	0,006
1102,000	0,004
1104,000	0,007
1106,000	0,009
1108,000	0,004
1110,000	0,009
1112,000	0,014
1114,000	0,008
1116,000	0,007
1118,000	0,004
1120,000	0,013
1122,000	0,006
1124,000	0,004
1126,000	0,005
1128,000	0,012
1130,000	0,009
1132,000	0,008
1134,000	0,003
1136,000	0,009
1138,000	0,004
1140,000	0,006
1142,000	0,005
1144,000	0,004
1146,000	0,005
1148,000	0,006
1150,000	0,002
1152,000	0,012
1154,000	0,013
1156,000	0,011
1158,000	0,003
1160,000	0,008
1162,000	0,005
1164,000	0,006
1166,000	0,004
1168,000	0,009
1170,000	0,011
1172,000	0,006
1174,000	0,002
1176,000	0,012
1178,000	0,010
1180,000	0,005
1182,000	0,005
1184,000	0,002
1186,000	0,003
1188,000	0,006
1190,000	0,005
1192,000	0,005
1194,000	0,008
1196,000	0,001
1198,000	0,008
1200,000	0,006
1202,000	0,002
1204,000	0,005
1206,000	0,002
1208,000	0,010
1210,000	0,008
1212,000	0,007
1214,000	0,009
1216,000	0,005
1218,000	0,007
1220,000	0,003
1222,000	0,003
1224,000	0,006
1226,000	0,006
1228,000	0,004
1230,000	0,001
1232,000	0,005
1234,000	0,004
1236,000	0,007
1238,000	0,007
1240,000	0,003
1242,000	0,007
1244,000	0,007
1246,000	0,005
1248,000	0,004
1250,000	0,005
1252,000	0,005
1254,000	0,010
1256,000	0,013
1258,000	0,007
1260,000	0,006
1262,000	0,011
1264,000	0,007
1266,000	0,006
1268,000	0,010
1270,000	0,007
1272,000	0,004
1274,000	0,005
1276,000	0,003
1278,000	0,003
1280,000	0,006
1282,000	0,003
1284,000	0,005
1286,000	0,012
1288,000	0,009
1290,000	0,004
1292,000	0,008
1294,000	0,006
1296,000	0,005
1298,000	0,004
1300,000	0,004
1302,000	0,004
1304,000	0,009
1306,000	0,002
1308,000	0,006
1310,000	0,005
1312,000	0,008
1314,000	0,006
1316,000	0,010
1318,000	0,008
1320,000	0,006
1322,000	0,006
1324,000	0,003
1326,000	0,006
1328,000	0,003
1330,000	0,004
1332,000	0,007
1334,000	0,002
1336,000	0,003
1338,000	0,003
1340,000	0,008
1342,000	0,002
1344,000	0,007
1346,000	0,004
1348,000	0,005
1350,000	0,005
1352,000	0,005
1354,000	0,005
1356,000	0,004
1358,000	0,007
1360,000	0,007
1362,000	0,005
1364,000	0,014
1366,000	0,007
1368,000	0,006
1370,000	0,006
1372,000	0,008
1374,000	0,007
1376,000	0,003
1378,000	0,004
1380,000	0,004
1382,000	0,005
1384,000	0,002
1386,000	0,003
1388,000	0,006
1390,000	0,003
1392,000	0,007
1394,000	0,007
1396,000	0,004
1398,000	0,008
1400,000	0,001
1402,000	0,005
1404,000	0,006
1406,000	0,005
1408,000	0,001
1410,000	0,003
1412,000	0,007
1414,000	0,011
1416,000	0,009
1418,000	0,002
1420,000	0,007
1422,000	0,002
1424,000	0,006
1426,000	0,002
1428,000	0,006
1430,000	0,005
1432,000	0,004
1434,000	0,007
1436,000	0,008
1438,000	0,006
1440,000	0,009
1442,000	0,011
1444,000	0,006
1446,000	0,003
1448,000	0,011
1450,000	0,008
1452,000	0,002
1454,000	0,004
1456,000	0,004
1458,000	0,006
1460,000	0,006
1462,000	0,003
1464,000	0,005
1466,000	0,004
1468,000	0,005
1470,000	0,006
1472,000	0,002
1474,000	0,005
1476,000	0,001
1478,000	0,002
1480,000	0,004
1482,000	0,005
1484,000	0,001
1486,000	0,003
1488,000	0,003
1490,000	0,003
1492,000	0,002
1494,000	0,002
1496,000	0,005
1498,000	0,004
1500,000	0,004
1502,000	0,004
1504,000	0,005
1506,000	0,004
1508,000	0,004
1510,000	0,004
1512,000	0,004
1514,000	0,004
1516,000	0,006
1518,000	0,009
1520,000	0,005
1522,000	0,003
1524,000	0,004
1526,000	0,006
1528,000	0,003
1530,000	0,006
1532,000	0,006
1534,000	0,005
1536,000	0,005
1538,000	0,005
1540,000	0,007
1542,000	0,003
1544,000	0,006
1546,000	0,007
1548,000	0,004
1550,000	0,006
1552,000	0,001
1554,000	0,003
1556,000	0,002
1558,000	0,001
1560,000	0,002
1562,000	0,000
1564,000	0,006
1566,000	0,007
1568,000	0,003
1570,000	0,004
1572,000	0,004
1574,000	0,006
1576,000	0,006
1578,000	0,003
1580,000	0,004
1582,000	0,002
1584,000	0,008
1586,000	0,006
1588,000	0,005
1590,000	0,004
1592,000	0,007
1594,000	0,009
1596,000	0,002
1598,000	0,007
1600,000	0,006
1602,000	0,003
1604,000	0,002
1606,000	0,001
1608,000	0,005
1610,000	0,005
1612,000	0,002
1614,000	0,002
1616,000	0,006
1618,000	0,004
1620,000	0,004
1622,000	0,006
1624,000	0,002
1626,000	0,005
1628,000	0,002
1630,000	0,003
1632,000	0,003
1634,000	0,003
1636,000	0,004
1638,000	0,009
1640,000	0,005
1642,000	0,005
1644,000	0,006
1646,000	0,006
1648,000	0,000
1650,000	0,007
1652,000	0,003
1654,000	0,004
1656,000	0,003
1658,000	0,006
1660,000	0,006
1662,000	0,004
1664,000	0,003
1666,000	0,008
1668,000	0,008
1670,000	0,005
1672,000	0,004
1674,000	0,006
1676,000	0,007
1678,000	0,000
1680,000	0,003
1682,000	0,007
1684,000	0,012
1686,000	0,008
1688,000	0,010
1690,000	0,006
1692,000	0,007
1694,000	0,004
1696,000	0,005
1698,000	0,006
1700,000	0,001
1702,000	0,001
1704,000	0,005
1706,000	0,007
1708,000	0,004
1710,000	0,002
1712,000	0,002
1714,000	0,003
1716,000	0,001
1718,000	0,001
1720,000	0,002
1722,000	0,004
1724,000	0,003
1726,000	0,001
1728,000	0,003
1730,000	0,002
1732,000	0,003
1734,000	0,007
1736,000	0,008
1738,000	0,005
1740,000	0,004
1742,000	0,005
1744,000	0,006
1746,000	0,002
1748,000	0,004
1750,000	0,005
1752,000	0,005
1754,000	0,004
1756,000	0,002
1758,000	0,001
1760,000	0,004
1762,000	0,004
1764,000	0,001
1766,000	0,004
1768,000	0,007
1770,000	0,006
1772,000	0,004
1774,000	0,003
1776,000	0,008
1778,000	0,004
1780,000	0,006
1782,000	0,003
1784,000	0,007
1786,000	0,006
1788,000	0,008
1790,000	0,004
1792,000	0,007
1794,000	0,008
1796,000	0,002
1798,000	0,006
1800,000	0,002
1802,000	0,003
1804,000	0,004
1806,000	0,003
1808,000	0,003
1810,000	0,006
1812,000	0,003
1814,000	0,002
1816,000	0,003
1818,000	0,004
1820,000	0,004
1822,000	0,007
1824,000	0,001
1826,000	0,006
1828,000	0,002
1830,000	0,005
1832,000	0,005
1834,000	0,001
1836,000	0,003
1838,000	0,004
1840,000	0,003
1842,000	0,004
1844,000	0,001
1846,000	0,004
1848,000	0,005
1850,000	0,003
1852,000	0,003
1854,000	0,002
1856,000	0,002
1858,000	0,001
1860,000	0,003
1862,000	0,003
1864,000	0,003
1866,000	0,006
1868,000	0,007
1870,000	0,003
1872,000	0,003
1874,000	0,003
1876,000	0,006
1878,000	0,005
1880,000	0,003
1882,000	0,002
1884,000	0,002
1886,000	0,007
1888,000	0,010
1890,000	0,005
1892,000	0,007
1894,000	0,007
1896,000	0,003
1898,000	0,003
1900,000	0,003
1902,000	0,006
1904,000	0,004
1906,000	0,001
1908,000	0,003
1910,000	0,005
1912,000	0,004
1914,000	0,005
1916,000	0,005
1918,000	0,002
1920,000	0,006
1922,000	0,005
1924,000	0,002
1926,000	0,002
1928,000	0,003
1930,000	0,003
1932,000	0,004
1934,000	0,004
1936,000	0,001
1938,000	0,001
1940,000	0,004
1942,000	0,006
1944,000	0,001
1946,000	0,006
1948,000	0,004
1950,000	0,005
1952,000	0,004
1954,000	0,003
1956,000	0,005
1958,000	0,004
1960,000	0,004
1962,000	0,004
1964,000	0,003
1966,000	0,003
1968,000	0,006
1970,000	0,004
1972,000	0,002
1974,000	0,002
1976,000	0,000
1978,000	0,005
1980,000	0,007
1982,000	0,006
1984,000	0,005
1986,000	0,002
1988,000	0,008
1990,000	0,005
1992,000	0,003
1994,000	0,006
1996,000	0,003
1998,000	0,003
2000,000	0,006
2002,000	0,009
2004,000	0,006
2006,000	0,002
2008,000	0,003
2010,000	0,005
2012,000	0,004
2014,000	0,006
2016,000	0,004
2018,000	0,000
2020,000	0,004
2022,000	0,007
2024,000	0,001
2026,000	0,006
2028,000	0,007
2030,000	0,002
2032,000	0,001
2034,000	0,003
2036,000	0,001
2038,000	0,006
2040,000	0,007
2042,000	0,007
2044,000	0,007
2046,000	0,002
2048,000	0,006
2050,000	0,006
2052,000	0,008
2054,000	0,006
2056,000	0,003
2058,000	0,004
2060,000	0,003
2062,000	0,005
2064,000	0,007
2066,000	0,003
2068,000	0,001
2070,000	0,003
2072,000	0,008
2074,000	0,008
2076,000	0,006
2078,000	0,003
2080,000	0,002
2082,000	0,004
2084,000	0,003
2086,000	0,003
2088,000	0,003
2090,000	0,003
2092,000	0,002
2094,000	0,006
2096,000	0,010
2098,000	0,007
2100,000	0,002
2102,000	0,002
2104,000	0,003
2106,000	0,004
2108,000	0,001
2110,000	0,005
2112,000	0,004
2114,000	0,003
2116,000	0,005
2118,000	0,004
2120,000	0,011
2122,000	0,006
2124,000	0,002
2126,000	0,001
2128,000	0,009
2130,000	0,006
2132,000	0,002
2134,000	0,004
2136,000	0,003
2138,000	0,004
2140,000	0,004
2142,000	0,004
2144,000	0,005
2146,000	0,008
2148,000	0,003
2150,000	0,004
2152,000	0,005
2154,000	0,001
2156,000	0,003
2158,000	0,004
2160,000	0,006
2162,000	0,002
2164,000	0,005
2166,000	0,007
2168,000	0,004
2170,000	0,003
2172,000	0,004
2174,000	0,002
2176,000	0,002
2178,000	0,003
2180,000	0,008
2182,000	0,008
2184,000	0,006
2186,000	0,004
2188,000	0,001
2190,000	0,004
2192,000	0,005
2194,000	0,001
2196,000	0,006
2198,000	0,006
2200,000	0,003
2202,000	0,003
2204,000	0,003
2206,000	0,004
2208,000	0,005
2210,000	0,008
2212,000	0,002
2214,000	0,005
2216,000	0,002
2218,000	0,003
2220,000	0,004
2222,000	0,002
2224,000	0,003
2226,000	0,006
2228,000	0,004
2230,000	0,003
2232,000	0,003
2234,000	0,003
2236,000	0,006
2238,000	0,002
2240,000	0,008
2242,000	0,004
2244,000	0,006
2246,000	0,008
2248,000	0,004
2250,000	0,003
2252,000	0,002
2254,000	0,004
2256,000	0,003
2258,000	0,004
2260,000	0,002
2262,000	0,003
2264,000	0,004
2266,000	0,003
2268,000	0,006
2270,000	0,006
2272,000	0,001
2274,000	0,004
2276,000	0,007
2278,000	0,008
2280,000	0,003
2282,000	0,002
2284,000	0,002
2286,000	0,004
2288,000	0,006
2290,000	0,008
2292,000	0,005
2294,000	0,003
2296,000	0,007
2298,000	0,008
2300,000	0,003
2302,000	0,003
2304,000	0,002
2306,000	0,002
2308,000	0,003
2310,000	0,003
2312,000	0,006
2314,000	0,004
2316,000	0,004
2318,000	0,006
2320,000	0,002
2322,000	0,007
2324,000	0,004
2326,000	0,003
2328,000	0,002
2330,000	0,001
2332,000	0,002
2334,000	0,001
2336,000	0,002
2338,000	0,002
2340,000	0,003
2342,000	0,005
2344,000	0,002
2346,000	0,007
2348,000	0,005
2350,000	0,003
2352,000	0,006
2354,000	0,004
2356,000	0,003
2358,000	0,002
2360,000	0,005
2362,000	0,007
2364,000	0,007
2366,000	0,004
2368,000	0,003
2370,000	0,006
2372,000	0,004
2374,000	0,004
2376,000	0,003
2378,000	0,004
2380,000	0,005
2382,000	0,003
2384,000	0,002
2386,000	0,003
2388,000	0,003
2390,000	0,003
2392,000	0,004
2394,000	0,001
2396,000	0,004
2398,000	0,002
2400,000	0,004
2402,000	0,007
2404,000	0,005
2406,000	0,003
2408,000	0,002
2410,000	0,003
2412,000	0,006
2414,000	0,005
2416,000	0,005
2418,000	0,005
2420,000	0,002
2422,000	0,005
2424,000	0,006
2426,000	0,003
2428,000	0,002
2430,000	0,004
2432,000	0,001
2434,000	0,004
2436,000	0,005
2438,000	0,001
2440,000	0,003
2442,000	0,001
2444,000	0,003
2446,000	0,004
2448,000	0,007
2450,000	0,008
2452,000	0,006
2454,000	0,008
2456,000	0,005
2458,000	0,003
2460,000	0,003
2462,000	0,003
2464,000	0,002
2466,000	0,004
2468,000	0,008
2470,000	0,005
2472,000	0,004
2474,000	0,004
2476,000	0,002
2478,000	0,001
2480,000	0,004
2482,000	0,004
2484,000	0,002
2486,000	0,003
2488,000	0,005
2490,000	0,004
2492,000	0,001
2494,000	0,005
2496,000	0,006
2498,000	0,002
2500,000	0,005
2502,000	0,003
2504,000	0,003
2506,000	0,003
2508,000	0,001
2510,000	0,002
2512,000	0,004
2514,000	0,006
2516,000	0,005
2518,000	0,003
2520,000	0,008
2522,000	0,005
2524,000	0,003
2526,000	0,005
2528,000	0,002
2530,000	0,008
2532,000	0,009
2534,000	0,006
2536,000	0,004
2538,000	0,002
2540,000	0,006
2542,000	0,004
2544,000	0,004
2546,000	0,007
2548,000	0,004
2550,000	0,001
2552,000	0,003
2554,000	0,001
2556,000	0,005
2558,000	0,005
2560,000	0,003
2562,000	0,004
2564,000	0,006
2566,000	0,006
2568,000	0,005
2570,000	0,004
2572,000	0,008
2574,000	0,009
2576,000	0,004
2578,000	0,000
2580,000	0,004
2582,000	0,006
2584,000	0,006
2586,000	0,005
2588,000	0,003
2590,000	0,001
2592,000	0,003
2594,000	0,005
2596,000	0,005
2598,000	0,004
2600,000	0,005
2602,000	0,007
2604,000	0,007
2606,000	0,006
2608,000	0,004
2610,000	0,006
2612,000	0,005
2614,000	0,002
2616,000	0,006
2618,000	0,005
2620,000	0,004
2622,000	0,003
2624,000	0,002
2626,000	0,002
2628,000	0,003
2630,000	0,003
2632,000	0,003
2634,000	0,005
2636,000	0,006
2638,000	0,005
2640,000	0,003
2642,000	0,006
2644,000	0,007
2646,000	0,004
2648,000	0,002
2650,000	0,004
2652,000	0,003
2654,000	0,003
2656,000	0,001
2658,000	0,004
2660,000	0,006
2662,000	0,005
2664,000	0,002
2666,000	0,003
2668,000	0,004
2670,000	0,009
2672,000	0,009
2674,000	0,006
2676,000	0,004
2678,000	0,001
2680,000	0,002
2682,000	0,002
2684,000	0,002
2686,000	0,002
2688,000	0,002
2690,000	0,002
2692,000	0,007
2694,000	0,009
2696,000	0,008
2698,000	0,002
2700,000	0,005
2702,000	0,004
2704,000	0,004
2706,000	0,011
2708,000	0,013
2710,000	0,010
2712,000	0,004
2714,000	0,001
2716,000	0,003
2718,000	0,008
2720,000	0,008
2722,000	0,003
2724,000	0,007
2726,000	0,005
2728,000	0,005
2730,000	0,006
2732,000	0,001
2734,000	0,003
2736,000	0,003
2738,000	0,005
2740,000	0,004
2742,000	0,001
2744,000	0,005
2746,000	0,006
2748,000	0,004
2750,000	0,004
2752,000	0,004
2754,000	0,004
2756,000	0,005
2758,000	0,003
2760,000	0,000
2762,000	0,000
2764,000	0,001
2766,000	0,003
2768,000	0,007
2770,000	0,005
2772,000	0,000
2774,000	0,003
2776,000	0,007
2778,000	0,005
2780,000	0,002
2782,000	0,003
2784,000	0,002
2786,000	0,002
2788,000	0,006
2790,000	0,005
2792,000	0,004
2794,000	0,006
2796,000	0,002
2798,000	0,002
2800,000	0,004
2802,000	0,007
2804,000	0,007
2806,000	0,005
2808,000	0,001
2810,000	0,002
2812,000	0,004
2814,000	0,006
2816,000	0,003
2818,000	0,008
2820,000	0,002
2822,000	0,003
2824,000	0,003
2826,000	0,007
2828,000	0,003
2830,000	0,005
2832,000	0,004
2834,000	0,002
2836,000	0,004
2838,000	0,005
2840,000	0,005
2842,000	0,005
2844,000	0,004
2846,000	0,004
2848,000	0,003
2850,000	0,001
2852,000	0,006
2854,000	0,006
2856,000	0,002
2858,000	0,006
2860,000	0,004
2862,000	0,002
2864,000	0,001
2866,000	0,003
2868,000	0,007
2870,000	0,009
2872,000	0,003
2874,000	0,004
2876,000	0,003
2878,000	0,001
2880,000	0,001
2882,000	0,002
2884,000	0,002
2886,000	0,001
2888,000	0,004
2890,000	0,007
2892,000	0,004
2894,000	0,004
2896,000	0,003
2898,000	0,004
2900,000	0,007
2902,000	0,006
2904,000	0,003
2906,000	0,002
2908,000	0,001
2910,000	0,003
2912,000	0,003
2914,000	0,005
2916,000	0,003
2918,000	0,004
2920,000	0,004
2922,000	0,002
2924,000	0,002
2926,000	0,003
2928,000	0,006
2930,000	0,006
2932,000	0,006
2934,000	0,004
2936,000	0,002
2938,000	0,003
2940,000	0,004
2942,000	0,003
2944,000	0,002
2946,000	0,005
2948,000	0,005
2950,000	0,004
2952,000	0,007
2954,000	0,002
2956,000	0,005
2958,000	0,006
2960,000	0,004
2962,000	0,004
2964,000	0,003
2966,000	0,003
2968,000	0,003
2970,000	0,002
2972,000	0,007
2974,000	0,007
2976,000	0,005
2978,000	0,008
2980,000	0,005
2982,000	0,001
2984,000	0,003
2986,000	0,005
2988,000	0,005
2990,000	0,003
2992,000	0,003
2994,000	0,005
2996,000	0,005
2998,000	0,003
3000,000	0,005
3002,000	0,008
3004,000	0,007
3006,000	0,003
3008,000	0,002
3010,000	0,004
3012,000	0,005
3014,000	0,003
3016,000	0,001
3018,000	0,003
3020,000	0,005
3022,000	0,009
3024,000	0,008
3026,000	0,004
3028,000	0,005
3030,000	0,007
3032,000	0,004
3034,000	0,002
3036,000	0,001
3038,000	0,001
3040,000	0,003
3042,000	0,008
3044,000	0,007
3046,000	0,001
3048,000	0,001
3050,000	0,002
3052,000	0,004
3054,000	0,005
3056,000	0,004
3058,000	0,003
3060,000	0,008
3062,000	0,008
3064,000	0,008
3066,000	0,009
3068,000	0,006
3070,000	0,002
3072,000	0,002
3074,000	0,002
3076,000	0,006
3078,000	0,005
3080,000	0,003
3082,000	0,005
3084,000	0,008
3086,000	0,008
3088,000	0,003
3090,000	0,002
3092,000	0,002
3094,000	0,002
3096,000	0,005
3098,000	0,005
3100,000	0,002
3102,000	0,003
3104,000	0,002
3106,000	0,007
3108,000	0,008
3110,000	0,004
3112,000	0,001
3114,000	0,001
3116,000	0,002
3118,000	0,004
3120,000	0,003
3122,000	0,002
3124,000	0,001
3126,000	0,001
3128,000	0,003
3130,000	0,003
3132,000	0,001
3134,000	0,004
3136,000	0,003
3138,000	0,004
3140,000	0,004
3142,000	0,002
3144,000	0,003
3146,000	0,008
3148,000	0,008
3150,000	0,001
3152,000	0,004
3154,000	0,003
3156,000	0,003
3158,000	0,001
3160,000	0,005
3162,000	0,003
3164,000	0,004
3166,000	0,003
3168,000	0,007
3170,000	0,008
3172,000	0,003
3174,000	0,001
3176,000	0,002
3178,000	0,003
3180,000	0,004
3182,000	0,004
3184,000	0,001
3186,000	0,004
3188,000	0,002
3190,000	0,002
3192,000	0,003
3194,000	0,005
3196,000	0,003
3198,000	0,004
3200,000	0,008
3202,000	0,009
3204,000	0,006
3206,000	0,003
3208,000	0,002
3210,000	0,002
3212,000	0,003
3214,000	0,005
3216,000	0,004
3218,000	0,003
3220,000	0,003
3222,000	0,003
3224,000	0,004
3226,000	0,004
3228,000	0,001
3230,000	0,004
3232,000	0,004
3234,000	0,002
3236,000	0,001
3238,000	0,001
3240,000	0,002
3242,000	0,001
3244,000	0,003
3246,000	0,003
3248,000	0,002
3250,000	0,005
3252,000	0,004
3254,000	0,003
3256,000	0,001
3258,000	0,003
3260,000	0,002
3262,000	0,003
3264,000	0,003
3266,000	0,003
3268,000	0,005
3270,000	0,004
3272,000	0,002
3274,000	0,004
3276,000	0,002
3278,000	0,003
3280,000	0,003
3282,000	0,003
3284,000	0,003
3286,000	0,002
3288,000	0,004
3290,000	0,002
3292,000	0,004
3294,000	0,004
3296,000	0,004
3298,000	0,002
3300,000	0,006
3302,000	0,007
3304,000	0,007
3306,000	0,007
3308,000	0,004
3310,000	0,002
3312,000	0,005
3314,000	0,004
3316,000	0,003
3318,000	0,005
3320,000	0,005
3322,000	0,001
3324,000	0,006
3326,000	0,007
3328,000	0,003
3330,000	0,002
3332,000	0,005
3334,000	0,003
3336,000	0,002
3338,000	0,003
3340,000	0,000
3342,000	0,005
3344,000	0,008
3346,000	0,006
3348,000	0,002
3350,000	0,004
3352,000	0,003
3354,000	0,005
3356,000	0,001
3358,000	0,004
3360,000	0,003
3362,000	0,004
3364,000	0,002
3366,000	0,004
3368,000	0,004
3370,000	0,002
3372,000	0,001
3374,000	0,001
3376,000	0,001
3378,000	0,001
3380,000	0,003
3382,000	0,005
3384,000	0,004
3386,000	0,002
3388,000	0,001
3390,000	0,004
3392,000	0,004
3394,000	0,004
3396,000	0,004
3398,000	0,001
3400,000	0,003
3402,000	0,003
3404,000	0,002
3406,000	0,004
3408,000	0,001
3410,000	0,005
3412,000	0,004
3414,000	0,004
3416,000	0,006
3418,000	0,004
3420,000	0,005
3422,000	0,004
3424,000	0,001
3426,000	0,003
3428,000	0,002
3430,000	0,004
3432,000	0,002
3434,000	0,004
3436,000	0,001
3438,000	0,004
3440,000	0,004
3442,000	0,002
3444,000	0,003
3446,000	0,002
3448,000	0,006
3450,000	0,004
3452,000	0,001
3454,000	0,003
3456,000	0,002
3458,000	0,003
3460,000	0,005
3462,000	0,005
3464,000	0,005
3466,000	0,001
3468,000	0,004
3470,000	0,004
3472,000	0,004
3474,000	0,003
3476,000	0,003
3478,000	0,005
3480,000	0,006
3482,000	0,003
3484,000	0,003
3486,000	0,002
3488,000	0,005
3490,000	0,005
3492,000	0,001
3494,000	0,004
3496,000	0,002
3498,000	0,005
3500,000	0,006
3502,000	0,004
3504,000	0,005
3506,000	0,005
3508,000	0,006
3510,000	0,006
3512,000	0,006
3514,000	0,005
3516,000	0,003
3518,000	0,005
3520,000	0,007
3522,000	0,008
3524,000	0,006
3526,000	0,002
3528,000	0,006
3530,000	0,002
3532,000	0,004
3534,000	0,004
3536,000	0,002
3538,000	0,004
3540,000	0,003
3542,000	0,005
3544,000	0,004
3546,000	0,003
3548,000	0,004
3550,000	0,005
3552,000	0,005
3554,000	0,004
3556,000	0,002
3558,000	0,002
3560,000	0,002
3562,000	0,005
3564,000	0,004
3566,000	0,002
3568,000	0,006
3570,000	0,006
3572,000	0,003
3574,000	0,001
3576,000	0,002
3578,000	0,004
3580,000	0,003
3582,000	0,004
3584,000	0,001
3586,000	0,002
3588,000	0,002
3590,000	0,001
3592,000	0,003
3594,000	0,004
3596,000	0,003
3598,000	0,005
3600,000	0,003
3602,000	0,003
3604,000	0,003
3606,000	0,002
3608,000	0,002
3610,000	0,003
3612,000	0,002
3614,000	0,003
3616,000	0,001
3618,000	0,004
3620,000	0,008
3622,000	0,005
3624,000	0,002
3626,000	0,006
3628,000	0,003
3630,000	0,001
3632,000	0,004
3634,000	0,007
3636,000	0,005
3638,000	0,000
3640,000	0,004
3642,000	0,006
3644,000	0,008
3646,000	0,008
3648,000	0,003
3650,000	0,001
3652,000	0,001
3654,000	0,004
3656,000	0,003
3658,000	0,004
3660,000	0,005
3662,000	0,006
3664,000	0,005
3666,000	0,004
3668,000	0,003
3670,000	0,001
3672,000	0,002
3674,000	0,003
3676,000	0,001
3678,000	0,002
3680,000	0,003
3682,000	0,002
3684,000	0,006
3686,000	0,008
3688,000	0,007
3690,000	0,003
3692,000	0,003
3694,000	0,004
3696,000	0,004
3698,000	0,002
3700,000	0,000
3702,000	0,002
3704,000	0,005
3706,000	0,008
3708,000	0,008
3710,000	0,005
3712,000	0,004
3714,000	0,003
3716,000	0,001
3718,000	0,003
3720,000	0,002
3722,000	0,002
3724,000	0,003
3726,000	0,002
3728,000	0,001
3730,000	0,003
3732,000	0,002
3734,000	0,001
3736,000	0,002
3738,000	0,004
3740,000	0,002
3742,000	0,003
3744,000	0,005
3746,000	0,004
3748,000	0,002
3750,000	0,002
3752,000	0,003
3754,000	0,005
3756,000	0,004
3758,000	0,001
3760,000	0,002
3762,000	0,003
3764,000	0,001
3766,000	0,001
3768,000	0,001
3770,000	0,002
3772,000	0,002
3774,000	0,002
3776,000	0,002
3778,000	0,002
3780,000	0,003
3782,000	0,003
3784,000	0,003
3786,000	0,003
3788,000	0,001
3790,000	0,002
3792,000	0,003
3794,000	0,003
3796,000	0,003
3798,000	0,002
3800,000	0,003
3802,000	0,004
3804,000	0,001
3806,000	0,004
3808,000	0,003
3810,000	0,002
3812,000	0,002
3814,000	0,001
3816,000	0,001
3818,000	0,004
3820,000	0,005
3822,000	0,001
3824,000	0,001
3826,000	0,001
3828,000	0,002
3830,000	0,002
3832,000	0,004
3834,000	0,001
3836,000	0,003
3838,000	0,002
3840,000	0,003
3842,000	0,005
3844,000	0,002
3846,000	0,001
3848,000	0,003
3850,000	0,003
3852,000	0,003
3854,000	0,003
3856,000	0,002
3858,000	0,003
3860,000	0,003
3862,000	0,002
3864,000	0,003
3866,000	0,002
3868,000	0,002
3870,000	0,005
3872,000	0,003
3874,000	0,005
3876,000	0,004
3878,000	0,001
3880,000	0,003
3882,000	0,002
3884,000	0,005
3886,000	0,004
3888,000	0,002
3890,000	0,003
3892,000	0,003
3894,000	0,000
3896,000	0,005
3898,000	0,006
3900,000	0,004
3902,000	0,002
3904,000	0,005
3906,000	0,007
3908,000	0,005
3910,000	0,003
3912,000	0,002
3914,000	0,003
3916,000	0,003
3918,000	0,003
3920,000	0,003
3922,000	0,001
3924,000	0,002
3926,000	0,003
3928,000	0,005
3930,000	0,003
3932,000	0,007
3934,000	0,005
3936,000	0,005
3938,000	0,008
3940,000	0,003
3942,000	0,007
3944,000	0,006
3946,000	0,000
3948,000	0,003
3950,000	0,003
3952,000	0,002
3954,000	0,002
3956,000	0,003
3958,000	0,003
3960,000	0,003
3962,000	0,004
3964,000	0,005
3966,000	0,006
3968,000	0,003
3970,000	0,004
3972,000	0,006
3974,000	0,003
3976,000	0,005
3978,000	0,008
3980,000	0,003
3982,000	0,005
3984,000	0,003
3986,000	0,002
3988,000	0,002
3990,000	0,004
3992,000	0,004
3994,000	0,003
3996,000	0,004
3998,000	0,000
4000,000	0,002
4002,000	0,002
4004,000	0,006
4006,000	0,003
4008,000	0,001
4010,000	0,001
4012,000	0,004
4014,000	0,003
4016,000	0,001
4018,000	0,001
4020,000	0,003
4022,000	0,004
4024,000	0,003
4026,000	0,006
4028,000	0,004
4030,000	0,003
4032,000	0,004
4034,000	0,002
4036,000	0,001
4038,000	0,002
4040,000	0,001
4042,000	0,004
4044,000	0,005
4046,000	0,002
4048,000	0,003
4050,000	0,004
4052,000	0,003
4054,000	0,003
4056,000	0,001
4058,000	0,004
4060,000	0,005
4062,000	0,001
4064,000	0,001
4066,000	0,002
4068,000	0,004
4070,000	0,003
4072,000	0,003
4074,000	0,003
4076,000	0,000
4078,000	0,001
4080,000	0,002
4082,000	0,004
4084,000	0,003
4086,000	0,002
4088,000	0,005
4090,000	0,006
4092,000	0,006
4094,000	0,002
4096,000	0,003
4098,000	0,003
4100,000	0,002
4102,000	0,002
4104,000	0,002
4106,000	0,001
4108,000	0,004
4110,000	0,001
4112,000	0,004
4114,000	0,004
4116,000	0,000
4118,000	0,002
4120,000	0,001
4122,000	0,002
4124,000	0,005
4126,000	0,004
4128,000	0,003
4130,000	0,007
4132,000	0,004
4134,000	0,002
4136,000	0,002
4138,000	0,002
4140,000	0,005
4142,000	0,006
4144,000	0,003
4146,000	0,002
4148,000	0,002
4150,000	0,005
4152,000	0,006
4154,000	0,002
4156,000	0,001
4158,000	0,000
4160,000	0,003
4162,000	0,003
4164,000	0,004
4166,000	0,007
4168,000	0,005
4170,000	0,001
4172,000	0,004
4174,000	0,003
4176,000	0,002
4178,000	0,002
4180,000	0,004
4182,000	0,004
4184,000	0,003
4186,000	0,005
4188,000	0,005
4190,000	0,003
4192,000	0,001
4194,000	0,002
4196,000	0,003
4198,000	0,003
4200,000	0,004
4202,000	0,001
4204,000	0,003
4206,000	0,003
4208,000	0,002
4210,000	0,002
4212,000	0,004
4214,000	0,005
4216,000	0,002
4218,000	0,004
4220,000	0,006
4222,000	0,003
4224,000	0,001
4226,000	0,003
4228,000	0,005
4230,000	0,004
4232,000	0,001
4234,000	0,002
4236,000	0,004
4238,000	0,004
4240,000	0,003
4242,000	0,002
4244,000	0,002
4246,000	0,001
4248,000	0,003
4250,000	0,004
4252,000	0,004
4254,000	0,004
4256,000	0,003
4258,000	0,001
4260,000	0,000
4262,000	0,001
4264,000	0,003
4266,000	0,003
4268,000	0,001
4270,000	0,004
4272,000	0,002
4274,000	0,002
4276,000	0,004
4278,000	0,003
4280,000	0,001
4282,000	0,003
4284,000	0,003
4286,000	0,003
4288,000	0,004
4290,000	0,002
4292,000	0,001
4294,000	0,004
4296,000	0,006
4298,000	0,003
4300,000	0,001
4302,000	0,003
4304,000	0,004
4306,000	0,002
4308,000	0,003
4310,000	0,004
4312,000	0,003
4314,000	0,000
4316,000	0,004
4318,000	0,006
4320,000	0,004
4322,000	0,003
4324,000	0,004
4326,000	0,002
4328,000	0,003
4330,000	0,006
4332,000	0,004
4334,000	0,004
4336,000	0,005
4338,000	0,006
4340,000	0,001
4342,000	0,005
4344,000	0,004
4346,000	0,000
4348,000	0,002
4350,000	0,003
4352,000	0,005
4354,000	0,005
4356,000	0,002
4358,000	0,001
4360,000	0,002
4362,000	0,000
4364,000	0,003
4366,000	0,005
4368,000	0,005
4370,000	0,002
4372,000	0,001
4374,000	0,004
4376,000	0,004
4378,000	0,002
4380,000	0,004
4382,000	0,003
4384,000	0,003
4386,000	0,006
4388,000	0,003
4390,000	0,001
4392,000	0,003
4394,000	0,004
4396,000	0,005
4398,000	0,003
4400,000	0,002
4402,000	0,002
4404,000	0,006
4406,000	0,006
4408,000	0,005
4410,000	0,005
4412,000	0,003
4414,000	0,005
4416,000	0,004
4418,000	0,004
4420,000	0,001
4422,000	0,006
4424,000	0,005
4426,000	0,004
4428,000	0,006
4430,000	0,003
4432,000	0,002
4434,000	0,002
4436,000	0,001
4438,000	0,003
4440,000	0,003
4442,000	0,001
4444,000	0,002
4446,000	0,002
4448,000	0,001
4450,000	0,004
4452,000	0,006
4454,000	0,006
4456,000	0,005
4458,000	0,004
4460,000	0,003
4462,000	0,003
4464,000	0,002
4466,000	0,003
4468,000	0,005
4470,000	0,003
4472,000	0,002
4474,000	0,003
4476,000	0,004
4478,000	0,003
4480,000	0,004
4482,000	0,004
4484,000	0,003
4486,000	0,002
4488,000	0,002
4490,000	0,002
4492,000	0,003
4494,000	0,006
4496,000	0,005
4498,000	0,001
4500,000	0,005
4502,000	0,004
4504,000	0,004
4506,000	0,004
4508,000	0,001
4510,000	0,002
4512,000	0,001
4514,000	0,002
4516,000	0,002
4518,000	0,004
4520,000	0,002
4522,000	0,002
4524,000	0,002
4526,000	0,002
4528,000	0,004
4530,000	0,003
4532,000	0,001
4534,000	0,002
4536,000	0,004
4538,000	0,004
4540,000	0,003
4542,000	0,001
4544,000	0,002
4546,000	0,004
4548,000	0,002
4550,000	0,004
4552,000	0,004
4554,000	0,003
4556,000	0,001
4558,000	0,001
4560,000	0,002
4562,000	0,002
4564,000	0,001
4566,000	0,001
4568,000	0,002
4570,000	0,003
4572,000	0,002
4574,000	0,001
4576,000	0,002
4578,000	0,003
4580,000	0,002
4582,000	0,003
4584,000	0,001
4586,000	0,003
4588,000	0,001
4590,000	0,008
4592,000	0,008
4594,000	0,003
4596,000	0,007
4598,000	0,004
4600,000	0,004
4602,000	0,001
4604,000	0,005
4606,000	0,003
4608,000	0,002
4610,000	0,002
4612,000	0,002
4614,000	0,002
4616,000	0,002
4618,000	0,002
4620,000	0,001
4622,000	0,001
4624,000	0,003
4626,000	0,002
4628,000	0,004
4630,000	0,004
4632,000	0,005
4634,000	0,005
4636,000	0,002
4638,000	0,004
4640,000	0,004
4642,000	0,003
4644,000	0,004
4646,000	0,004
4648,000	0,008
4650,000	0,008
4652,000	0,002
4654,000	0,003
4656,000	0,002
4658,000	0,002
4660,000	0,002
4662,000	0,003
4664,000	0,003
4666,000	0,000
4668,000	0,002
4670,000	0,004
4672,000	0,004
4674,000	0,003
4676,000	0,002
4678,000	0,003
4680,000	0,004
4682,000	0,005
4684,000	0,003
4686,000	0,002
4688,000	0,004
4690,000	0,005
4692,000	0,008
4694,000	0,005
4696,000	0,002
4698,000	0,005
4700,000	0,003
4702,000	0,001
4704,000	0,002
4706,000	0,003
4708,000	0,003
4710,000	0,003
4712,000	0,001
4714,000	0,003
4716,000	0,004
4718,000	0,003
4720,000	0,002
4722,000	0,002
4724,000	0,001
4726,000	0,001
4728,000	0,002
4730,000	0,002
4732,000	0,002
4734,000	0,004
4736,000	0,005
4738,000	0,003
4740,000	0,002
4742,000	0,003
4744,000	0,003
4746,000	0,002
4748,000	0,002
4750,000	0,003
4752,000	0,002
4754,000	0,002
4756,000	0,001
4758,000	0,002
4760,000	0,001
4762,000	0,003
4764,000	0,001
4766,000	0,005
4768,000	0,005
4770,000	0,003
4772,000	0,003
4774,000	0,002
4776,000	0,002
4778,000	0,001
4780,000	0,004
4782,000	0,004
4784,000	0,005
4786,000	0,002
4788,000	0,004
4790,000	0,004
4792,000	0,002
4794,000	0,004
4796,000	0,005
4798,000	0,004
4800,000	0,002
4802,000	0,003
4804,000	0,004
4806,000	0,004
4808,000	0,002
4810,000	0,002
4812,000	0,002
4814,000	0,003
4816,000	0,003
4818,000	0,001
4820,000	0,004
4822,000	0,003
4824,000	0,002
4826,000	0,001
4828,000	0,003
4830,000	0,003
4832,000	0,002
4834,000	0,003
4836,000	0,002
4838,000	0,002
4840,000	0,000
4842,000	0,002
4844,000	0,002
4846,000	0,001
4848,000	0,001
4850,000	0,001
4852,000	0,002
4854,000	0,002
4856,000	0,003
4858,000	0,003
4860,000	0,001
4862,000	0,004
4864,000	0,003
4866,000	0,001
4868,000	0,001
4870,000	0,001
4872,000	0,005
4874,000	0,004
4876,000	0,004
4878,000	0,012
4880,000	0,012
4882,000	0,004
4884,000	0,005
4886,000	0,004
4888,000	0,003
4890,000	0,002
4892,000	0,002
4894,000	0,004
4896,000	0,006
4898,000	0,005
4900,000	0,002
4902,000	0,003
4904,000	0,002
4906,000	0,001
4908,000	0,002
4910,000	0,003
4912,000	0,002
4914,000	0,003
4916,000	0,005
4918,000	0,002
4920,000	0,003
4922,000	0,005
4924,000	0,001
4926,000	0,003
4928,000	0,003
4930,000	0,002
4932,000	0,005
4934,000	0,005
4936,000	0,002
4938,000	0,001
4940,000	0,003
4942,000	0,002
4944,000	0,001
4946,000	0,001
4948,000	0,003
4950,000	0,003
4952,000	0,003
4954,000	0,003
4956,000	0,002
4958,000	0,002
4960,000	0,004
4962,000	0,004
4964,000	0,002
4966,000	0,007
4968,000	0,008
4970,000	0,005
4972,000	0,004
4974,000	0,002
4976,000	0,005
4978,000	0,005
4980,000	0,001
4982,000	0,003
4984,000	0,002
4986,000	0,002
4988,000	0,004
4990,000	0,005
4992,000	0,002
4994,000	0,003
4996,000	0,002
4998,000	0,006
5000,000	0,007
