2496
10,000	0,026
12,000	0,199
14,000	0,021
16,000	0,151
18,000	0,032
20,000	0,108
22,000	0,027
24,000	0,099
26,000	0,027
28,000	0,085
30,000	0,044
32,000	0,079
34,000	0,041
36,000	0,051
38,000	0,028
40,000	0,050
42,000	0,028
44,000	0,048
46,000	0,032
48,000	0,036
50,000	0,027
52,000	0,035
54,000	0,018
56,000	0,043
58,000	0,033
60,000	0,031
62,000	0,027
64,000	0,025
66,000	0,023
68,000	0,027
70,000	0,021
72,000	0,027
74,000	0,018
76,000	0,028
78,000	0,021
80,000	0,034
82,000	0,026
84,000	0,033
86,000	0,032
88,000	0,029
90,000	0,033
92,000	0,028
94,000	0,028
96,000	0,021
98,000	0,028
100,000	0,020
102,000	0,022
104,000	0,028
106,000	0,031
108,000	0,019
110,000	0,027
112,000	0,017
114,000	0,023
116,000	0,021
118,000	0,028
120,000	0,023
122,000	0,022
124,000	0,024
126,000	0,031
128,000	0,018
130,000	0,024
132,000	0,022
134,000	0,035
136,000	0,015
138,000	0,023
140,000	0,001
142,000	0,012
144,000	0,006
146,000	0,016
148,000	0,038
150,000	0,023
152,000	0,038
154,000	0,031
156,000	0,057
158,000	0,074
160,000	0,086
162,000	0,084
164,000	0,036
166,000	0,025
168,000	0,061
170,000	0,048
172,000	0,036
174,000	0,062
176,000	0,047
178,000	0,067
180,000	0,059
182,000	0,067
184,000	0,072
186,000	0,067
188,000	0,068
190,000	0,070
192,000	0,062
194,000	0,053
196,000	0,038
198,000	0,045
200,000	0,037
202,000	0,045
204,000	0,042
206,000	0,052
208,000	0,038
210,000	0,042
212,000	0,039
214,000	0,048
216,000	0,050
218,000	0,049
220,000	0,038
222,000	0,039
224,000	0,023
226,000	0,024
228,000	0,030
230,000	0,038
232,000	0,038
234,000	0,047
236,000	0,053
238,000	0,066
240,000	0,074
242,000	0,084
244,000	0,075
246,000	0,080
248,000	0,079
250,000	0,088
252,000	0,074
254,000	0,078
256,000	0,082
258,000	0,087
260,000	0,099
262,000	0,122
264,000	0,129
266,000	0,148
268,000	0,157
270,000	0,184
272,000	0,193
274,000	0,208
276,000	0,211
278,000	0,226
280,000	0,235
282,000	0,252
284,000	0,249
286,000	0,266
288,000	0,260
290,000	0,285
292,000	0,304
294,000	0,344
296,000	0,408
298,000	0,543
300,000	0,676
302,000	0,994
304,000	1,210
306,000	1,182
308,000	1,100
310,000	1,023
312,000	0,917
314,000	0,799
316,000	0,708
318,000	0,658
320,000	0,606
322,000	0,535
324,000	0,477
326,000	0,420
328,000	0,372
330,000	0,328
332,000	0,291
334,000	0,254
336,000	0,230
338,000	0,198
340,000	0,181
342,000	0,178
344,000	0,176
346,000	0,165
348,000	0,162
350,000	0,159
352,000	0,161
354,000	0,156
356,000	0,155
358,000	0,142
360,000	0,133
362,000	0,126
364,000	0,126
366,000	0,111
368,000	0,102
370,000	0,085
372,000	0,087
374,000	0,081
376,000	0,089
378,000	0,082
380,000	0,088
382,000	0,081
384,000	0,100
386,000	0,091
388,000	0,094
390,000	0,100
392,000	0,100
394,000	0,094
396,000	0,081
398,000	0,082
400,000	0,076
402,000	0,074
404,000	0,076
406,000	0,068
408,000	0,072
410,000	0,056
412,000	0,063
414,000	0,068
416,000	0,068
418,000	0,068
420,000	0,071
422,000	0,063
424,000	0,058
426,000	0,049
428,000	0,050
430,000	0,041
432,000	0,039
434,000	0,028
436,000	0,029
438,000	0,012
440,000	0,029
442,000	0,030
444,000	0,033
446,000	0,030
448,000	0,028
450,000	0,026
452,000	0,033
454,000	0,025
456,000	0,037
458,000	0,034
460,000	0,031
462,000	0,023
464,000	0,026
466,000	0,025
468,000	0,020
470,000	0,032
472,000	0,033
474,000	0,043
476,000	0,031
478,000	0,033
480,000	0,038
482,000	0,052
484,000	0,066
486,000	0,100
488,000	0,129
490,000	0,201
492,000	0,287
494,000	0,314
496,000	0,293
498,000	0,287
500,000	0,273
502,000	0,246
504,000	0,218
506,000	0,204
508,000	0,190
510,000	0,180
512,000	0,167
514,000	0,153
516,000	0,147
518,000	0,128
520,000	0,113
522,000	0,103
524,000	0,094
526,000	0,079
528,000	0,083
530,000	0,076
532,000	0,079
534,000	0,063
536,000	0,073
538,000	0,071
540,000	0,080
542,000	0,067
544,000	0,074
546,000	0,074
548,000	0,072
550,000	0,063
552,000	0,076
554,000	0,059
556,000	0,058
558,000	0,050
560,000	0,054
562,000	0,051
564,000	0,053
566,000	0,050
568,000	0,048
570,000	0,043
572,000	0,048
574,000	0,044
576,000	0,052
578,000	0,050
580,000	0,053
582,000	0,045
584,000	0,047
586,000	0,047
588,000	0,048
590,000	0,051
592,000	0,050
594,000	0,042
596,000	0,046
598,000	0,047
600,000	0,040
602,000	0,042
604,000	0,046
606,000	0,035
608,000	0,046
610,000	0,038
612,000	0,041
614,000	0,037
616,000	0,042
618,000	0,038
620,000	0,033
622,000	0,028
624,000	0,031
626,000	0,033
628,000	0,033
630,000	0,028
632,000	0,030
634,000	0,030
636,000	0,026
638,000	0,026
640,000	0,034
642,000	0,032
644,000	0,033
646,000	0,022
648,000	0,033
650,000	0,029
652,000	0,030
654,000	0,026
656,000	0,028
658,000	0,029
660,000	0,035
662,000	0,025
664,000	0,029
666,000	0,032
668,000	0,025
670,000	0,029
672,000	0,037
674,000	0,032
676,000	0,033
678,000	0,027
680,000	0,027
682,000	0,027
684,000	0,028
686,000	0,025
688,000	0,028
690,000	0,025
692,000	0,026
694,000	0,029
696,000	0,026
698,000	0,019
700,000	0,024
702,000	0,019
704,000	0,021
706,000	0,024
708,000	0,034
710,000	0,015
712,000	0,032
714,000	0,020
716,000	0,028
718,000	0,025
720,000	0,024
722,000	0,021
724,000	0,030
726,000	0,024
728,000	0,024
730,000	0,013
732,000	0,018
734,000	0,020
736,000	0,023
738,000	0,015
740,000	0,022
742,000	0,021
744,000	0,023
746,000	0,020
748,000	0,021
750,000	0,017
752,000	0,012
754,000	0,004
756,000	0,015
758,000	0,012
760,000	0,005
762,000	0,013
764,000	0,023
766,000	0,031
768,000	0,041
770,000	0,034
772,000	0,004
774,000	0,040
776,000	0,057
778,000	0,025
780,000	0,026
782,000	0,036
784,000	0,027
786,000	0,024
788,000	0,020
790,000	0,022
792,000	0,019
794,000	0,022
796,000	0,028
798,000	0,018
800,000	0,025
802,000	0,014
804,000	0,018
806,000	0,018
808,000	0,020
810,000	0,023
812,000	0,023
814,000	0,020
816,000	0,018
818,000	0,021
820,000	0,025
822,000	0,024
824,000	0,022
826,000	0,019
828,000	0,016
830,000	0,015
832,000	0,021
834,000	0,020
836,000	0,021
838,000	0,024
840,000	0,025
842,000	0,017
844,000	0,021
846,000	0,026
848,000	0,019
850,000	0,022
852,000	0,018
854,000	0,016
856,000	0,018
858,000	0,020
860,000	0,022
862,000	0,019
864,000	0,017
866,000	0,022
868,000	0,017
870,000	0,020
872,000	0,019
874,000	0,014
876,000	0,018
878,000	0,015
880,000	0,022
882,000	0,022
884,000	0,023
886,000	0,020
888,000	0,015
890,000	0,024
892,000	0,017
894,000	0,023
896,000	0,021
898,000	0,019
900,000	0,019
902,000	0,014
904,000	0,021
906,000	0,014
908,000	0,019
910,000	0,018
912,000	0,019
914,000	0,012
916,000	0,018
918,000	0,012
920,000	0,014
922,000	0,010
924,000	0,019
926,000	0,017
928,000	0,014
930,000	0,016
932,000	0,016
934,000	0,012
936,000	0,014
938,000	0,009
940,000	0,015
942,000	0,014
944,000	0,017
946,000	0,011
948,000	0,015
950,000	0,002
952,000	0,013
954,000	0,020
956,000	0,024
958,000	0,020
960,000	0,015
962,000	0,007
964,000	0,019
966,000	0,016
968,000	0,020
970,000	0,015
972,000	0,019
974,000	0,013
976,000	0,019
978,000	0,017
980,000	0,019
982,000	0,013
984,000	0,015
986,000	0,006
988,000	0,015
990,000	0,007
992,000	0,017
994,000	0,014
996,000	0,016
998,000	0,015
1000,000	0,009
1002,000	0,013
1004,000	0,017
1006,000	0,014
1008,000	0,016
1010,000	0,013
1012,000	0,011
1014,000	0,012
1016,000	0,012
1018,000	0,012
1020,000	0,011
1022,000	0,009
1024,000	0,020
1026,000	0,014
1028,000	0,014
1030,000	0,016
1032,000	0,015
1034,000	0,007
1036,000	0,016
1038,000	0,012
1040,000	0,012
1042,000	0,013
1044,000	0,016
1046,000	0,015
1048,000	0,013
1050,000	0,010
1052,000	0,015
1054,000	0,016
1056,000	0,010
1058,000	0,017
1060,000	0,014
1062,000	0,011
1064,000	0,012
1066,000	0,011
1068,000	0,010
1070,000	0,013
1072,000	0,015
1074,000	0,014
1076,000	0,014
1078,000	0,016
1080,000	0,018
1082,000	0,009
1084,000	0,016
1086,000	0,007
1088,000	0,014
1090,000	0,010
1092,000	0,016
1094,000	0,007
1096,000	0,021
1098,000	0,010
1100,000	0,019
1102,000	0,013
1104,000	0,015
1106,000	0,011
1108,000	0,016
1110,000	0,012
1112,000	0,010
1114,000	0,006
1116,000	0,010
1118,000	0,011
1120,000	0,011
1122,000	0,008
1124,000	0,019
1126,000	0,011
1128,000	0,014
1130,000	0,012
1132,000	0,011
1134,000	0,010
1136,000	0,007
1138,000	0,009
1140,000	0,013
1142,000	0,013
1144,000	0,009
1146,000	0,014
1148,000	0,012
1150,000	0,011
1152,000	0,012
1154,000	0,012
1156,000	0,012
1158,000	0,004
1160,000	0,014
1162,000	0,015
1164,000	0,016
1166,000	0,011
1168,000	0,016
1170,000	0,011
1172,000	0,008
1174,000	0,007
1176,000	0,015
1178,000	0,009
1180,000	0,012
1182,000	0,006
1184,000	0,008
1186,000	0,011
1188,000	0,013
1190,000	0,008
1192,000	0,014
1194,000	0,008
1196,000	0,011
1198,000	0,012
1200,000	0,017
1202,000	0,007
1204,000	0,014
1206,000	0,010
1208,000	0,012
1210,000	0,013
1212,000	0,014
1214,000	0,015
1216,000	0,011
1218,000	0,008
1220,000	0,008
1222,000	0,010
1224,000	0,008
1226,000	0,009
1228,000	0,013
1230,000	0,006
1232,000	0,008
1234,000	0,010
1236,000	0,014
1238,000	0,009
1240,000	0,015
1242,000	0,011
1244,000	0,007
1246,000	0,007
1248,000	0,009
1250,000	0,012
1252,000	0,015
1254,000	0,005
1256,000	0,015
1258,000	0,012
1260,000	0,007
1262,000	0,015
1264,000	0,011
1266,000	0,006
1268,000	0,006
1270,000	0,008
1272,000	0,014
1274,000	0,012
1276,000	0,013
1278,000	0,012
1280,000	0,004
1282,000	0,012
1284,000	0,012
1286,000	0,004
1288,000	0,012
1290,000	0,007
1292,000	0,015
1294,000	0,009
1296,000	0,014
1298,000	0,009
1300,000	0,010
1302,000	0,012
1304,000	0,006
1306,000	0,009
1308,000	0,009
1310,000	0,017
1312,000	0,016
1314,000	0,008
1316,000	0,014
1318,000	0,010
1320,000	0,009
1322,000	0,005
1324,000	0,012
1326,000	0,012
1328,000	0,006
1330,000	0,010
1332,000	0,006
1334,000	0,008
1336,000	0,006
1338,000	0,010
1340,000	0,013
1342,000	0,016
1344,000	0,011
1346,000	0,012
1348,000	0,010
1350,000	0,011
1352,000	0,010
1354,000	0,012
1356,000	0,010
1358,000	0,008
1360,000	0,013
1362,000	0,012
1364,000	0,011
1366,000	0,006
1368,000	0,016
1370,000	0,009
1372,000	0,009
1374,000	0,013
1376,000	0,005
1378,000	0,007
1380,000	0,009
1382,000	0,008
1384,000	0,007
1386,000	0,009
1388,000	0,010
1390,000	0,002
1392,000	0,006
1394,000	0,005
1396,000	0,011
1398,000	0,009
1400,000	0,006
1402,000	0,011
1404,000	0,009
1406,000	0,008
1408,000	0,008
1410,000	0,008
1412,000	0,015
1414,000	0,009
1416,000	0,003
1418,000	0,009
1420,000	0,014
1422,000	0,011
1424,000	0,010
1426,000	0,006
1428,000	0,013
1430,000	0,006
1432,000	0,011
1434,000	0,013
1436,000	0,008
1438,000	0,005
1440,000	0,009
1442,000	0,008
1444,000	0,014
1446,000	0,011
1448,000	0,002
1450,000	0,008
1452,000	0,006
1454,000	0,007
1456,000	0,016
1458,000	0,014
1460,000	0,009
1462,000	0,007
1464,000	0,005
1466,000	0,007
1468,000	0,009
1470,000	0,010
1472,000	0,007
1474,000	0,007
1476,000	0,010
1478,000	0,010
1480,000	0,014
1482,000	0,010
1484,000	0,009
1486,000	0,011
1488,000	0,009
1490,000	0,007
1492,000	0,006
1494,000	0,010
1496,000	0,012
1498,000	0,005
1500,000	0,009
1502,000	0,006
1504,000	0,010
1506,000	0,008
1508,000	0,009
1510,000	0,007
1512,000	0,005
1514,000	0,008
1516,000	0,011
1518,000	0,009
1520,000	0,004
1522,000	0,003
1524,000	0,009
1526,000	0,005
1528,000	0,008
1530,000	0,010
1532,000	0,011
1534,000	0,006
1536,000	0,008
1538,000	0,008
1540,000	0,006
1542,000	0,006
1544,000	0,008
1546,000	0,002
1548,000	0,008
1550,000	0,006
1552,000	0,011
1554,000	0,008
1556,000	0,011
1558,000	0,007
1560,000	0,006
1562,000	0,004
1564,000	0,009
1566,000	0,012
1568,000	0,006
1570,000	0,009
1572,000	0,008
1574,000	0,007
1576,000	0,007
1578,000	0,003
1580,000	0,009
1582,000	0,004
1584,000	0,006
1586,000	0,004
1588,000	0,007
1590,000	0,002
1592,000	0,012
1594,000	0,010
1596,000	0,005
1598,000	0,010
1600,000	0,009
1602,000	0,010
1604,000	0,014
1606,000	0,009
1608,000	0,010
1610,000	0,007
1612,000	0,005
1614,000	0,006
1616,000	0,007
1618,000	0,003
1620,000	0,011
1622,000	0,005
1624,000	0,008
1626,000	0,011
1628,000	0,007
1630,000	0,008
1632,000	0,009
1634,000	0,004
1636,000	0,013
1638,000	0,005
1640,000	0,011
1642,000	0,009
1644,000	0,008
1646,000	0,013
1648,000	0,009
1650,000	0,007
1652,000	0,009
1654,000	0,013
1656,000	0,010
1658,000	0,003
1660,000	0,006
1662,000	0,006
1664,000	0,009
1666,000	0,007
1668,000	0,007
1670,000	0,007
1672,000	0,005
1674,000	0,006
1676,000	0,011
1678,000	0,011
1680,000	0,006
1682,000	0,009
1684,000	0,003
1686,000	0,007
1688,000	0,006
1690,000	0,009
1692,000	0,006
1694,000	0,007
1696,000	0,003
1698,000	0,009
1700,000	0,004
1702,000	0,012
1704,000	0,013
1706,000	0,003
1708,000	0,004
1710,000	0,002
1712,000	0,008
1714,000	0,002
1716,000	0,012
1718,000	0,008
1720,000	0,008
1722,000	0,006
1724,000	0,008
1726,000	0,008
1728,000	0,005
1730,000	0,010
1732,000	0,006
1734,000	0,007
1736,000	0,007
1738,000	0,011
1740,000	0,001
1742,000	0,007
1744,000	0,003
1746,000	0,010
1748,000	0,006
1750,000	0,009
1752,000	0,006
1754,000	0,006
1756,000	0,009
1758,000	0,003
1760,000	0,006
1762,000	0,010
1764,000	0,006
1766,000	0,009
1768,000	0,010
1770,000	0,006
1772,000	0,003
1774,000	0,004
1776,000	0,005
1778,000	0,005
1780,000	0,009
1782,000	0,002
1784,000	0,008
1786,000	0,012
1788,000	0,010
1790,000	0,006
1792,000	0,007
1794,000	0,001
1796,000	0,007
1798,000	0,002
1800,000	0,009
1802,000	0,006
1804,000	0,006
1806,000	0,006
1808,000	0,009
1810,000	0,012
1812,000	0,006
1814,000	0,006
1816,000	0,001
1818,000	0,005
1820,000	0,008
1822,000	0,008
1824,000	0,005
1826,000	0,011
1828,000	0,010
1830,000	0,003
1832,000	0,008
1834,000	0,007
1836,000	0,011
1838,000	0,010
1840,000	0,003
1842,000	0,003
1844,000	0,007
1846,000	0,004
1848,000	0,006
1850,000	0,008
1852,000	0,005
1854,000	0,005
1856,000	0,007
1858,000	0,004
1860,000	0,009
1862,000	0,006
1864,000	0,005
1866,000	0,009
1868,000	0,010
1870,000	0,001
1872,000	0,012
1874,000	0,010
1876,000	0,003
1878,000	0,007
1880,000	0,004
1882,000	0,009
1884,000	0,012
1886,000	0,010
1888,000	0,008
1890,000	0,003
1892,000	0,006
1894,000	0,005
1896,000	0,010
1898,000	0,010
1900,000	0,001
1902,000	0,005
1904,000	0,002
1906,000	0,005
1908,000	0,006
1910,000	0,006
1912,000	0,005
1914,000	0,006
1916,000	0,002
1918,000	0,006
1920,000	0,003
1922,000	0,007
1924,000	0,008
1926,000	0,007
1928,000	0,004
1930,000	0,003
1932,000	0,008
1934,000	0,010
1936,000	0,008
1938,000	0,006
1940,000	0,002
1942,000	0,005
1944,000	0,002
1946,000	0,009
1948,000	0,006
1950,000	0,004
1952,000	0,007
1954,000	0,006
1956,000	0,006
1958,000	0,002
1960,000	0,007
1962,000	0,004
1964,000	0,005
1966,000	0,003
1968,000	0,007
1970,000	0,005
1972,000	0,004
1974,000	0,003
1976,000	0,003
1978,000	0,004
1980,000	0,008
1982,000	0,004
1984,000	0,007
1986,000	0,011
1988,000	0,009
1990,000	0,006
1992,000	0,002
1994,000	0,007
1996,000	0,004
1998,000	0,011
2000,000	0,011
2002,000	0,002
2004,000	0,005
2006,000	0,003
2008,000	0,003
2010,000	0,001
2012,000	0,004
2014,000	0,004
2016,000	0,007
2018,000	0,003
2020,000	0,009
2022,000	0,005
2024,000	0,006
2026,000	0,008
2028,000	0,002
2030,000	0,004
2032,000	0,002
2034,000	0,005
2036,000	0,003
2038,000	0,004
2040,000	0,009
2042,000	0,010
2044,000	0,009
2046,000	0,008
2048,000	0,009
2050,000	0,005
2052,000	0,004
2054,000	0,002
2056,000	0,008
2058,000	0,006
2060,000	0,003
2062,000	0,004
2064,000	0,003
2066,000	0,005
2068,000	0,001
2070,000	0,004
2072,000	0,001
2074,000	0,007
2076,000	0,008
2078,000	0,003
2080,000	0,003
2082,000	0,002
2084,000	0,008
2086,000	0,006
2088,000	0,006
2090,000	0,008
2092,000	0,005
2094,000	0,002
2096,000	0,004
2098,000	0,006
2100,000	0,003
2102,000	0,004
2104,000	0,005
2106,000	0,004
2108,000	0,006
2110,000	0,002
2112,000	0,006
2114,000	0,008
2116,000	0,007
2118,000	0,006
2120,000	0,002
2122,000	0,005
2124,000	0,004
2126,000	0,005
2128,000	0,002
2130,000	0,004
2132,000	0,004
2134,000	0,005
2136,000	0,003
2138,000	0,008
2140,000	0,008
2142,000	0,006
2144,000	0,004
2146,000	0,006
2148,000	0,002
2150,000	0,005
2152,000	0,004
2154,000	0,005
2156,000	0,007
2158,000	0,004
2160,000	0,007
2162,000	0,002
2164,000	0,007
2166,000	0,003
2168,000	0,006
2170,000	0,005
2172,000	0,006
2174,000	0,006
2176,000	0,008
2178,000	0,009
2180,000	0,005
2182,000	0,003
2184,000	0,007
2186,000	0,006
2188,000	0,001
2190,000	0,005
2192,000	0,008
2194,000	0,005
2196,000	0,001
2198,000	0,004
2200,000	0,004
2202,000	0,005
2204,000	0,007
2206,000	0,003
2208,000	0,003
2210,000	0,003
2212,000	0,006
2214,000	0,005
2216,000	0,006
2218,000	0,006
2220,000	0,006
2222,000	0,005
2224,000	0,004
2226,000	0,005
2228,000	0,009
2230,000	0,005
2232,000	0,001
2234,000	0,001
2236,000	0,006
2238,000	0,008
2240,000	0,008
2242,000	0,006
2244,000	0,004
2246,000	0,001
2248,000	0,007
2250,000	0,008
2252,000	0,005
2254,000	0,003
2256,000	0,002
2258,000	0,002
2260,000	0,004
2262,000	0,002
2264,000	0,006
2266,000	0,001
2268,000	0,003
2270,000	0,004
2272,000	0,010
2274,000	0,007
2276,000	0,009
2278,000	0,006
2280,000	0,009
2282,000	0,008
2284,000	0,003
2286,000	0,004
2288,000	0,006
2290,000	0,006
2292,000	0,003
2294,000	0,005
2296,000	0,001
2298,000	0,004
2300,000	0,010
2302,000	0,005
2304,000	0,006
2306,000	0,005
2308,000	0,004
2310,000	0,006
2312,000	0,003
2314,000	0,006
2316,000	0,001
2318,000	0,003
2320,000	0,002
2322,000	0,005
2324,000	0,005
2326,000	0,003
2328,000	0,005
2330,000	0,007
2332,000	0,002
2334,000	0,009
2336,000	0,010
2338,000	0,004
2340,000	0,003
2342,000	0,003
2344,000	0,007
2346,000	0,007
2348,000	0,005
2350,000	0,003
2352,000	0,003
2354,000	0,005
2356,000	0,007
2358,000	0,003
2360,000	0,003
2362,000	0,002
2364,000	0,007
2366,000	0,004
2368,000	0,004
2370,000	0,009
2372,000	0,010
2374,000	0,006
2376,000	0,006
2378,000	0,004
2380,000	0,008
2382,000	0,006
2384,000	0,004
2386,000	0,007
2388,000	0,004
2390,000	0,005
2392,000	0,001
2394,000	0,002
2396,000	0,004
2398,000	0,007
2400,000	0,006
2402,000	0,005
2404,000	0,005
2406,000	0,007
2408,000	0,002
2410,000	0,003
2412,000	0,004
2414,000	0,007
2416,000	0,006
2418,000	0,004
2420,000	0,003
2422,000	0,004
2424,000	0,007
2426,000	0,006
2428,000	0,002
2430,000	0,000
2432,000	0,003
2434,000	0,002
2436,000	0,004
2438,000	0,008
2440,000	0,006
2442,000	0,000
2444,000	0,004
2446,000	0,002
2448,000	0,003
2450,000	0,004
2452,000	0,005
2454,000	0,003
2456,000	0,005
2458,000	0,003
2460,000	0,008
2462,000	0,006
2464,000	0,004
2466,000	0,005
2468,000	0,006
2470,000	0,004
2472,000	0,010
2474,000	0,008
2476,000	0,002
2478,000	0,004
2480,000	0,003
2482,000	0,004
2484,000	0,003
2486,000	0,003
2488,000	0,005
2490,000	0,005
2492,000	0,001
2494,000	0,002
2496,000	0,003
2498,000	0,004
2500,000	0,008
2502,000	0,005
2504,000	0,007
2506,000	0,008
2508,000	0,003
2510,000	0,005
2512,000	0,005
2514,000	0,007
2516,000	0,002
2518,000	0,002
2520,000	0,007
2522,000	0,005
2524,000	0,003
2526,000	0,005
2528,000	0,003
2530,000	0,009
2532,000	0,005
2534,000	0,001
2536,000	0,002
2538,000	0,004
2540,000	0,005
2542,000	0,007
2544,000	0,006
2546,000	0,003
2548,000	0,005
2550,000	0,003
2552,000	0,003
2554,000	0,002
2556,000	0,004
2558,000	0,004
2560,000	0,003
2562,000	0,004
2564,000	0,004
2566,000	0,006
2568,000	0,004
2570,000	0,005
2572,000	0,003
2574,000	0,004
2576,000	0,005
2578,000	0,001
2580,000	0,005
2582,000	0,004
2584,000	0,006
2586,000	0,004
2588,000	0,006
2590,000	0,008
2592,000	0,003
2594,000	0,008
2596,000	0,006
2598,000	0,002
2600,000	0,007
2602,000	0,004
2604,000	0,009
2606,000	0,008
2608,000	0,002
2610,000	0,004
2612,000	0,002
2614,000	0,002
2616,000	0,005
2618,000	0,005
2620,000	0,002
2622,000	0,002
2624,000	0,008
2626,000	0,011
2628,000	0,005
2630,000	0,007
2632,000	0,002
2634,000	0,003
2636,000	0,002
2638,000	0,006
2640,000	0,006
2642,000	0,007
2644,000	0,004
2646,000	0,006
2648,000	0,003
2650,000	0,007
2652,000	0,005
2654,000	0,002
2656,000	0,004
2658,000	0,003
2660,000	0,004
2662,000	0,007
2664,000	0,005
2666,000	0,004
2668,000	0,002
2670,000	0,008
2672,000	0,007
2674,000	0,002
2676,000	0,002
2678,000	0,007
2680,000	0,006
2682,000	0,001
2684,000	0,001
2686,000	0,004
2688,000	0,008
2690,000	0,007
2692,000	0,005
2694,000	0,002
2696,000	0,004
2698,000	0,003
2700,000	0,005
2702,000	0,002
2704,000	0,010
2706,000	0,012
2708,000	0,005
2710,000	0,003
2712,000	0,003
2714,000	0,001
2716,000	0,002
2718,000	0,002
2720,000	0,003
2722,000	0,002
2724,000	0,006
2726,000	0,004
2728,000	0,005
2730,000	0,003
2732,000	0,007
2734,000	0,008
2736,000	0,002
2738,000	0,004
2740,000	0,002
2742,000	0,003
2744,000	0,002
2746,000	0,004
2748,000	0,007
2750,000	0,004
2752,000	0,007
2754,000	0,009
2756,000	0,003
2758,000	0,004
2760,000	0,002
2762,000	0,008
2764,000	0,008
2766,000	0,002
2768,000	0,004
2770,000	0,002
2772,000	0,003
2774,000	0,002
2776,000	0,006
2778,000	0,007
2780,000	0,002
2782,000	0,006
2784,000	0,005
2786,000	0,006
2788,000	0,006
2790,000	0,004
2792,000	0,001
2794,000	0,002
2796,000	0,002
2798,000	0,003
2800,000	0,003
2802,000	0,004
2804,000	0,002
2806,000	0,006
2808,000	0,006
2810,000	0,005
2812,000	0,003
2814,000	0,003
2816,000	0,002
2818,000	0,001
2820,000	0,001
2822,000	0,001
2824,000	0,004
2826,000	0,006
2828,000	0,002
2830,000	0,004
2832,000	0,003
2834,000	0,001
2836,000	0,004
2838,000	0,005
2840,000	0,002
2842,000	0,003
2844,000	0,005
2846,000	0,003
2848,000	0,004
2850,000	0,005
2852,000	0,002
2854,000	0,001
2856,000	0,003
2858,000	0,003
2860,000	0,001
2862,000	0,002
2864,000	0,005
2866,000	0,004
2868,000	0,007
2870,000	0,008
2872,000	0,005
2874,000	0,003
2876,000	0,007
2878,000	0,007
2880,000	0,001
2882,000	0,003
2884,000	0,005
2886,000	0,007
2888,000	0,003
2890,000	0,002
2892,000	0,004
2894,000	0,001
2896,000	0,007
2898,000	0,006
2900,000	0,006
2902,000	0,010
2904,000	0,004
2906,000	0,002
2908,000	0,002
2910,000	0,005
2912,000	0,005
2914,000	0,003
2916,000	0,002
2918,000	0,005
2920,000	0,005
2922,000	0,002
2924,000	0,003
2926,000	0,006
2928,000	0,005
2930,000	0,004
2932,000	0,003
2934,000	0,005
2936,000	0,000
2938,000	0,005
2940,000	0,007
2942,000	0,004
2944,000	0,006
2946,000	0,007
2948,000	0,004
2950,000	0,003
2952,000	0,004
2954,000	0,005
2956,000	0,006
2958,000	0,003
2960,000	0,004
2962,000	0,004
2964,000	0,003
2966,000	0,003
2968,000	0,004
2970,000	0,007
2972,000	0,003
2974,000	0,002
2976,000	0,005
2978,000	0,009
2980,000	0,002
2982,000	0,008
2984,000	0,007
2986,000	0,001
2988,000	0,003
2990,000	0,003
2992,000	0,002
2994,000	0,005
2996,000	0,005
2998,000	0,004
3000,000	0,003
3002,000	0,004
3004,000	0,007
3006,000	0,001
3008,000	0,005
3010,000	0,003
3012,000	0,003
3014,000	0,002
3016,000	0,003
3018,000	0,002
3020,000	0,003
3022,000	0,004
3024,000	0,007
3026,000	0,003
3028,000	0,006
3030,000	0,005
3032,000	0,004
3034,000	0,007
3036,000	0,002
3038,000	0,002
3040,000	0,005
3042,000	0,007
3044,000	0,001
3046,000	0,003
3048,000	0,003
3050,000	0,003
3052,000	0,005
3054,000	0,004
3056,000	0,005
3058,000	0,009
3060,000	0,002
3062,000	0,004
3064,000	0,004
3066,000	0,007
3068,000	0,005
3070,000	0,006
3072,000	0,003
3074,000	0,002
3076,000	0,001
3078,000	0,004
3080,000	0,002
3082,000	0,003
3084,000	0,004
3086,000	0,005
3088,000	0,003
3090,000	0,001
3092,000	0,002
3094,000	0,003
3096,000	0,002
3098,000	0,002
3100,000	0,004
3102,000	0,004
3104,000	0,007
3106,000	0,007
3108,000	0,002
3110,000	0,003
3112,000	0,002
3114,000	0,004
3116,000	0,006
3118,000	0,002
3120,000	0,004
3122,000	0,005
3124,000	0,002
3126,000	0,002
3128,000	0,001
3130,000	0,002
3132,000	0,005
3134,000	0,003
3136,000	0,001
3138,000	0,003
3140,000	0,004
3142,000	0,003
3144,000	0,002
3146,000	0,004
3148,000	0,002
3150,000	0,002
3152,000	0,004
3154,000	0,005
3156,000	0,004
3158,000	0,003
3160,000	0,002
3162,000	0,003
3164,000	0,004
3166,000	0,005
3168,000	0,002
3170,000	0,002
3172,000	0,003
3174,000	0,003
3176,000	0,006
3178,000	0,005
3180,000	0,002
3182,000	0,004
3184,000	0,003
3186,000	0,006
3188,000	0,004
3190,000	0,000
3192,000	0,005
3194,000	0,003
3196,000	0,004
3198,000	0,005
3200,000	0,002
3202,000	0,005
3204,000	0,001
3206,000	0,001
3208,000	0,004
3210,000	0,006
3212,000	0,003
3214,000	0,003
3216,000	0,002
3218,000	0,004
3220,000	0,002
3222,000	0,003
3224,000	0,002
3226,000	0,006
3228,000	0,002
3230,000	0,003
3232,000	0,002
3234,000	0,005
3236,000	0,007
3238,000	0,008
3240,000	0,001
3242,000	0,005
3244,000	0,002
3246,000	0,003
3248,000	0,001
3250,000	0,004
3252,000	0,002
3254,000	0,004
3256,000	0,004
3258,000	0,002
3260,000	0,003
3262,000	0,006
3264,000	0,003
3266,000	0,004
3268,000	0,003
3270,000	0,003
3272,000	0,002
3274,000	0,005
3276,000	0,002
3278,000	0,003
3280,000	0,000
3282,000	0,003
3284,000	0,002
3286,000	0,002
3288,000	0,003
3290,000	0,004
3292,000	0,003
3294,000	0,004
3296,000	0,003
3298,000	0,006
3300,000	0,002
3302,000	0,005
3304,000	0,002
3306,000	0,006
3308,000	0,007
3310,000	0,004
3312,000	0,002
3314,000	0,004
3316,000	0,005
3318,000	0,003
3320,000	0,003
3322,000	0,003
3324,000	0,006
3326,000	0,004
3328,000	0,002
3330,000	0,003
3332,000	0,004
3334,000	0,002
3336,000	0,004
3338,000	0,005
3340,000	0,005
3342,000	0,002
3344,000	0,002
3346,000	0,003
3348,000	0,003
3350,000	0,002
3352,000	0,006
3354,000	0,004
3356,000	0,002
3358,000	0,003
3360,000	0,004
3362,000	0,002
3364,000	0,002
3366,000	0,004
3368,000	0,002
3370,000	0,004
3372,000	0,008
3374,000	0,005
3376,000	0,001
3378,000	0,004
3380,000	0,005
3382,000	0,001
3384,000	0,005
3386,000	0,003
3388,000	0,003
3390,000	0,005
3392,000	0,002
3394,000	0,003
3396,000	0,002
3398,000	0,006
3400,000	0,004
3402,000	0,002
3404,000	0,002
3406,000	0,004
3408,000	0,010
3410,000	0,007
3412,000	0,001
3414,000	0,002
3416,000	0,002
3418,000	0,001
3420,000	0,005
3422,000	0,006
3424,000	0,002
3426,000	0,002
3428,000	0,005
3430,000	0,004
3432,000	0,004
3434,000	0,008
3436,000	0,004
3438,000	0,003
3440,000	0,004
3442,000	0,003
3444,000	0,006
3446,000	0,006
3448,000	0,001
3450,000	0,002
3452,000	0,001
3454,000	0,002
3456,000	0,004
3458,000	0,006
3460,000	0,003
3462,000	0,002
3464,000	0,001
3466,000	0,002
3468,000	0,005
3470,000	0,007
3472,000	0,003
3474,000	0,002
3476,000	0,002
3478,000	0,002
3480,000	0,003
3482,000	0,002
3484,000	0,003
3486,000	0,004
3488,000	0,001
3490,000	0,003
3492,000	0,004
3494,000	0,006
3496,000	0,005
3498,000	0,003
3500,000	0,003
3502,000	0,003
3504,000	0,003
3506,000	0,006
3508,000	0,003
3510,000	0,003
3512,000	0,004
3514,000	0,005
3516,000	0,003
3518,000	0,003
3520,000	0,001
3522,000	0,001
3524,000	0,004
3526,000	0,007
3528,000	0,002
3530,000	0,006
3532,000	0,003
3534,000	0,002
3536,000	0,001
3538,000	0,004
3540,000	0,006
3542,000	0,004
3544,000	0,001
3546,000	0,001
3548,000	0,002
3550,000	0,002
3552,000	0,003
3554,000	0,004
3556,000	0,002
3558,000	0,006
3560,000	0,003
3562,000	0,001
3564,000	0,004
3566,000	0,005
3568,000	0,003
3570,000	0,005
3572,000	0,001
3574,000	0,006
3576,000	0,002
3578,000	0,007
3580,000	0,006
3582,000	0,004
3584,000	0,005
3586,000	0,003
3588,000	0,002
3590,000	0,001
3592,000	0,003
3594,000	0,008
3596,000	0,005
3598,000	0,003
3600,000	0,005
3602,000	0,004
3604,000	0,004
3606,000	0,003
3608,000	0,005
3610,000	0,003
3612,000	0,003
3614,000	0,006
3616,000	0,001
3618,000	0,005
3620,000	0,006
3622,000	0,004
3624,000	0,002
3626,000	0,007
3628,000	0,006
3630,000	0,002
3632,000	0,002
3634,000	0,005
3636,000	0,006
3638,000	0,002
3640,000	0,002
3642,000	0,004
3644,000	0,004
3646,000	0,002
3648,000	0,002
3650,000	0,006
3652,000	0,008
3654,000	0,006
3656,000	0,004
3658,000	0,002
3660,000	0,002
3662,000	0,003
3664,000	0,004
3666,000	0,005
3668,000	0,004
3670,000	0,001
3672,000	0,002
3674,000	0,003
3676,000	0,003
3678,000	0,003
3680,000	0,002
3682,000	0,001
3684,000	0,001
3686,000	0,001
3688,000	0,003
3690,000	0,003
3692,000	0,001
3694,000	0,002
3696,000	0,002
3698,000	0,002
3700,000	0,002
3702,000	0,004
3704,000	0,001
3706,000	0,005
3708,000	0,007
3710,000	0,005
3712,000	0,002
3714,000	0,005
3716,000	0,006
3718,000	0,005
3720,000	0,005
3722,000	0,006
3724,000	0,003
3726,000	0,003
3728,000	0,005
3730,000	0,001
3732,000	0,003
3734,000	0,002
3736,000	0,005
3738,000	0,006
3740,000	0,003
3742,000	0,004
3744,000	0,003
3746,000	0,003
3748,000	0,001
3750,000	0,005
3752,000	0,005
3754,000	0,001
3756,000	0,003
3758,000	0,003
3760,000	0,003
3762,000	0,004
3764,000	0,004
3766,000	0,005
3768,000	0,004
3770,000	0,001
3772,000	0,002
3774,000	0,002
3776,000	0,002
3778,000	0,002
3780,000	0,003
3782,000	0,003
3784,000	0,006
3786,000	0,004
3788,000	0,002
3790,000	0,002
3792,000	0,005
3794,000	0,002
3796,000	0,002
3798,000	0,001
3800,000	0,004
3802,000	0,004
3804,000	0,002
3806,000	0,002
3808,000	0,003
3810,000	0,003
3812,000	0,006
3814,000	0,003
3816,000	0,002
3818,000	0,001
3820,000	0,002
3822,000	0,002
3824,000	0,004
3826,000	0,002
3828,000	0,005
3830,000	0,007
3832,000	0,003
3834,000	0,001
3836,000	0,001
3838,000	0,002
3840,000	0,002
3842,000	0,001
3844,000	0,002
3846,000	0,003
3848,000	0,007
3850,000	0,006
3852,000	0,003
3854,000	0,002
3856,000	0,002
3858,000	0,003
3860,000	0,003
3862,000	0,003
3864,000	0,001
3866,000	0,004
3868,000	0,002
3870,000	0,003
3872,000	0,004
3874,000	0,001
3876,000	0,004
3878,000	0,001
3880,000	0,004
3882,000	0,004
3884,000	0,002
3886,000	0,003
3888,000	0,001
3890,000	0,002
3892,000	0,003
3894,000	0,002
3896,000	0,005
3898,000	0,009
3900,000	0,006
3902,000	0,002
3904,000	0,002
3906,000	0,002
3908,000	0,004
3910,000	0,005
3912,000	0,003
3914,000	0,002
3916,000	0,004
3918,000	0,005
3920,000	0,004
3922,000	0,002
3924,000	0,004
3926,000	0,003
3928,000	0,003
3930,000	0,005
3932,000	0,005
3934,000	0,001
3936,000	0,005
3938,000	0,005
3940,000	0,001
3942,000	0,003
3944,000	0,001
3946,000	0,004
3948,000	0,003
3950,000	0,002
3952,000	0,004
3954,000	0,004
3956,000	0,004
3958,000	0,005
3960,000	0,005
3962,000	0,005
3964,000	0,002
3966,000	0,002
3968,000	0,004
3970,000	0,007
3972,000	0,006
3974,000	0,004
3976,000	0,003
3978,000	0,006
3980,000	0,004
3982,000	0,000
3984,000	0,003
3986,000	0,005
3988,000	0,004
3990,000	0,001
3992,000	0,004
3994,000	0,004
3996,000	0,004
3998,000	0,003
4000,000	0,001
4002,000	0,004
4004,000	0,004
4006,000	0,004
4008,000	0,002
4010,000	0,004
4012,000	0,002
4014,000	0,001
4016,000	0,001
4018,000	0,002
4020,000	0,003
4022,000	0,002
4024,000	0,001
4026,000	0,002
4028,000	0,005
4030,000	0,002
4032,000	0,005
4034,000	0,006
4036,000	0,001
4038,000	0,006
4040,000	0,003
4042,000	0,004
4044,000	0,003
4046,000	0,005
4048,000	0,003
4050,000	0,003
4052,000	0,005
4054,000	0,001
4056,000	0,006
4058,000	0,006
4060,000	0,005
4062,000	0,005
4064,000	0,002
4066,000	0,004
4068,000	0,004
4070,000	0,005
4072,000	0,004
4074,000	0,002
4076,000	0,003
4078,000	0,002
4080,000	0,003
4082,000	0,006
4084,000	0,002
4086,000	0,003
4088,000	0,001
4090,000	0,004
4092,000	0,004
4094,000	0,002
4096,000	0,003
4098,000	0,002
4100,000	0,000
4102,000	0,001
4104,000	0,003
4106,000	0,003
4108,000	0,001
4110,000	0,005
4112,000	0,005
4114,000	0,006
4116,000	0,006
4118,000	0,001
4120,000	0,005
4122,000	0,003
4124,000	0,005
4126,000	0,005
4128,000	0,001
4130,000	0,004
4132,000	0,002
4134,000	0,004
4136,000	0,002
4138,000	0,001
4140,000	0,002
4142,000	0,001
4144,000	0,002
4146,000	0,003
4148,000	0,005
4150,000	0,007
4152,000	0,004
4154,000	0,002
4156,000	0,002
4158,000	0,004
4160,000	0,004
4162,000	0,004
4164,000	0,002
4166,000	0,003
4168,000	0,003
4170,000	0,003
4172,000	0,003
4174,000	0,006
4176,000	0,004
4178,000	0,003
4180,000	0,002
4182,000	0,003
4184,000	0,006
4186,000	0,003
4188,000	0,004
4190,000	0,005
4192,000	0,003
4194,000	0,006
4196,000	0,005
4198,000	0,000
4200,000	0,002
4202,000	0,003
4204,000	0,002
4206,000	0,003
4208,000	0,004
4210,000	0,002
4212,000	0,000
4214,000	0,002
4216,000	0,003
4218,000	0,001
4220,000	0,002
4222,000	0,004
4224,000	0,008
4226,000	0,010
4228,000	0,006
4230,000	0,001
4232,000	0,005
4234,000	0,004
4236,000	0,003
4238,000	0,004
4240,000	0,007
4242,000	0,007
4244,000	0,003
4246,000	0,003
4248,000	0,001
4250,000	0,004
4252,000	0,004
4254,000	0,002
4256,000	0,003
4258,000	0,005
4260,000	0,003
4262,000	0,004
4264,000	0,004
4266,000	0,004
4268,000	0,004
4270,000	0,003
4272,000	0,002
4274,000	0,004
4276,000	0,005
4278,000	0,002
4280,000	0,003
4282,000	0,001
4284,000	0,001
4286,000	0,002
4288,000	0,003
4290,000	0,003
4292,000	0,001
4294,000	0,001
4296,000	0,004
4298,000	0,004
4300,000	0,001
4302,000	0,003
4304,000	0,002
4306,000	0,003
4308,000	0,001
4310,000	0,005
4312,000	0,004
4314,000	0,004
4316,000	0,005
4318,000	0,003
4320,000	0,001
4322,000	0,002
4324,000	0,001
4326,000	0,003
4328,000	0,003
4330,000	0,001
4332,000	0,002
4334,000	0,003
4336,000	0,002
4338,000	0,002
4340,000	0,004
4342,000	0,002
4344,000	0,004
4346,000	0,003
4348,000	0,005
4350,000	0,004
4352,000	0,001
4354,000	0,002
4356,000	0,005
4358,000	0,004
4360,000	0,001
4362,000	0,005
4364,000	0,005
4366,000	0,004
4368,000	0,004
4370,000	0,005
4372,000	0,002
4374,000	0,001
4376,000	0,001
4378,000	0,004
4380,000	0,002
4382,000	0,004
4384,000	0,004
4386,000	0,001
4388,000	0,002
4390,000	0,006
4392,000	0,005
4394,000	0,005
4396,000	0,006
4398,000	0,004
4400,000	0,005
4402,000	0,002
4404,000	0,003
4406,000	0,001
4408,000	0,004
4410,000	0,005
4412,000	0,002
4414,000	0,002
4416,000	0,004
4418,000	0,001
4420,000	0,002
4422,000	0,003
4424,000	0,003
4426,000	0,001
4428,000	0,003
4430,000	0,002
4432,000	0,004
4434,000	0,003
4436,000	0,003
4438,000	0,002
4440,000	0,001
4442,000	0,004
4444,000	0,006
4446,000	0,005
4448,000	0,003
4450,000	0,003
4452,000	0,005
4454,000	0,003
4456,000	0,005
4458,000	0,005
4460,000	0,003
4462,000	0,002
4464,000	0,001
4466,000	0,003
4468,000	0,007
4470,000	0,005
4472,000	0,005
4474,000	0,007
4476,000	0,005
4478,000	0,003
4480,000	0,002
4482,000	0,002
4484,000	0,001
4486,000	0,002
4488,000	0,001
4490,000	0,001
4492,000	0,002
4494,000	0,003
4496,000	0,003
4498,000	0,003
4500,000	0,005
4502,000	0,006
4504,000	0,007
4506,000	0,005
4508,000	0,003
4510,000	0,004
4512,000	0,002
4514,000	0,003
4516,000	0,002
4518,000	0,001
4520,000	0,005
4522,000	0,005
4524,000	0,001
4526,000	0,002
4528,000	0,004
4530,000	0,003
4532,000	0,001
4534,000	0,003
4536,000	0,003
4538,000	0,002
4540,000	0,002
4542,000	0,003
4544,000	0,004
4546,000	0,004
4548,000	0,001
4550,000	0,002
4552,000	0,003
4554,000	0,005
4556,000	0,002
4558,000	0,001
4560,000	0,001
4562,000	0,005
4564,000	0,004
4566,000	0,004
4568,000	0,003
4570,000	0,003
4572,000	0,002
4574,000	0,003
4576,000	0,006
4578,000	0,005
4580,000	0,004
4582,000	0,005
4584,000	0,002
4586,000	0,002
4588,000	0,006
4590,000	0,005
4592,000	0,005
4594,000	0,008
4596,000	0,002
4598,000	0,006
4600,000	0,003
4602,000	0,001
4604,000	0,004
4606,000	0,007
4608,000	0,002
4610,000	0,006
4612,000	0,003
4614,000	0,004
4616,000	0,006
4618,000	0,005
4620,000	0,004
4622,000	0,002
4624,000	0,000
4626,000	0,002
4628,000	0,001
4630,000	0,003
4632,000	0,004
4634,000	0,002
4636,000	0,002
4638,000	0,001
4640,000	0,002
4642,000	0,001
4644,000	0,003
4646,000	0,004
4648,000	0,003
4650,000	0,001
4652,000	0,003
4654,000	0,002
4656,000	0,002
4658,000	0,001
4660,000	0,002
4662,000	0,002
4664,000	0,004
4666,000	0,006
4668,000	0,004
4670,000	0,006
4672,000	0,004
4674,000	0,002
4676,000	0,003
4678,000	0,006
4680,000	0,004
4682,000	0,002
4684,000	0,002
4686,000	0,001
4688,000	0,005
4690,000	0,007
4692,000	0,002
4694,000	0,004
4696,000	0,004
4698,000	0,002
4700,000	0,002
4702,000	0,002
4704,000	0,001
4706,000	0,003
4708,000	0,003
4710,000	0,002
4712,000	0,002
4714,000	0,002
4716,000	0,002
4718,000	0,003
4720,000	0,003
4722,000	0,004
4724,000	0,002
4726,000	0,002
4728,000	0,003
4730,000	0,001
4732,000	0,002
4734,000	0,003
4736,000	0,001
4738,000	0,003
4740,000	0,002
4742,000	0,001
4744,000	0,002
4746,000	0,003
4748,000	0,002
4750,000	0,001
4752,000	0,002
4754,000	0,001
4756,000	0,002
4758,000	0,001
4760,000	0,001
4762,000	0,001
4764,000	0,002
4766,000	0,002
4768,000	0,002
4770,000	0,004
4772,000	0,003
4774,000	0,004
4776,000	0,003
4778,000	0,001
4780,000	0,002
4782,000	0,003
4784,000	0,003
4786,000	0,003
4788,000	0,003
4790,000	0,002
4792,000	0,002
4794,000	0,001
4796,000	0,004
4798,000	0,004
4800,000	0,001
4802,000	0,001
4804,000	0,004
4806,000	0,004
4808,000	0,003
4810,000	0,005
4812,000	0,004
4814,000	0,006
4816,000	0,004
4818,000	0,000
4820,000	0,001
4822,000	0,002
4824,000	0,004
4826,000	0,003
4828,000	0,001
4830,000	0,003
4832,000	0,003
4834,000	0,004
4836,000	0,004
4838,000	0,003
4840,000	0,002
4842,000	0,002
4844,000	0,005
4846,000	0,003
4848,000	0,003
4850,000	0,003
4852,000	0,005
4854,000	0,001
4856,000	0,007
4858,000	0,007
4860,000	0,001
4862,000	0,006
4864,000	0,006
4866,000	0,005
4868,000	0,004
4870,000	0,003
4872,000	0,001
4874,000	0,005
4876,000	0,010
4878,000	0,010
4880,000	0,002
4882,000	0,004
4884,000	0,003
4886,000	0,003
4888,000	0,002
4890,000	0,002
4892,000	0,001
4894,000	0,002
4896,000	0,001
4898,000	0,004
4900,000	0,005
4902,000	0,003
4904,000	0,001
4906,000	0,002
4908,000	0,002
4910,000	0,005
4912,000	0,002
4914,000	0,002
4916,000	0,003
4918,000	0,003
4920,000	0,002
4922,000	0,004
4924,000	0,003
4926,000	0,000
4928,000	0,003
4930,000	0,003
4932,000	0,001
4934,000	0,003
4936,000	0,003
4938,000	0,003
4940,000	0,003
4942,000	0,005
4944,000	0,001
4946,000	0,004
4948,000	0,004
4950,000	0,004
4952,000	0,006
4954,000	0,006
4956,000	0,003
4958,000	0,003
4960,000	0,003
4962,000	0,003
4964,000	0,004
4966,000	0,004
4968,000	0,003
4970,000	0,008
4972,000	0,005
4974,000	0,004
4976,000	0,003
4978,000	0,003
4980,000	0,003
4982,000	0,004
4984,000	0,002
4986,000	0,005
4988,000	0,006
4990,000	0,003
4992,000	0,005
4994,000	0,003
4996,000	0,004
4998,000	0,001
5000,000	0,005
