2496
10,000	0,023
12,000	0,201
14,000	0,020
16,000	0,145
18,000	0,025
20,000	0,108
22,000	0,020
24,000	0,091
26,000	0,025
28,000	0,064
30,000	0,014
32,000	0,063
34,000	0,012
36,000	0,059
38,000	0,011
40,000	0,055
42,000	0,014
44,000	0,066
46,000	0,037
48,000	0,030
50,000	0,031
52,000	0,035
54,000	0,013
56,000	0,059
58,000	0,033
60,000	0,053
62,000	0,029
64,000	0,060
66,000	0,037
68,000	0,047
70,000	0,036
72,000	0,045
74,000	0,029
76,000	0,020
78,000	0,002
80,000	0,049
82,000	0,034
84,000	0,044
86,000	0,035
88,000	0,028
90,000	0,024
92,000	0,045
94,000	0,027
96,000	0,034
98,000	0,038
100,000	0,045
102,000	0,033
104,000	0,036
106,000	0,035
108,000	0,038
110,000	0,035
112,000	0,028
114,000	0,027
116,000	0,030
118,000	0,034
120,000	0,033
122,000	0,037
124,000	0,039
126,000	0,038
128,000	0,036
130,000	0,033
132,000	0,027
134,000	0,030
136,000	0,014
138,000	0,020
140,000	0,032
142,000	0,027
144,000	0,038
146,000	0,042
148,000	0,026
150,000	0,031
152,000	0,037
154,000	0,041
156,000	0,038
158,000	0,039
160,000	0,040
162,000	0,042
164,000	0,022
166,000	0,038
168,000	0,037
170,000	0,031
172,000	0,032
174,000	0,038
176,000	0,024
178,000	0,033
180,000	0,035
182,000	0,045
184,000	0,046
186,000	0,047
188,000	0,044
190,000	0,042
192,000	0,045
194,000	0,041
196,000	0,056
198,000	0,062
200,000	0,054
202,000	0,060
204,000	0,063
206,000	0,061
208,000	0,059
210,000	0,063
212,000	0,067
214,000	0,063
216,000	0,061
218,000	0,070
220,000	0,074
222,000	0,081
224,000	0,087
226,000	0,098
228,000	0,099
230,000	0,087
232,000	0,105
234,000	0,105
236,000	0,125
238,000	0,126
240,000	0,118
242,000	0,118
244,000	0,125
246,000	0,132
248,000	0,131
250,000	0,139
252,000	0,148
254,000	0,132
256,000	0,151
258,000	0,142
260,000	0,185
262,000	0,197
264,000	0,271
266,000	0,238
268,000	0,083
270,000	0,096
272,000	0,066
274,000	0,081
276,000	0,088
278,000	0,115
280,000	0,143
282,000	0,153
284,000	0,206
286,000	0,205
288,000	0,273
290,000	0,278
292,000	0,340
294,000	0,334
296,000	0,389
298,000	0,350
300,000	0,510
302,000	0,634
304,000	1,041
306,000	1,396
308,000	0,929
310,000	0,613
312,000	0,643
314,000	0,486
316,000	0,440
318,000	0,359
320,000	0,374
322,000	0,311
324,000	0,310
326,000	0,255
328,000	0,257
330,000	0,195
332,000	0,203
334,000	0,165
336,000	0,197
338,000	0,161
340,000	0,178
342,000	0,141
344,000	0,150
346,000	0,118
348,000	0,143
350,000	0,117
352,000	0,135
354,000	0,094
356,000	0,117
358,000	0,097
360,000	0,099
362,000	0,087
364,000	0,095
366,000	0,076
368,000	0,083
370,000	0,063
372,000	0,081
374,000	0,050
376,000	0,076
378,000	0,061
380,000	0,070
382,000	0,054
384,000	0,054
386,000	0,045
388,000	0,061
390,000	0,054
392,000	0,062
394,000	0,052
396,000	0,061
398,000	0,046
400,000	0,051
402,000	0,044
404,000	0,054
406,000	0,037
408,000	0,046
410,000	0,032
412,000	0,039
414,000	0,025
416,000	0,043
418,000	0,034
420,000	0,054
422,000	0,033
424,000	0,033
426,000	0,029
428,000	0,040
430,000	0,034
432,000	0,046
434,000	0,038
436,000	0,047
438,000	0,024
440,000	0,039
442,000	0,034
444,000	0,038
446,000	0,036
448,000	0,041
450,000	0,027
452,000	0,027
454,000	0,017
456,000	0,021
458,000	0,021
460,000	0,014
462,000	0,010
464,000	0,020
466,000	0,023
468,000	0,009
470,000	0,023
472,000	0,018
474,000	0,032
476,000	0,032
478,000	0,048
480,000	0,051
482,000	0,054
484,000	0,075
486,000	0,066
488,000	0,113
490,000	0,161
492,000	0,306
494,000	0,337
496,000	0,196
498,000	0,176
500,000	0,168
502,000	0,147
504,000	0,123
506,000	0,109
508,000	0,115
510,000	0,096
512,000	0,097
514,000	0,082
516,000	0,084
518,000	0,075
520,000	0,076
522,000	0,069
524,000	0,077
526,000	0,062
528,000	0,067
530,000	0,056
532,000	0,066
534,000	0,055
536,000	0,067
538,000	0,064
540,000	0,055
542,000	0,045
544,000	0,053
546,000	0,046
548,000	0,054
550,000	0,042
552,000	0,053
554,000	0,044
556,000	0,051
558,000	0,037
560,000	0,050
562,000	0,039
564,000	0,050
566,000	0,036
568,000	0,045
570,000	0,039
572,000	0,043
574,000	0,035
576,000	0,038
578,000	0,033
580,000	0,042
582,000	0,025
584,000	0,042
586,000	0,029
588,000	0,040
590,000	0,025
592,000	0,035
594,000	0,028
596,000	0,030
598,000	0,033
600,000	0,035
602,000	0,027
604,000	0,035
606,000	0,027
608,000	0,038
610,000	0,027
612,000	0,028
614,000	0,029
616,000	0,032
618,000	0,034
620,000	0,038
622,000	0,028
624,000	0,032
626,000	0,033
628,000	0,037
630,000	0,024
632,000	0,036
634,000	0,039
636,000	0,037
638,000	0,032
640,000	0,033
642,000	0,019
644,000	0,029
646,000	0,021
648,000	0,024
650,000	0,024
652,000	0,022
654,000	0,019
656,000	0,017
658,000	0,014
660,000	0,024
662,000	0,008
664,000	0,024
666,000	0,022
668,000	0,023
670,000	0,027
672,000	0,036
674,000	0,026
676,000	0,039
678,000	0,035
680,000	0,049
682,000	0,034
684,000	0,037
686,000	0,002
688,000	0,040
690,000	0,032
692,000	0,030
694,000	0,023
696,000	0,024
698,000	0,020
700,000	0,032
702,000	0,016
704,000	0,026
706,000	0,024
708,000	0,032
710,000	0,022
712,000	0,029
714,000	0,016
716,000	0,026
718,000	0,021
720,000	0,024
722,000	0,017
724,000	0,029
726,000	0,024
728,000	0,023
730,000	0,019
732,000	0,021
734,000	0,023
736,000	0,028
738,000	0,018
740,000	0,032
742,000	0,024
744,000	0,024
746,000	0,022
748,000	0,027
750,000	0,022
752,000	0,025
754,000	0,023
756,000	0,021
758,000	0,020
760,000	0,026
762,000	0,023
764,000	0,030
766,000	0,023
768,000	0,025
770,000	0,018
772,000	0,023
774,000	0,016
776,000	0,028
778,000	0,022
780,000	0,023
782,000	0,017
784,000	0,015
786,000	0,020
788,000	0,021
790,000	0,008
792,000	0,024
794,000	0,020
796,000	0,022
798,000	0,017
800,000	0,021
802,000	0,018
804,000	0,023
806,000	0,020
808,000	0,025
810,000	0,018
812,000	0,022
814,000	0,015
816,000	0,023
818,000	0,014
820,000	0,020
822,000	0,013
824,000	0,024
826,000	0,017
828,000	0,014
830,000	0,019
832,000	0,017
834,000	0,014
836,000	0,014
838,000	0,010
840,000	0,018
842,000	0,008
844,000	0,020
846,000	0,013
848,000	0,020
850,000	0,006
852,000	0,017
854,000	0,017
856,000	0,010
858,000	0,017
860,000	0,018
862,000	0,019
864,000	0,025
866,000	0,018
868,000	0,029
870,000	0,019
872,000	0,020
874,000	0,013
876,000	0,025
878,000	0,014
880,000	0,023
882,000	0,015
884,000	0,018
886,000	0,016
888,000	0,018
890,000	0,010
892,000	0,013
894,000	0,009
896,000	0,017
898,000	0,014
900,000	0,018
902,000	0,013
904,000	0,022
906,000	0,015
908,000	0,015
910,000	0,009
912,000	0,011
914,000	0,015
916,000	0,021
918,000	0,009
920,000	0,017
922,000	0,008
924,000	0,018
926,000	0,015
928,000	0,016
930,000	0,015
932,000	0,021
934,000	0,019
936,000	0,017
938,000	0,013
940,000	0,012
942,000	0,019
944,000	0,018
946,000	0,008
948,000	0,013
950,000	0,012
952,000	0,015
954,000	0,010
956,000	0,013
958,000	0,013
960,000	0,011
962,000	0,016
964,000	0,016
966,000	0,016
968,000	0,014
970,000	0,011
972,000	0,016
974,000	0,011
976,000	0,011
978,000	0,010
980,000	0,020
982,000	0,017
984,000	0,013
986,000	0,014
988,000	0,015
990,000	0,014
992,000	0,012
994,000	0,015
996,000	0,015
998,000	0,012
1000,000	0,020
1002,000	0,012
1004,000	0,021
1006,000	0,010
1008,000	0,019
1010,000	0,010
1012,000	0,017
1014,000	0,012
1016,000	0,010
1018,000	0,016
1020,000	0,014
1022,000	0,001
1024,000	0,015
1026,000	0,013
1028,000	0,009
1030,000	0,008
1032,000	0,017
1034,000	0,008
1036,000	0,009
1038,000	0,008
1040,000	0,017
1042,000	0,012
1044,000	0,022
1046,000	0,019
1048,000	0,012
1050,000	0,013
1052,000	0,015
1054,000	0,015
1056,000	0,015
1058,000	0,013
1060,000	0,020
1062,000	0,013
1064,000	0,013
1066,000	0,017
1068,000	0,009
1070,000	0,011
1072,000	0,019
1074,000	0,011
1076,000	0,016
1078,000	0,013
1080,000	0,011
1082,000	0,005
1084,000	0,016
1086,000	0,011
1088,000	0,007
1090,000	0,007
1092,000	0,014
1094,000	0,009
1096,000	0,010
1098,000	0,011
1100,000	0,014
1102,000	0,011
1104,000	0,013
1106,000	0,005
1108,000	0,015
1110,000	0,012
1112,000	0,011
1114,000	0,011
1116,000	0,009
1118,000	0,005
1120,000	0,011
1122,000	0,015
1124,000	0,015
1126,000	0,012
1128,000	0,016
1130,000	0,007
1132,000	0,013
1134,000	0,010
1136,000	0,019
1138,000	0,011
1140,000	0,012
1142,000	0,011
1144,000	0,009
1146,000	0,013
1148,000	0,010
1150,000	0,009
1152,000	0,011
1154,000	0,011
1156,000	0,009
1158,000	0,007
1160,000	0,010
1162,000	0,007
1164,000	0,016
1166,000	0,015
1168,000	0,010
1170,000	0,011
1172,000	0,010
1174,000	0,014
1176,000	0,018
1178,000	0,009
1180,000	0,012
1182,000	0,009
1184,000	0,012
1186,000	0,007
1188,000	0,022
1190,000	0,014
1192,000	0,011
1194,000	0,013
1196,000	0,008
1198,000	0,011
1200,000	0,007
1202,000	0,007
1204,000	0,012
1206,000	0,009
1208,000	0,010
1210,000	0,008
1212,000	0,013
1214,000	0,010
1216,000	0,005
1218,000	0,013
1220,000	0,016
1222,000	0,015
1224,000	0,014
1226,000	0,012
1228,000	0,019
1230,000	0,005
1232,000	0,017
1234,000	0,013
1236,000	0,011
1238,000	0,004
1240,000	0,015
1242,000	0,016
1244,000	0,014
1246,000	0,013
1248,000	0,004
1250,000	0,011
1252,000	0,012
1254,000	0,011
1256,000	0,025
1258,000	0,014
1260,000	0,010
1262,000	0,010
1264,000	0,012
1266,000	0,013
1268,000	0,005
1270,000	0,009
1272,000	0,012
1274,000	0,016
1276,000	0,011
1278,000	0,004
1280,000	0,011
1282,000	0,007
1284,000	0,008
1286,000	0,012
1288,000	0,015
1290,000	0,008
1292,000	0,011
1294,000	0,010
1296,000	0,014
1298,000	0,010
1300,000	0,011
1302,000	0,011
1304,000	0,012
1306,000	0,013
1308,000	0,012
1310,000	0,009
1312,000	0,015
1314,000	0,014
1316,000	0,010
1318,000	0,009
1320,000	0,009
1322,000	0,011
1324,000	0,003
1326,000	0,009
1328,000	0,004
1330,000	0,005
1332,000	0,008
1334,000	0,001
1336,000	0,011
1338,000	0,010
1340,000	0,011
1342,000	0,009
1344,000	0,011
1346,000	0,011
1348,000	0,011
1350,000	0,009
1352,000	0,011
1354,000	0,007
1356,000	0,007
1358,000	0,008
1360,000	0,006
1362,000	0,007
1364,000	0,008
1366,000	0,010
1368,000	0,008
1370,000	0,001
1372,000	0,011
1374,000	0,009
1376,000	0,006
1378,000	0,012
1380,000	0,008
1382,000	0,010
1384,000	0,007
1386,000	0,008
1388,000	0,006
1390,000	0,009
1392,000	0,011
1394,000	0,010
1396,000	0,008
1398,000	0,001
1400,000	0,008
1402,000	0,008
1404,000	0,008
1406,000	0,010
1408,000	0,005
1410,000	0,008
1412,000	0,012
1414,000	0,006
1416,000	0,007
1418,000	0,012
1420,000	0,017
1422,000	0,012
1424,000	0,009
1426,000	0,010
1428,000	0,009
1430,000	0,012
1432,000	0,005
1434,000	0,006
1436,000	0,005
1438,000	0,005
1440,000	0,009
1442,000	0,003
1444,000	0,013
1446,000	0,015
1448,000	0,011
1450,000	0,004
1452,000	0,011
1454,000	0,008
1456,000	0,006
1458,000	0,013
1460,000	0,010
1462,000	0,008
1464,000	0,006
1466,000	0,007
1468,000	0,005
1470,000	0,011
1472,000	0,012
1474,000	0,009
1476,000	0,014
1478,000	0,006
1480,000	0,010
1482,000	0,011
1484,000	0,010
1486,000	0,016
1488,000	0,015
1490,000	0,008
1492,000	0,010
1494,000	0,007
1496,000	0,003
1498,000	0,005
1500,000	0,006
1502,000	0,006
1504,000	0,005
1506,000	0,006
1508,000	0,010
1510,000	0,008
1512,000	0,004
1514,000	0,011
1516,000	0,008
1518,000	0,004
1520,000	0,004
1522,000	0,008
1524,000	0,012
1526,000	0,012
1528,000	0,012
1530,000	0,004
1532,000	0,006
1534,000	0,004
1536,000	0,008
1538,000	0,007
1540,000	0,016
1542,000	0,014
1544,000	0,010
1546,000	0,004
1548,000	0,009
1550,000	0,011
1552,000	0,012
1554,000	0,011
1556,000	0,008
1558,000	0,008
1560,000	0,008
1562,000	0,003
1564,000	0,006
1566,000	0,008
1568,000	0,009
1570,000	0,003
1572,000	0,010
1574,000	0,005
1576,000	0,006
1578,000	0,005
1580,000	0,011
1582,000	0,005
1584,000	0,007
1586,000	0,011
1588,000	0,008
1590,000	0,005
1592,000	0,013
1594,000	0,004
1596,000	0,011
1598,000	0,005
1600,000	0,010
1602,000	0,009
1604,000	0,008
1606,000	0,007
1608,000	0,008
1610,000	0,011
1612,000	0,009
1614,000	0,008
1616,000	0,007
1618,000	0,005
1620,000	0,007
1622,000	0,011
1624,000	0,007
1626,000	0,004
1628,000	0,002
1630,000	0,001
1632,000	0,010
1634,000	0,012
1636,000	0,004
1638,000	0,006
1640,000	0,004
1642,000	0,003
1644,000	0,007
1646,000	0,008
1648,000	0,007
1650,000	0,005
1652,000	0,004
1654,000	0,009
1656,000	0,009
1658,000	0,005
1660,000	0,013
1662,000	0,006
1664,000	0,007
1666,000	0,007
1668,000	0,005
1670,000	0,007
1672,000	0,012
1674,000	0,009
1676,000	0,005
1678,000	0,006
1680,000	0,007
1682,000	0,004
1684,000	0,014
1686,000	0,011
1688,000	0,004
1690,000	0,007
1692,000	0,002
1694,000	0,004
1696,000	0,002
1698,000	0,007
1700,000	0,008
1702,000	0,005
1704,000	0,006
1706,000	0,003
1708,000	0,011
1710,000	0,005
1712,000	0,004
1714,000	0,005
1716,000	0,008
1718,000	0,007
1720,000	0,005
1722,000	0,005
1724,000	0,013
1726,000	0,007
1728,000	0,004
1730,000	0,003
1732,000	0,013
1734,000	0,007
1736,000	0,006
1738,000	0,007
1740,000	0,006
1742,000	0,006
1744,000	0,006
1746,000	0,004
1748,000	0,005
1750,000	0,004
1752,000	0,010
1754,000	0,009
1756,000	0,003
1758,000	0,001
1760,000	0,010
1762,000	0,010
1764,000	0,002
1766,000	0,009
1768,000	0,005
1770,000	0,003
1772,000	0,006
1774,000	0,004
1776,000	0,007
1778,000	0,002
1780,000	0,006
1782,000	0,001
1784,000	0,008
1786,000	0,001
1788,000	0,008
1790,000	0,006
1792,000	0,010
1794,000	0,006
1796,000	0,010
1798,000	0,006
1800,000	0,006
1802,000	0,003
1804,000	0,009
1806,000	0,008
1808,000	0,004
1810,000	0,007
1812,000	0,005
1814,000	0,004
1816,000	0,004
1818,000	0,002
1820,000	0,007
1822,000	0,006
1824,000	0,002
1826,000	0,002
1828,000	0,004
1830,000	0,001
1832,000	0,009
1834,000	0,006
1836,000	0,005
1838,000	0,004
1840,000	0,007
1842,000	0,009
1844,000	0,003
1846,000	0,010
1848,000	0,009
1850,000	0,006
1852,000	0,004
1854,000	0,006
1856,000	0,007
1858,000	0,007
1860,000	0,005
1862,000	0,006
1864,000	0,004
1866,000	0,000
1868,000	0,008
1870,000	0,008
1872,000	0,004
1874,000	0,007
1876,000	0,004
1878,000	0,006
1880,000	0,005
1882,000	0,005
1884,000	0,008
1886,000	0,005
1888,000	0,006
1890,000	0,011
1892,000	0,006
1894,000	0,001
1896,000	0,005
1898,000	0,010
1900,000	0,010
1902,000	0,003
1904,000	0,010
1906,000	0,005
1908,000	0,005
1910,000	0,006
1912,000	0,007
1914,000	0,008
1916,000	0,004
1918,000	0,003
1920,000	0,006
1922,000	0,007
1924,000	0,006
1926,000	0,008
1928,000	0,003
1930,000	0,006
1932,000	0,003
1934,000	0,004
1936,000	0,001
1938,000	0,007
1940,000	0,007
1942,000	0,002
1944,000	0,008
1946,000	0,003
1948,000	0,005
1950,000	0,002
1952,000	0,004
1954,000	0,005
1956,000	0,009
1958,000	0,006
1960,000	0,009
1962,000	0,006
1964,000	0,007
1966,000	0,010
1968,000	0,009
1970,000	0,002
1972,000	0,010
1974,000	0,005
1976,000	0,008
1978,000	0,008
1980,000	0,005
1982,000	0,007
1984,000	0,006
1986,000	0,007
1988,000	0,007
1990,000	0,004
1992,000	0,007
1994,000	0,009
1996,000	0,005
1998,000	0,006
2000,000	0,005
2002,000	0,006
2004,000	0,006
2006,000	0,002
2008,000	0,005
2010,000	0,001
2012,000	0,008
2014,000	0,006
2016,000	0,007
2018,000	0,005
2020,000	0,004
2022,000	0,003
2024,000	0,007
2026,000	0,007
2028,000	0,004
2030,000	0,007
2032,000	0,005
2034,000	0,006
2036,000	0,010
2038,000	0,005
2040,000	0,006
2042,000	0,003
2044,000	0,008
2046,000	0,008
2048,000	0,006
2050,000	0,008
2052,000	0,003
2054,000	0,009
2056,000	0,006
2058,000	0,006
2060,000	0,002
2062,000	0,007
2064,000	0,005
2066,000	0,002
2068,000	0,003
2070,000	0,003
2072,000	0,010
2074,000	0,008
2076,000	0,003
2078,000	0,002
2080,000	0,009
2082,000	0,009
2084,000	0,003
2086,000	0,011
2088,000	0,010
2090,000	0,005
2092,000	0,006
2094,000	0,001
2096,000	0,010
2098,000	0,009
2100,000	0,009
2102,000	0,008
2104,000	0,002
2106,000	0,006
2108,000	0,000
2110,000	0,003
2112,000	0,003
2114,000	0,008
2116,000	0,009
2118,000	0,004
2120,000	0,004
2122,000	0,003
2124,000	0,004
2126,000	0,002
2128,000	0,011
2130,000	0,008
2132,000	0,007
2134,000	0,010
2136,000	0,002
2138,000	0,003
2140,000	0,002
2142,000	0,003
2144,000	0,002
2146,000	0,003
2148,000	0,009
2150,000	0,006
2152,000	0,006
2154,000	0,010
2156,000	0,001
2158,000	0,011
2160,000	0,010
2162,000	0,002
2164,000	0,006
2166,000	0,004
2168,000	0,005
2170,000	0,003
2172,000	0,002
2174,000	0,001
2176,000	0,006
2178,000	0,005
2180,000	0,004
2182,000	0,008
2184,000	0,006
2186,000	0,004
2188,000	0,003
2190,000	0,005
2192,000	0,004
2194,000	0,004
2196,000	0,003
2198,000	0,005
2200,000	0,002
2202,000	0,004
2204,000	0,003
2206,000	0,009
2208,000	0,005
2210,000	0,006
2212,000	0,001
2214,000	0,008
2216,000	0,008
2218,000	0,002
2220,000	0,009
2222,000	0,009
2224,000	0,004
2226,000	0,005
2228,000	0,003
2230,000	0,006
2232,000	0,004
2234,000	0,004
2236,000	0,007
2238,000	0,005
2240,000	0,004
2242,000	0,004
2244,000	0,007
2246,000	0,001
2248,000	0,007
2250,000	0,004
2252,000	0,002
2254,000	0,003
2256,000	0,005
2258,000	0,006
2260,000	0,008
2262,000	0,001
2264,000	0,008
2266,000	0,005
2268,000	0,006
2270,000	0,006
2272,000	0,003
2274,000	0,007
2276,000	0,005
2278,000	0,002
2280,000	0,005
2282,000	0,006
2284,000	0,007
2286,000	0,004
2288,000	0,007
2290,000	0,006
2292,000	0,005
2294,000	0,002
2296,000	0,005
2298,000	0,003
2300,000	0,005
2302,000	0,004
2304,000	0,006
2306,000	0,007
2308,000	0,007
2310,000	0,001
2312,000	0,008
2314,000	0,004
2316,000	0,009
2318,000	0,009
2320,000	0,005
2322,000	0,005
2324,000	0,005
2326,000	0,005
2328,000	0,007
2330,000	0,008
2332,000	0,003
2334,000	0,002
2336,000	0,001
2338,000	0,002
2340,000	0,008
2342,000	0,008
2344,000	0,005
2346,000	0,003
2348,000	0,006
2350,000	0,005
2352,000	0,003
2354,000	0,005
2356,000	0,009
2358,000	0,006
2360,000	0,004
2362,000	0,006
2364,000	0,004
2366,000	0,005
2368,000	0,004
2370,000	0,007
2372,000	0,003
2374,000	0,002
2376,000	0,003
2378,000	0,004
2380,000	0,008
2382,000	0,009
2384,000	0,004
2386,000	0,001
2388,000	0,006
2390,000	0,006
2392,000	0,009
2394,000	0,009
2396,000	0,003
2398,000	0,003
2400,000	0,003
2402,000	0,005
2404,000	0,005
2406,000	0,004
2408,000	0,003
2410,000	0,003
2412,000	0,007
2414,000	0,009
2416,000	0,003
2418,000	0,007
2420,000	0,005
2422,000	0,007
2424,000	0,006
2426,000	0,003
2428,000	0,004
2430,000	0,007
2432,000	0,005
2434,000	0,001
2436,000	0,001
2438,000	0,002
2440,000	0,003
2442,000	0,002
2444,000	0,006
2446,000	0,006
2448,000	0,009
2450,000	0,007
2452,000	0,008
2454,000	0,004
2456,000	0,006
2458,000	0,002
2460,000	0,012
2462,000	0,013
2464,000	0,004
2466,000	0,004
2468,000	0,003
2470,000	0,003
2472,000	0,004
2474,000	0,006
2476,000	0,006
2478,000	0,003
2480,000	0,006
2482,000	0,007
2484,000	0,005
2486,000	0,008
2488,000	0,006
2490,000	0,006
2492,000	0,001
2494,000	0,006
2496,000	0,004
2498,000	0,002
2500,000	0,003
2502,000	0,003
2504,000	0,001
2506,000	0,004
2508,000	0,010
2510,000	0,010
2512,000	0,003
2514,000	0,003
2516,000	0,004
2518,000	0,007
2520,000	0,002
2522,000	0,006
2524,000	0,005
2526,000	0,006
2528,000	0,007
2530,000	0,003
2532,000	0,005
2534,000	0,005
2536,000	0,002
2538,000	0,004
2540,000	0,004
2542,000	0,006
2544,000	0,002
2546,000	0,003
2548,000	0,002
2550,000	0,007
2552,000	0,003
2554,000	0,003
2556,000	0,002
2558,000	0,004
2560,000	0,004
2562,000	0,004
2564,000	0,005
2566,000	0,002
2568,000	0,003
2570,000	0,001
2572,000	0,007
2574,000	0,004
2576,000	0,006
2578,000	0,005
2580,000	0,004
2582,000	0,009
2584,000	0,006
2586,000	0,008
2588,000	0,008
2590,000	0,005
2592,000	0,008
2594,000	0,006
2596,000	0,003
2598,000	0,001
2600,000	0,007
2602,000	0,007
2604,000	0,001
2606,000	0,004
2608,000	0,003
2610,000	0,004
2612,000	0,003
2614,000	0,003
2616,000	0,006
2618,000	0,003
2620,000	0,007
2622,000	0,008
2624,000	0,004
2626,000	0,003
2628,000	0,007
2630,000	0,007
2632,000	0,001
2634,000	0,006
2636,000	0,006
2638,000	0,003
2640,000	0,004
2642,000	0,004
2644,000	0,006
2646,000	0,006
2648,000	0,009
2650,000	0,003
2652,000	0,008
2654,000	0,005
2656,000	0,006
2658,000	0,007
2660,000	0,004
2662,000	0,004
2664,000	0,004
2666,000	0,002
2668,000	0,004
2670,000	0,004
2672,000	0,006
2674,000	0,007
2676,000	0,001
2678,000	0,003
2680,000	0,000
2682,000	0,004
2684,000	0,003
2686,000	0,003
2688,000	0,006
2690,000	0,003
2692,000	0,003
2694,000	0,002
2696,000	0,007
2698,000	0,006
2700,000	0,006
2702,000	0,007
2704,000	0,004
2706,000	0,009
2708,000	0,015
2710,000	0,008
2712,000	0,006
2714,000	0,008
2716,000	0,005
2718,000	0,003
2720,000	0,006
2722,000	0,007
2724,000	0,001
2726,000	0,003
2728,000	0,004
2730,000	0,007
2732,000	0,003
2734,000	0,005
2736,000	0,007
2738,000	0,005
2740,000	0,004
2742,000	0,004
2744,000	0,002
2746,000	0,004
2748,000	0,005
2750,000	0,005
2752,000	0,003
2754,000	0,001
2756,000	0,007
2758,000	0,010
2760,000	0,002
2762,000	0,005
2764,000	0,003
2766,000	0,003
2768,000	0,004
2770,000	0,006
2772,000	0,003
2774,000	0,003
2776,000	0,006
2778,000	0,004
2780,000	0,005
2782,000	0,006
2784,000	0,001
2786,000	0,003
2788,000	0,005
2790,000	0,004
2792,000	0,003
2794,000	0,001
2796,000	0,003
2798,000	0,002
2800,000	0,006
2802,000	0,006
2804,000	0,001
2806,000	0,005
2808,000	0,004
2810,000	0,002
2812,000	0,003
2814,000	0,005
2816,000	0,005
2818,000	0,007
2820,000	0,006
2822,000	0,009
2824,000	0,007
2826,000	0,002
2828,000	0,004
2830,000	0,007
2832,000	0,006
2834,000	0,003
2836,000	0,005
2838,000	0,004
2840,000	0,001
2842,000	0,001
2844,000	0,004
2846,000	0,006
2848,000	0,004
2850,000	0,005
2852,000	0,004
2854,000	0,002
2856,000	0,001
2858,000	0,004
2860,000	0,010
2862,000	0,007
2864,000	0,003
2866,000	0,001
2868,000	0,005
2870,000	0,004
2872,000	0,004
2874,000	0,004
2876,000	0,006
2878,000	0,006
2880,000	0,001
2882,000	0,003
2884,000	0,006
2886,000	0,003
2888,000	0,006
2890,000	0,006
2892,000	0,005
2894,000	0,007
2896,000	0,001
2898,000	0,007
2900,000	0,005
2902,000	0,003
2904,000	0,007
2906,000	0,004
2908,000	0,004
2910,000	0,006
2912,000	0,001
2914,000	0,002
2916,000	0,001
2918,000	0,000
2920,000	0,004
2922,000	0,003
2924,000	0,005
2926,000	0,006
2928,000	0,004
2930,000	0,007
2932,000	0,008
2934,000	0,007
2936,000	0,004
2938,000	0,005
2940,000	0,001
2942,000	0,002
2944,000	0,006
2946,000	0,007
2948,000	0,001
2950,000	0,005
2952,000	0,002
2954,000	0,007
2956,000	0,011
2958,000	0,010
2960,000	0,001
2962,000	0,006
2964,000	0,002
2966,000	0,008
2968,000	0,005
2970,000	0,004
2972,000	0,004
2974,000	0,003
2976,000	0,004
2978,000	0,001
2980,000	0,004
2982,000	0,004
2984,000	0,004
2986,000	0,002
2988,000	0,004
2990,000	0,005
2992,000	0,003
2994,000	0,005
2996,000	0,004
2998,000	0,001
3000,000	0,004
3002,000	0,002
3004,000	0,004
3006,000	0,005
3008,000	0,007
3010,000	0,008
3012,000	0,002
3014,000	0,006
3016,000	0,006
3018,000	0,005
3020,000	0,001
3022,000	0,005
3024,000	0,003
3026,000	0,003
3028,000	0,001
3030,000	0,002
3032,000	0,002
3034,000	0,003
3036,000	0,001
3038,000	0,003
3040,000	0,004
3042,000	0,006
3044,000	0,004
3046,000	0,001
3048,000	0,001
3050,000	0,003
3052,000	0,002
3054,000	0,001
3056,000	0,002
3058,000	0,004
3060,000	0,004
3062,000	0,004
3064,000	0,003
3066,000	0,002
3068,000	0,002
3070,000	0,002
3072,000	0,007
3074,000	0,003
3076,000	0,003
3078,000	0,003
3080,000	0,004
3082,000	0,004
3084,000	0,004
3086,000	0,005
3088,000	0,002
3090,000	0,003
3092,000	0,003
3094,000	0,003
3096,000	0,002
3098,000	0,002
3100,000	0,006
3102,000	0,008
3104,000	0,003
3106,000	0,001
3108,000	0,003
3110,000	0,006
3112,000	0,003
3114,000	0,001
3116,000	0,002
3118,000	0,002
3120,000	0,004
3122,000	0,005
3124,000	0,002
3126,000	0,003
3128,000	0,003
3130,000	0,007
3132,000	0,004
3134,000	0,002
3136,000	0,002
3138,000	0,006
3140,000	0,007
3142,000	0,002
3144,000	0,003
3146,000	0,004
3148,000	0,003
3150,000	0,002
3152,000	0,007
3154,000	0,008
3156,000	0,004
3158,000	0,005
3160,000	0,004
3162,000	0,003
3164,000	0,002
3166,000	0,002
3168,000	0,005
3170,000	0,004
3172,000	0,000
3174,000	0,002
3176,000	0,007
3178,000	0,005
3180,000	0,004
3182,000	0,007
3184,000	0,006
3186,000	0,004
3188,000	0,004
3190,000	0,005
3192,000	0,001
3194,000	0,006
3196,000	0,005
3198,000	0,003
3200,000	0,002
3202,000	0,006
3204,000	0,003
3206,000	0,007
3208,000	0,005
3210,000	0,002
3212,000	0,006
3214,000	0,003
3216,000	0,003
3218,000	0,004
3220,000	0,001
3222,000	0,004
3224,000	0,004
3226,000	0,002
3228,000	0,005
3230,000	0,007
3232,000	0,001
3234,000	0,004
3236,000	0,003
3238,000	0,002
3240,000	0,002
3242,000	0,003
3244,000	0,004
3246,000	0,002
3248,000	0,004
3250,000	0,003
3252,000	0,004
3254,000	0,006
3256,000	0,006
3258,000	0,005
3260,000	0,003
3262,000	0,006
3264,000	0,006
3266,000	0,002
3268,000	0,005
3270,000	0,005
3272,000	0,002
3274,000	0,005
3276,000	0,006
3278,000	0,006
3280,000	0,002
3282,000	0,002
3284,000	0,002
3286,000	0,003
3288,000	0,004
3290,000	0,003
3292,000	0,004
3294,000	0,005
3296,000	0,004
3298,000	0,006
3300,000	0,004
3302,000	0,001
3304,000	0,004
3306,000	0,004
3308,000	0,004
3310,000	0,007
3312,000	0,002
3314,000	0,004
3316,000	0,007
3318,000	0,007
3320,000	0,004
3322,000	0,001
3324,000	0,004
3326,000	0,002
3328,000	0,005
3330,000	0,006
3332,000	0,002
3334,000	0,006
3336,000	0,002
3338,000	0,003
3340,000	0,004
3342,000	0,005
3344,000	0,003
3346,000	0,003
3348,000	0,003
3350,000	0,004
3352,000	0,002
3354,000	0,003
3356,000	0,006
3358,000	0,005
3360,000	0,002
3362,000	0,000
3364,000	0,001
3366,000	0,002
3368,000	0,005
3370,000	0,004
3372,000	0,005
3374,000	0,005
3376,000	0,008
3378,000	0,007
3380,000	0,002
3382,000	0,007
3384,000	0,002
3386,000	0,008
3388,000	0,007
3390,000	0,005
3392,000	0,004
3394,000	0,002
3396,000	0,004
3398,000	0,006
3400,000	0,003
3402,000	0,003
3404,000	0,002
3406,000	0,001
3408,000	0,003
3410,000	0,002
3412,000	0,002
3414,000	0,002
3416,000	0,002
3418,000	0,003
3420,000	0,001
3422,000	0,003
3424,000	0,004
3426,000	0,002
3428,000	0,002
3430,000	0,004
3432,000	0,003
3434,000	0,003
3436,000	0,006
3438,000	0,004
3440,000	0,003
3442,000	0,002
3444,000	0,006
3446,000	0,009
3448,000	0,009
3450,000	0,004
3452,000	0,005
3454,000	0,004
3456,000	0,003
3458,000	0,002
3460,000	0,004
3462,000	0,006
3464,000	0,001
3466,000	0,003
3468,000	0,000
3470,000	0,003
3472,000	0,002
3474,000	0,002
3476,000	0,003
3478,000	0,004
3480,000	0,002
3482,000	0,002
3484,000	0,003
3486,000	0,002
3488,000	0,003
3490,000	0,003
3492,000	0,004
3494,000	0,003
3496,000	0,001
3498,000	0,004
3500,000	0,006
3502,000	0,003
3504,000	0,006
3506,000	0,009
3508,000	0,004
3510,000	0,003
3512,000	0,005
3514,000	0,005
3516,000	0,003
3518,000	0,006
3520,000	0,003
3522,000	0,003
3524,000	0,001
3526,000	0,004
3528,000	0,005
3530,000	0,005
3532,000	0,004
3534,000	0,004
3536,000	0,005
3538,000	0,006
3540,000	0,003
3542,000	0,002
3544,000	0,004
3546,000	0,004
3548,000	0,002
3550,000	0,003
3552,000	0,003
3554,000	0,002
3556,000	0,006
3558,000	0,002
3560,000	0,005
3562,000	0,004
3564,000	0,003
3566,000	0,005
3568,000	0,002
3570,000	0,005
3572,000	0,003
3574,000	0,006
3576,000	0,005
3578,000	0,002
3580,000	0,004
3582,000	0,006
3584,000	0,001
3586,000	0,004
3588,000	0,004
3590,000	0,001
3592,000	0,001
3594,000	0,002
3596,000	0,003
3598,000	0,002
3600,000	0,001
3602,000	0,003
3604,000	0,005
3606,000	0,002
3608,000	0,004
3610,000	0,005
3612,000	0,004
3614,000	0,004
3616,000	0,003
3618,000	0,006
3620,000	0,001
3622,000	0,005
3624,000	0,003
3626,000	0,003
3628,000	0,005
3630,000	0,002
3632,000	0,004
3634,000	0,002
3636,000	0,004
3638,000	0,003
3640,000	0,002
3642,000	0,002
3644,000	0,003
3646,000	0,004
3648,000	0,002
3650,000	0,003
3652,000	0,004
3654,000	0,006
3656,000	0,001
3658,000	0,002
3660,000	0,003
3662,000	0,004
3664,000	0,002
3666,000	0,006
3668,000	0,002
3670,000	0,002
3672,000	0,002
3674,000	0,002
3676,000	0,002
3678,000	0,001
3680,000	0,003
3682,000	0,004
3684,000	0,003
3686,000	0,004
3688,000	0,002
3690,000	0,002
3692,000	0,003
3694,000	0,005
3696,000	0,001
3698,000	0,001
3700,000	0,004
3702,000	0,007
3704,000	0,002
3706,000	0,003
3708,000	0,001
3710,000	0,002
3712,000	0,000
3714,000	0,002
3716,000	0,000
3718,000	0,001
3720,000	0,003
3722,000	0,003
3724,000	0,003
3726,000	0,005
3728,000	0,000
3730,000	0,003
3732,000	0,004
3734,000	0,007
3736,000	0,003
3738,000	0,003
3740,000	0,004
3742,000	0,003
3744,000	0,004
3746,000	0,009
3748,000	0,006
3750,000	0,004
3752,000	0,006
3754,000	0,006
3756,000	0,003
3758,000	0,002
3760,000	0,002
3762,000	0,005
3764,000	0,004
3766,000	0,006
3768,000	0,006
3770,000	0,006
3772,000	0,006
3774,000	0,005
3776,000	0,004
3778,000	0,003
3780,000	0,003
3782,000	0,004
3784,000	0,004
3786,000	0,002
3788,000	0,001
3790,000	0,004
3792,000	0,007
3794,000	0,004
3796,000	0,007
3798,000	0,009
3800,000	0,004
3802,000	0,003
3804,000	0,002
3806,000	0,005
3808,000	0,004
3810,000	0,001
3812,000	0,001
3814,000	0,001
3816,000	0,002
3818,000	0,004
3820,000	0,002
3822,000	0,003
3824,000	0,004
3826,000	0,002
3828,000	0,002
3830,000	0,003
3832,000	0,002
3834,000	0,002
3836,000	0,002
3838,000	0,001
3840,000	0,001
3842,000	0,004
3844,000	0,005
3846,000	0,001
3848,000	0,006
3850,000	0,003
3852,000	0,004
3854,000	0,004
3856,000	0,005
3858,000	0,004
3860,000	0,005
3862,000	0,005
3864,000	0,001
3866,000	0,002
3868,000	0,005
3870,000	0,007
3872,000	0,003
3874,000	0,005
3876,000	0,001
3878,000	0,005
3880,000	0,005
3882,000	0,005
3884,000	0,003
3886,000	0,005
3888,000	0,001
3890,000	0,004
3892,000	0,002
3894,000	0,001
3896,000	0,003
3898,000	0,004
3900,000	0,002
3902,000	0,006
3904,000	0,007
3906,000	0,005
3908,000	0,002
3910,000	0,001
3912,000	0,002
3914,000	0,005
3916,000	0,004
3918,000	0,002
3920,000	0,003
3922,000	0,004
3924,000	0,005
3926,000	0,005
3928,000	0,001
3930,000	0,005
3932,000	0,003
3934,000	0,004
3936,000	0,001
3938,000	0,004
3940,000	0,003
3942,000	0,001
3944,000	0,001
3946,000	0,001
3948,000	0,001
3950,000	0,004
3952,000	0,003
3954,000	0,001
3956,000	0,002
3958,000	0,003
3960,000	0,002
3962,000	0,001
3964,000	0,004
3966,000	0,006
3968,000	0,004
3970,000	0,001
3972,000	0,003
3974,000	0,004
3976,000	0,003
3978,000	0,003
3980,000	0,002
3982,000	0,002
3984,000	0,001
3986,000	0,002
3988,000	0,004
3990,000	0,004
3992,000	0,003
3994,000	0,004
3996,000	0,002
3998,000	0,001
4000,000	0,000
4002,000	0,001
4004,000	0,003
4006,000	0,006
4008,000	0,003
4010,000	0,001
4012,000	0,000
4014,000	0,002
4016,000	0,003
4018,000	0,005
4020,000	0,004
4022,000	0,006
4024,000	0,006
4026,000	0,001
4028,000	0,004
4030,000	0,004
4032,000	0,004
4034,000	0,002
4036,000	0,004
4038,000	0,005
4040,000	0,004
4042,000	0,003
4044,000	0,002
4046,000	0,006
4048,000	0,006
4050,000	0,003
4052,000	0,001
4054,000	0,002
4056,000	0,005
4058,000	0,003
4060,000	0,005
4062,000	0,008
4064,000	0,004
4066,000	0,004
4068,000	0,004
4070,000	0,003
4072,000	0,004
4074,000	0,006
4076,000	0,004
4078,000	0,002
4080,000	0,001
4082,000	0,002
4084,000	0,003
4086,000	0,004
4088,000	0,001
4090,000	0,002
4092,000	0,002
4094,000	0,003
4096,000	0,002
4098,000	0,003
4100,000	0,003
4102,000	0,004
4104,000	0,004
4106,000	0,002
4108,000	0,004
4110,000	0,004
4112,000	0,004
4114,000	0,004
4116,000	0,003
4118,000	0,008
4120,000	0,005
4122,000	0,001
4124,000	0,002
4126,000	0,006
4128,000	0,004
4130,000	0,002
4132,000	0,005
4134,000	0,005
4136,000	0,004
4138,000	0,002
4140,000	0,003
4142,000	0,004
4144,000	0,003
4146,000	0,004
4148,000	0,003
4150,000	0,001
4152,000	0,002
4154,000	0,001
4156,000	0,002
4158,000	0,002
4160,000	0,000
4162,000	0,002
4164,000	0,004
4166,000	0,004
4168,000	0,003
4170,000	0,003
4172,000	0,000
4174,000	0,002
4176,000	0,001
4178,000	0,006
4180,000	0,005
4182,000	0,003
4184,000	0,004
4186,000	0,005
4188,000	0,004
4190,000	0,003
4192,000	0,004
4194,000	0,004
4196,000	0,002
4198,000	0,002
4200,000	0,002
4202,000	0,003
4204,000	0,004
4206,000	0,003
4208,000	0,001
4210,000	0,002
4212,000	0,004
4214,000	0,005
4216,000	0,003
4218,000	0,001
4220,000	0,005
4222,000	0,006
4224,000	0,004
4226,000	0,002
4228,000	0,005
4230,000	0,005
4232,000	0,007
4234,000	0,005
4236,000	0,006
4238,000	0,007
4240,000	0,001
4242,000	0,003
4244,000	0,001
4246,000	0,004
4248,000	0,003
4250,000	0,002
4252,000	0,002
4254,000	0,005
4256,000	0,002
4258,000	0,003
4260,000	0,004
4262,000	0,004
4264,000	0,000
4266,000	0,003
4268,000	0,002
4270,000	0,002
4272,000	0,004
4274,000	0,003
4276,000	0,002
4278,000	0,003
4280,000	0,002
4282,000	0,004
4284,000	0,001
4286,000	0,002
4288,000	0,005
4290,000	0,008
4292,000	0,003
4294,000	0,002
4296,000	0,002
4298,000	0,006
4300,000	0,003
4302,000	0,005
4304,000	0,006
4306,000	0,004
4308,000	0,003
4310,000	0,003
4312,000	0,002
4314,000	0,002
4316,000	0,001
4318,000	0,002
4320,000	0,001
4322,000	0,003
4324,000	0,003
4326,000	0,007
4328,000	0,004
4330,000	0,002
4332,000	0,001
4334,000	0,005
4336,000	0,005
4338,000	0,003
4340,000	0,004
4342,000	0,003
4344,000	0,002
4346,000	0,003
4348,000	0,004
4350,000	0,003
4352,000	0,002
4354,000	0,004
4356,000	0,002
4358,000	0,004
4360,000	0,004
4362,000	0,000
4364,000	0,004
4366,000	0,005
4368,000	0,005
4370,000	0,004
4372,000	0,003
4374,000	0,005
4376,000	0,002
4378,000	0,001
4380,000	0,002
4382,000	0,004
4384,000	0,003
4386,000	0,001
4388,000	0,001
4390,000	0,001
4392,000	0,002
4394,000	0,004
4396,000	0,004
4398,000	0,001
4400,000	0,004
4402,000	0,006
4404,000	0,002
4406,000	0,004
4408,000	0,006
4410,000	0,002
4412,000	0,003
4414,000	0,003
4416,000	0,002
4418,000	0,003
4420,000	0,003
4422,000	0,003
4424,000	0,004
4426,000	0,007
4428,000	0,004
4430,000	0,003
4432,000	0,004
4434,000	0,003
4436,000	0,001
4438,000	0,002
4440,000	0,003
4442,000	0,001
4444,000	0,007
4446,000	0,009
4448,000	0,005
4450,000	0,003
4452,000	0,003
4454,000	0,002
4456,000	0,003
4458,000	0,007
4460,000	0,004
4462,000	0,001
4464,000	0,002
4466,000	0,003
4468,000	0,001
4470,000	0,001
4472,000	0,003
4474,000	0,006
4476,000	0,003
4478,000	0,004
4480,000	0,004
4482,000	0,005
4484,000	0,006
4486,000	0,004
4488,000	0,001
4490,000	0,002
4492,000	0,003
4494,000	0,006
4496,000	0,004
4498,000	0,001
4500,000	0,001
4502,000	0,002
4504,000	0,002
4506,000	0,005
4508,000	0,004
4510,000	0,001
4512,000	0,001
4514,000	0,004
4516,000	0,007
4518,000	0,006
4520,000	0,005
4522,000	0,005
4524,000	0,005
4526,000	0,006
4528,000	0,005
4530,000	0,004
4532,000	0,001
4534,000	0,004
4536,000	0,003
4538,000	0,004
4540,000	0,004
4542,000	0,001
4544,000	0,004
4546,000	0,003
4548,000	0,004
4550,000	0,004
4552,000	0,003
4554,000	0,005
4556,000	0,002
4558,000	0,002
4560,000	0,004
4562,000	0,006
4564,000	0,002
4566,000	0,005
4568,000	0,004
4570,000	0,002
4572,000	0,004
4574,000	0,001
4576,000	0,003
4578,000	0,003
4580,000	0,003
4582,000	0,004
4584,000	0,002
4586,000	0,002
4588,000	0,004
4590,000	0,007
4592,000	0,005
4594,000	0,006
4596,000	0,006
4598,000	0,002
4600,000	0,004
4602,000	0,004
4604,000	0,009
4606,000	0,006
4608,000	0,002
4610,000	0,004
4612,000	0,001
4614,000	0,001
4616,000	0,003
4618,000	0,003
4620,000	0,003
4622,000	0,007
4624,000	0,005
4626,000	0,001
4628,000	0,002
4630,000	0,005
4632,000	0,005
4634,000	0,002
4636,000	0,003
4638,000	0,003
4640,000	0,003
4642,000	0,002
4644,000	0,003
4646,000	0,002
4648,000	0,003
4650,000	0,006
4652,000	0,004
4654,000	0,003
4656,000	0,006
4658,000	0,004
4660,000	0,003
4662,000	0,003
4664,000	0,003
4666,000	0,006
4668,000	0,004
4670,000	0,004
4672,000	0,004
4674,000	0,007
4676,000	0,006
4678,000	0,001
4680,000	0,002
4682,000	0,004
4684,000	0,002
4686,000	0,000
4688,000	0,002
4690,000	0,002
4692,000	0,002
4694,000	0,002
4696,000	0,003
4698,000	0,004
4700,000	0,002
4702,000	0,002
4704,000	0,004
4706,000	0,005
4708,000	0,006
4710,000	0,002
4712,000	0,003
4714,000	0,001
4716,000	0,006
4718,000	0,005
4720,000	0,003
4722,000	0,002
4724,000	0,005
4726,000	0,007
4728,000	0,005
4730,000	0,004
4732,000	0,004
4734,000	0,005
4736,000	0,000
4738,000	0,004
4740,000	0,001
4742,000	0,006
4744,000	0,004
4746,000	0,001
4748,000	0,004
4750,000	0,005
4752,000	0,004
4754,000	0,004
4756,000	0,002
4758,000	0,002
4760,000	0,003
4762,000	0,004
4764,000	0,002
4766,000	0,000
4768,000	0,004
4770,000	0,006
4772,000	0,004
4774,000	0,002
4776,000	0,004
4778,000	0,007
4780,000	0,003
4782,000	0,005
4784,000	0,005
4786,000	0,003
4788,000	0,003
4790,000	0,002
4792,000	0,006
4794,000	0,006
4796,000	0,005
4798,000	0,004
4800,000	0,002
4802,000	0,002
4804,000	0,001
4806,000	0,001
4808,000	0,003
4810,000	0,003
4812,000	0,001
4814,000	0,004
4816,000	0,005
4818,000	0,004
4820,000	0,005
4822,000	0,004
4824,000	0,001
4826,000	0,000
4828,000	0,003
4830,000	0,003
4832,000	0,004
4834,000	0,005
4836,000	0,002
4838,000	0,006
4840,000	0,002
4842,000	0,005
4844,000	0,002
4846,000	0,003
4848,000	0,001
4850,000	0,005
4852,000	0,002
4854,000	0,003
4856,000	0,002
4858,000	0,008
4860,000	0,008
4862,000	0,002
4864,000	0,004
4866,000	0,001
4868,000	0,003
4870,000	0,003
4872,000	0,003
4874,000	0,002
4876,000	0,004
4878,000	0,009
4880,000	0,008
4882,000	0,004
4884,000	0,006
4886,000	0,000
4888,000	0,008
4890,000	0,007
4892,000	0,007
4894,000	0,006
4896,000	0,002
4898,000	0,006
4900,000	0,004
4902,000	0,008
4904,000	0,004
4906,000	0,006
4908,000	0,005
4910,000	0,003
4912,000	0,005
4914,000	0,001
4916,000	0,003
4918,000	0,003
4920,000	0,011
4922,000	0,010
4924,000	0,003
4926,000	0,003
4928,000	0,006
4930,000	0,004
4932,000	0,002
4934,000	0,006
4936,000	0,004
4938,000	0,001
4940,000	0,002
4942,000	0,004
4944,000	0,006
4946,000	0,005
4948,000	0,001
4950,000	0,004
4952,000	0,003
4954,000	0,003
4956,000	0,003
4958,000	0,002
4960,000	0,002
4962,000	0,005
4964,000	0,006
4966,000	0,003
4968,000	0,006
4970,000	0,006
4972,000	0,001
4974,000	0,002
4976,000	0,001
4978,000	0,003
4980,000	0,001
4982,000	0,003
4984,000	0,002
4986,000	0,002
4988,000	0,002
4990,000	0,001
4992,000	0,004
4994,000	0,007
4996,000	0,004
4998,000	0,001
5000,000	0,003
