2496
10,000	0,004
12,000	0,208
14,000	0,008
16,000	0,146
18,000	0,009
20,000	0,117
22,000	0,007
24,000	0,099
26,000	0,018
28,000	0,069
30,000	0,003
32,000	0,077
34,000	0,012
36,000	0,065
38,000	0,017
40,000	0,055
42,000	0,010
44,000	0,056
46,000	0,016
48,000	0,041
50,000	0,005
52,000	0,052
54,000	0,022
56,000	0,036
58,000	0,020
60,000	0,026
62,000	0,013
64,000	0,027
66,000	0,015
68,000	0,020
70,000	0,004
72,000	0,028
74,000	0,010
76,000	0,024
78,000	0,008
80,000	0,025
82,000	0,008
84,000	0,026
86,000	0,014
88,000	0,020
90,000	0,015
92,000	0,012
94,000	0,006
96,000	0,018
98,000	0,013
100,000	0,026
102,000	0,013
104,000	0,017
106,000	0,013
108,000	0,013
110,000	0,013
112,000	0,012
114,000	0,011
116,000	0,004
118,000	0,002
120,000	0,015
122,000	0,006
124,000	0,010
126,000	0,000
128,000	0,012
130,000	0,007
132,000	0,027
134,000	0,012
136,000	0,024
138,000	0,023
140,000	0,025
142,000	0,017
144,000	0,027
146,000	0,019
148,000	0,015
150,000	0,016
152,000	0,013
154,000	0,019
156,000	0,013
158,000	0,008
160,000	0,011
162,000	0,007
164,000	0,018
166,000	0,014
168,000	0,017
170,000	0,019
172,000	0,010
174,000	0,013
176,000	0,016
178,000	0,022
180,000	0,005
182,000	0,014
184,000	0,019
186,000	0,014
188,000	0,011
190,000	0,015
192,000	0,015
194,000	0,010
196,000	0,017
198,000	0,020
200,000	0,020
202,000	0,023
204,000	0,007
206,000	0,017
208,000	0,008
210,000	0,021
212,000	0,002
214,000	0,014
216,000	0,006
218,000	0,013
220,000	0,009
222,000	0,014
224,000	0,005
226,000	0,009
228,000	0,011
230,000	0,014
232,000	0,014
234,000	0,027
236,000	0,028
238,000	0,031
240,000	0,019
242,000	0,035
244,000	0,025
246,000	0,020
248,000	0,024
250,000	0,023
252,000	0,030
254,000	0,023
256,000	0,026
258,000	0,025
260,000	0,025
262,000	0,030
264,000	0,021
266,000	0,027
268,000	0,024
270,000	0,032
272,000	0,038
274,000	0,041
276,000	0,035
278,000	0,041
280,000	0,040
282,000	0,041
284,000	0,046
286,000	0,064
288,000	0,050
290,000	0,073
292,000	0,085
294,000	0,108
296,000	0,114
298,000	0,133
300,000	0,164
302,000	0,195
304,000	0,221
306,000	0,252
308,000	0,246
310,000	0,250
312,000	0,251
314,000	0,294
316,000	0,285
318,000	0,180
320,000	0,134
322,000	0,107
324,000	0,085
326,000	0,083
328,000	0,070
330,000	0,063
332,000	0,047
334,000	0,048
336,000	0,047
338,000	0,036
340,000	0,037
342,000	0,034
344,000	0,037
346,000	0,021
348,000	0,038
350,000	0,025
352,000	0,018
354,000	0,014
356,000	0,013
358,000	0,016
360,000	0,012
362,000	0,006
364,000	0,014
366,000	0,012
368,000	0,017
370,000	0,020
372,000	0,019
374,000	0,018
376,000	0,024
378,000	0,024
380,000	0,034
382,000	0,036
384,000	0,042
386,000	0,050
388,000	0,059
390,000	0,069
392,000	0,092
394,000	0,111
396,000	0,116
398,000	0,169
400,000	0,201
402,000	0,229
404,000	0,235
406,000	0,257
408,000	0,264
410,000	0,278
412,000	0,318
414,000	0,272
416,000	0,186
418,000	0,154
420,000	0,124
422,000	0,113
424,000	0,104
426,000	0,096
428,000	0,086
430,000	0,069
432,000	0,077
434,000	0,072
436,000	0,062
438,000	0,061
440,000	0,065
442,000	0,059
444,000	0,057
446,000	0,055
448,000	0,054
450,000	0,043
452,000	0,047
454,000	0,041
456,000	0,042
458,000	0,041
460,000	0,047
462,000	0,032
464,000	0,041
466,000	0,037
468,000	0,042
470,000	0,031
472,000	0,039
474,000	0,024
476,000	0,030
478,000	0,024
480,000	0,015
482,000	0,009
484,000	0,018
486,000	0,025
488,000	0,013
490,000	0,023
492,000	0,035
494,000	0,026
496,000	0,031
498,000	0,021
500,000	0,023
502,000	0,018
504,000	0,033
506,000	0,022
508,000	0,026
510,000	0,024
512,000	0,018
514,000	0,009
516,000	0,019
518,000	0,023
520,000	0,023
522,000	0,017
524,000	0,021
526,000	0,015
528,000	0,019
530,000	0,011
532,000	0,021
534,000	0,017
536,000	0,014
538,000	0,010
540,000	0,024
542,000	0,015
544,000	0,017
546,000	0,019
548,000	0,018
550,000	0,014
552,000	0,019
554,000	0,019
556,000	0,016
558,000	0,017
560,000	0,017
562,000	0,012
564,000	0,014
566,000	0,015
568,000	0,023
570,000	0,011
572,000	0,008
574,000	0,008
576,000	0,014
578,000	0,018
580,000	0,018
582,000	0,008
584,000	0,014
586,000	0,015
588,000	0,015
590,000	0,016
592,000	0,015
594,000	0,013
596,000	0,023
598,000	0,003
600,000	0,017
602,000	0,006
604,000	0,016
606,000	0,009
608,000	0,022
610,000	0,012
612,000	0,008
614,000	0,010
616,000	0,019
618,000	0,011
620,000	0,008
622,000	0,008
624,000	0,006
626,000	0,008
628,000	0,014
630,000	0,009
632,000	0,009
634,000	0,008
636,000	0,013
638,000	0,008
640,000	0,011
642,000	0,014
644,000	0,013
646,000	0,004
648,000	0,015
650,000	0,006
652,000	0,012
654,000	0,014
656,000	0,018
658,000	0,006
660,000	0,011
662,000	0,004
664,000	0,012
666,000	0,008
668,000	0,010
670,000	0,013
672,000	0,004
674,000	0,010
676,000	0,014
678,000	0,006
680,000	0,009
682,000	0,004
684,000	0,008
686,000	0,009
688,000	0,006
690,000	0,009
692,000	0,012
694,000	0,005
696,000	0,012
698,000	0,012
700,000	0,009
702,000	0,015
704,000	0,012
706,000	0,007
708,000	0,006
710,000	0,012
712,000	0,021
714,000	0,009
716,000	0,007
718,000	0,007
720,000	0,013
722,000	0,007
724,000	0,018
726,000	0,012
728,000	0,011
730,000	0,011
732,000	0,004
734,000	0,012
736,000	0,011
738,000	0,010
740,000	0,008
742,000	0,009
744,000	0,003
746,000	0,008
748,000	0,005
750,000	0,009
752,000	0,009
754,000	0,005
756,000	0,012
758,000	0,006
760,000	0,011
762,000	0,010
764,000	0,010
766,000	0,006
768,000	0,011
770,000	0,005
772,000	0,017
774,000	0,009
776,000	0,009
778,000	0,007
780,000	0,008
782,000	0,013
784,000	0,015
786,000	0,005
788,000	0,012
790,000	0,014
792,000	0,002
794,000	0,005
796,000	0,006
798,000	0,009
800,000	0,002
802,000	0,007
804,000	0,002
806,000	0,011
808,000	0,008
810,000	0,009
812,000	0,011
814,000	0,007
816,000	0,007
818,000	0,007
820,000	0,014
822,000	0,003
824,000	0,009
826,000	0,004
828,000	0,004
830,000	0,005
832,000	0,012
834,000	0,005
836,000	0,005
838,000	0,003
840,000	0,004
842,000	0,001
844,000	0,006
846,000	0,006
848,000	0,010
850,000	0,003
852,000	0,004
854,000	0,002
856,000	0,012
858,000	0,007
860,000	0,006
862,000	0,007
864,000	0,006
866,000	0,005
868,000	0,005
870,000	0,010
872,000	0,007
874,000	0,012
876,000	0,012
878,000	0,005
880,000	0,017
882,000	0,011
884,000	0,003
886,000	0,005
888,000	0,000
890,000	0,004
892,000	0,008
894,000	0,005
896,000	0,002
898,000	0,009
900,000	0,012
902,000	0,006
904,000	0,005
906,000	0,013
908,000	0,017
910,000	0,007
912,000	0,008
914,000	0,005
916,000	0,009
918,000	0,008
920,000	0,008
922,000	0,003
924,000	0,006
926,000	0,007
928,000	0,011
930,000	0,006
932,000	0,005
934,000	0,005
936,000	0,004
938,000	0,004
940,000	0,007
942,000	0,003
944,000	0,011
946,000	0,010
948,000	0,004
950,000	0,012
952,000	0,008
954,000	0,005
956,000	0,003
958,000	0,006
960,000	0,010
962,000	0,015
964,000	0,011
966,000	0,003
968,000	0,011
970,000	0,011
972,000	0,002
974,000	0,006
976,000	0,008
978,000	0,010
980,000	0,006
982,000	0,013
984,000	0,013
986,000	0,005
988,000	0,014
990,000	0,006
992,000	0,006
994,000	0,006
996,000	0,009
998,000	0,002
1000,000	0,013
1002,000	0,008
1004,000	0,010
1006,000	0,008
1008,000	0,003
1010,000	0,004
1012,000	0,008
1014,000	0,010
1016,000	0,007
1018,000	0,004
1020,000	0,004
1022,000	0,003
1024,000	0,011
1026,000	0,007
1028,000	0,004
1030,000	0,005
1032,000	0,007
1034,000	0,004
1036,000	0,008
1038,000	0,010
1040,000	0,002
1042,000	0,003
1044,000	0,004
1046,000	0,003
1048,000	0,008
1050,000	0,015
1052,000	0,014
1054,000	0,004
1056,000	0,004
1058,000	0,005
1060,000	0,013
1062,000	0,010
1064,000	0,008
1066,000	0,002
1068,000	0,008
1070,000	0,004
1072,000	0,009
1074,000	0,012
1076,000	0,010
1078,000	0,013
1080,000	0,005
1082,000	0,004
1084,000	0,005
1086,000	0,005
1088,000	0,013
1090,000	0,014
1092,000	0,009
1094,000	0,007
1096,000	0,002
1098,000	0,003
1100,000	0,011
1102,000	0,013
1104,000	0,003
1106,000	0,004
1108,000	0,003
1110,000	0,008
1112,000	0,007
1114,000	0,006
1116,000	0,004
1118,000	0,005
1120,000	0,001
1122,000	0,008
1124,000	0,009
1126,000	0,005
1128,000	0,003
1130,000	0,006
1132,000	0,005
1134,000	0,002
1136,000	0,005
1138,000	0,010
1140,000	0,004
1142,000	0,012
1144,000	0,013
1146,000	0,007
1148,000	0,005
1150,000	0,009
1152,000	0,010
1154,000	0,003
1156,000	0,002
1158,000	0,006
1160,000	0,008
1162,000	0,002
1164,000	0,007
1166,000	0,006
1168,000	0,007
1170,000	0,004
1172,000	0,006
1174,000	0,002
1176,000	0,006
1178,000	0,003
1180,000	0,002
1182,000	0,005
1184,000	0,012
1186,000	0,008
1188,000	0,001
1190,000	0,005
1192,000	0,006
1194,000	0,006
1196,000	0,015
1198,000	0,011
1200,000	0,003
1202,000	0,006
1204,000	0,004
1206,000	0,005
1208,000	0,009
1210,000	0,003
1212,000	0,007
1214,000	0,004
1216,000	0,003
1218,000	0,003
1220,000	0,002
1222,000	0,004
1224,000	0,002
1226,000	0,006
1228,000	0,010
1230,000	0,006
1232,000	0,006
1234,000	0,004
1236,000	0,006
1238,000	0,003
1240,000	0,009
1242,000	0,006
1244,000	0,004
1246,000	0,003
1248,000	0,004
1250,000	0,005
1252,000	0,009
1254,000	0,003
1256,000	0,009
1258,000	0,005
1260,000	0,009
1262,000	0,011
1264,000	0,008
1266,000	0,011
1268,000	0,005
1270,000	0,006
1272,000	0,010
1274,000	0,004
1276,000	0,007
1278,000	0,009
1280,000	0,008
1282,000	0,007
1284,000	0,002
1286,000	0,006
1288,000	0,002
1290,000	0,008
1292,000	0,003
1294,000	0,002
1296,000	0,002
1298,000	0,010
1300,000	0,007
1302,000	0,010
1304,000	0,017
1306,000	0,010
1308,000	0,007
1310,000	0,008
1312,000	0,003
1314,000	0,004
1316,000	0,006
1318,000	0,003
1320,000	0,003
1322,000	0,006
1324,000	0,003
1326,000	0,007
1328,000	0,011
1330,000	0,008
1332,000	0,007
1334,000	0,003
1336,000	0,009
1338,000	0,008
1340,000	0,006
1342,000	0,008
1344,000	0,006
1346,000	0,006
1348,000	0,010
1350,000	0,006
1352,000	0,003
1354,000	0,006
1356,000	0,004
1358,000	0,002
1360,000	0,006
1362,000	0,006
1364,000	0,003
1366,000	0,006
1368,000	0,009
1370,000	0,008
1372,000	0,008
1374,000	0,005
1376,000	0,003
1378,000	0,003
1380,000	0,004
1382,000	0,004
1384,000	0,005
1386,000	0,009
1388,000	0,010
1390,000	0,010
1392,000	0,010
1394,000	0,002
1396,000	0,007
1398,000	0,004
1400,000	0,010
1402,000	0,005
1404,000	0,005
1406,000	0,004
1408,000	0,005
1410,000	0,011
1412,000	0,010
1414,000	0,005
1416,000	0,010
1418,000	0,006
1420,000	0,001
1422,000	0,005
1424,000	0,008
1426,000	0,005
1428,000	0,009
1430,000	0,005
1432,000	0,002
1434,000	0,001
1436,000	0,006
1438,000	0,003
1440,000	0,007
1442,000	0,008
1444,000	0,005
1446,000	0,007
1448,000	0,012
1450,000	0,010
1452,000	0,003
1454,000	0,010
1456,000	0,005
1458,000	0,005
1460,000	0,007
1462,000	0,005
1464,000	0,005
1466,000	0,004
1468,000	0,007
1470,000	0,003
1472,000	0,009
1474,000	0,004
1476,000	0,004
1478,000	0,005
1480,000	0,007
1482,000	0,004
1484,000	0,009
1486,000	0,001
1488,000	0,009
1490,000	0,007
1492,000	0,010
1494,000	0,009
1496,000	0,009
1498,000	0,003
1500,000	0,005
1502,000	0,002
1504,000	0,009
1506,000	0,009
1508,000	0,008
1510,000	0,008
1512,000	0,005
1514,000	0,001
1516,000	0,006
1518,000	0,002
1520,000	0,003
1522,000	0,002
1524,000	0,010
1526,000	0,004
1528,000	0,009
1530,000	0,011
1532,000	0,004
1534,000	0,009
1536,000	0,008
1538,000	0,004
1540,000	0,005
1542,000	0,008
1544,000	0,006
1546,000	0,002
1548,000	0,009
1550,000	0,007
1552,000	0,005
1554,000	0,005
1556,000	0,007
1558,000	0,006
1560,000	0,006
1562,000	0,008
1564,000	0,003
1566,000	0,006
1568,000	0,001
1570,000	0,007
1572,000	0,006
1574,000	0,004
1576,000	0,009
1578,000	0,012
1580,000	0,007
1582,000	0,003
1584,000	0,009
1586,000	0,012
1588,000	0,010
1590,000	0,007
1592,000	0,002
1594,000	0,008
1596,000	0,008
1598,000	0,002
1600,000	0,003
1602,000	0,004
1604,000	0,009
1606,000	0,006
1608,000	0,004
1610,000	0,006
1612,000	0,012
1614,000	0,009
1616,000	0,006
1618,000	0,004
1620,000	0,004
1622,000	0,005
1624,000	0,003
1626,000	0,006
1628,000	0,004
1630,000	0,001
1632,000	0,002
1634,000	0,003
1636,000	0,004
1638,000	0,005
1640,000	0,002
1642,000	0,007
1644,000	0,004
1646,000	0,003
1648,000	0,003
1650,000	0,005
1652,000	0,003
1654,000	0,006
1656,000	0,009
1658,000	0,002
1660,000	0,008
1662,000	0,004
1664,000	0,006
1666,000	0,002
1668,000	0,005
1670,000	0,003
1672,000	0,006
1674,000	0,007
1676,000	0,008
1678,000	0,004
1680,000	0,006
1682,000	0,004
1684,000	0,008
1686,000	0,013
1688,000	0,009
1690,000	0,004
1692,000	0,005
1694,000	0,010
1696,000	0,007
1698,000	0,003
1700,000	0,003
1702,000	0,005
1704,000	0,003
1706,000	0,003
1708,000	0,007
1710,000	0,008
1712,000	0,006
1714,000	0,004
1716,000	0,002
1718,000	0,005
1720,000	0,005
1722,000	0,003
1724,000	0,004
1726,000	0,003
1728,000	0,009
1730,000	0,005
1732,000	0,002
1734,000	0,002
1736,000	0,001
1738,000	0,006
1740,000	0,011
1742,000	0,004
1744,000	0,009
1746,000	0,007
1748,000	0,004
1750,000	0,007
1752,000	0,002
1754,000	0,003
1756,000	0,006
1758,000	0,007
1760,000	0,002
1762,000	0,007
1764,000	0,006
1766,000	0,005
1768,000	0,004
1770,000	0,004
1772,000	0,002
1774,000	0,003
1776,000	0,004
1778,000	0,002
1780,000	0,003
1782,000	0,003
1784,000	0,002
1786,000	0,006
1788,000	0,007
1790,000	0,004
1792,000	0,005
1794,000	0,003
1796,000	0,004
1798,000	0,001
1800,000	0,007
1802,000	0,006
1804,000	0,005
1806,000	0,003
1808,000	0,003
1810,000	0,002
1812,000	0,009
1814,000	0,011
1816,000	0,004
1818,000	0,004
1820,000	0,001
1822,000	0,002
1824,000	0,003
1826,000	0,005
1828,000	0,001
1830,000	0,004
1832,000	0,003
1834,000	0,006
1836,000	0,007
1838,000	0,006
1840,000	0,001
1842,000	0,007
1844,000	0,009
1846,000	0,004
1848,000	0,003
1850,000	0,004
1852,000	0,007
1854,000	0,005
1856,000	0,005
1858,000	0,007
1860,000	0,005
1862,000	0,008
1864,000	0,010
1866,000	0,007
1868,000	0,001
1870,000	0,005
1872,000	0,004
1874,000	0,003
1876,000	0,002
1878,000	0,001
1880,000	0,000
1882,000	0,004
1884,000	0,003
1886,000	0,002
1888,000	0,003
1890,000	0,003
1892,000	0,010
1894,000	0,008
1896,000	0,005
1898,000	0,007
1900,000	0,009
1902,000	0,005
1904,000	0,007
1906,000	0,008
1908,000	0,008
1910,000	0,001
1912,000	0,008
1914,000	0,006
1916,000	0,003
1918,000	0,003
1920,000	0,003
1922,000	0,003
1924,000	0,005
1926,000	0,008
1928,000	0,004
1930,000	0,008
1932,000	0,009
1934,000	0,007
1936,000	0,002
1938,000	0,001
1940,000	0,002
1942,000	0,001
1944,000	0,005
1946,000	0,005
1948,000	0,004
1950,000	0,006
1952,000	0,006
1954,000	0,003
1956,000	0,006
1958,000	0,012
1960,000	0,010
1962,000	0,009
1964,000	0,007
1966,000	0,004
1968,000	0,002
1970,000	0,004
1972,000	0,002
1974,000	0,004
1976,000	0,001
1978,000	0,003
1980,000	0,004
1982,000	0,004
1984,000	0,003
1986,000	0,003
1988,000	0,006
1990,000	0,003
1992,000	0,005
1994,000	0,007
1996,000	0,005
1998,000	0,006
2000,000	0,002
2002,000	0,003
2004,000	0,003
2006,000	0,007
2008,000	0,004
2010,000	0,002
2012,000	0,004
2014,000	0,006
2016,000	0,002
2018,000	0,005
2020,000	0,006
2022,000	0,005
2024,000	0,003
2026,000	0,007
2028,000	0,005
2030,000	0,004
2032,000	0,007
2034,000	0,002
2036,000	0,004
2038,000	0,001
2040,000	0,005
2042,000	0,006
2044,000	0,002
2046,000	0,004
2048,000	0,007
2050,000	0,004
2052,000	0,003
2054,000	0,004
2056,000	0,002
2058,000	0,001
2060,000	0,002
2062,000	0,003
2064,000	0,003
2066,000	0,005
2068,000	0,007
2070,000	0,006
2072,000	0,004
2074,000	0,003
2076,000	0,006
2078,000	0,003
2080,000	0,004
2082,000	0,006
2084,000	0,002
2086,000	0,003
2088,000	0,008
2090,000	0,011
2092,000	0,007
2094,000	0,003
2096,000	0,009
2098,000	0,009
2100,000	0,005
2102,000	0,004
2104,000	0,002
2106,000	0,002
2108,000	0,002
2110,000	0,002
2112,000	0,003
2114,000	0,005
2116,000	0,006
2118,000	0,007
2120,000	0,006
2122,000	0,003
2124,000	0,002
2126,000	0,008
2128,000	0,006
2130,000	0,000
2132,000	0,003
2134,000	0,003
2136,000	0,001
2138,000	0,004
2140,000	0,005
2142,000	0,003
2144,000	0,006
2146,000	0,003
2148,000	0,002
2150,000	0,002
2152,000	0,004
2154,000	0,008
2156,000	0,010
2158,000	0,007
2160,000	0,007
2162,000	0,007
2164,000	0,006
2166,000	0,001
2168,000	0,005
2170,000	0,006
2172,000	0,004
2174,000	0,005
2176,000	0,009
2178,000	0,008
2180,000	0,004
2182,000	0,002
2184,000	0,002
2186,000	0,004
2188,000	0,004
2190,000	0,002
2192,000	0,004
2194,000	0,004
2196,000	0,004
2198,000	0,003
2200,000	0,003
2202,000	0,000
2204,000	0,005
2206,000	0,006
2208,000	0,004
2210,000	0,003
2212,000	0,004
2214,000	0,002
2216,000	0,001
2218,000	0,002
2220,000	0,002
2222,000	0,004
2224,000	0,002
2226,000	0,001
2228,000	0,003
2230,000	0,006
2232,000	0,008
2234,000	0,008
2236,000	0,006
2238,000	0,001
2240,000	0,005
2242,000	0,007
2244,000	0,006
2246,000	0,001
2248,000	0,002
2250,000	0,002
2252,000	0,003
2254,000	0,005
2256,000	0,005
2258,000	0,004
2260,000	0,005
2262,000	0,005
2264,000	0,003
2266,000	0,004
2268,000	0,005
2270,000	0,005
2272,000	0,006
2274,000	0,002
2276,000	0,004
2278,000	0,005
2280,000	0,006
2282,000	0,005
2284,000	0,008
2286,000	0,007
2288,000	0,002
2290,000	0,005
2292,000	0,003
2294,000	0,002
2296,000	0,005
2298,000	0,010
2300,000	0,006
2302,000	0,004
2304,000	0,006
2306,000	0,005
2308,000	0,003
2310,000	0,005
2312,000	0,004
2314,000	0,002
2316,000	0,002
2318,000	0,004
2320,000	0,007
2322,000	0,004
2324,000	0,006
2326,000	0,006
2328,000	0,005
2330,000	0,001
2332,000	0,005
2334,000	0,005
2336,000	0,007
2338,000	0,006
2340,000	0,006
2342,000	0,006
2344,000	0,003
2346,000	0,009
2348,000	0,013
2350,000	0,008
2352,000	0,003
2354,000	0,006
2356,000	0,009
2358,000	0,007
2360,000	0,005
2362,000	0,004
2364,000	0,002
2366,000	0,006
2368,000	0,008
2370,000	0,004
2372,000	0,003
2374,000	0,005
2376,000	0,005
2378,000	0,002
2380,000	0,009
2382,000	0,008
2384,000	0,002
2386,000	0,007
2388,000	0,008
2390,000	0,007
2392,000	0,006
2394,000	0,001
2396,000	0,006
2398,000	0,007
2400,000	0,003
2402,000	0,002
2404,000	0,004
2406,000	0,006
2408,000	0,004
2410,000	0,006
2412,000	0,006
2414,000	0,002
2416,000	0,004
2418,000	0,003
2420,000	0,004
2422,000	0,005
2424,000	0,003
2426,000	0,005
2428,000	0,008
2430,000	0,003
2432,000	0,004
2434,000	0,001
2436,000	0,007
2438,000	0,007
2440,000	0,004
2442,000	0,003
2444,000	0,005
2446,000	0,008
2448,000	0,008
2450,000	0,010
2452,000	0,006
2454,000	0,003
2456,000	0,002
2458,000	0,005
2460,000	0,007
2462,000	0,009
2464,000	0,005
2466,000	0,012
2468,000	0,011
2470,000	0,002
2472,000	0,006
2474,000	0,002
2476,000	0,005
2478,000	0,008
2480,000	0,006
2482,000	0,004
2484,000	0,005
2486,000	0,007
2488,000	0,005
2490,000	0,003
2492,000	0,008
2494,000	0,006
2496,000	0,003
2498,000	0,001
2500,000	0,005
2502,000	0,004
2504,000	0,003
2506,000	0,004
2508,000	0,001
2510,000	0,004
2512,000	0,004
2514,000	0,001
2516,000	0,004
2518,000	0,004
2520,000	0,003
2522,000	0,001
2524,000	0,003
2526,000	0,003
2528,000	0,008
2530,000	0,010
2532,000	0,010
2534,000	0,010
2536,000	0,007
2538,000	0,004
2540,000	0,008
2542,000	0,006
2544,000	0,002
2546,000	0,001
2548,000	0,007
2550,000	0,009
2552,000	0,005
2554,000	0,002
2556,000	0,007
2558,000	0,006
2560,000	0,003
2562,000	0,005
2564,000	0,002
2566,000	0,002
2568,000	0,005
2570,000	0,002
2572,000	0,007
2574,000	0,010
2576,000	0,007
2578,000	0,005
2580,000	0,003
2582,000	0,008
2584,000	0,005
2586,000	0,006
2588,000	0,003
2590,000	0,007
2592,000	0,008
2594,000	0,002
2596,000	0,002
2598,000	0,003
2600,000	0,003
2602,000	0,002
2604,000	0,005
2606,000	0,003
2608,000	0,003
2610,000	0,008
2612,000	0,008
2614,000	0,004
2616,000	0,004
2618,000	0,003
2620,000	0,002
2622,000	0,008
2624,000	0,011
2626,000	0,006
2628,000	0,005
2630,000	0,005
2632,000	0,003
2634,000	0,002
2636,000	0,005
2638,000	0,007
2640,000	0,006
2642,000	0,005
2644,000	0,004
2646,000	0,003
2648,000	0,005
2650,000	0,005
2652,000	0,002
2654,000	0,002
2656,000	0,004
2658,000	0,004
2660,000	0,004
2662,000	0,003
2664,000	0,003
2666,000	0,006
2668,000	0,004
2670,000	0,000
2672,000	0,003
2674,000	0,005
2676,000	0,005
2678,000	0,003
2680,000	0,004
2682,000	0,004
2684,000	0,003
2686,000	0,003
2688,000	0,005
2690,000	0,005
2692,000	0,002
2694,000	0,004
2696,000	0,005
2698,000	0,003
2700,000	0,003
2702,000	0,004
2704,000	0,007
2706,000	0,014
2708,000	0,015
2710,000	0,007
2712,000	0,003
2714,000	0,004
2716,000	0,002
2718,000	0,005
2720,000	0,009
2722,000	0,006
2724,000	0,001
2726,000	0,003
2728,000	0,001
2730,000	0,003
2732,000	0,009
2734,000	0,009
2736,000	0,003
2738,000	0,002
2740,000	0,002
2742,000	0,004
2744,000	0,002
2746,000	0,007
2748,000	0,007
2750,000	0,003
2752,000	0,002
2754,000	0,006
2756,000	0,008
2758,000	0,006
2760,000	0,002
2762,000	0,003
2764,000	0,003
2766,000	0,005
2768,000	0,004
2770,000	0,005
2772,000	0,005
2774,000	0,004
2776,000	0,004
2778,000	0,004
2780,000	0,003
2782,000	0,001
2784,000	0,003
2786,000	0,004
2788,000	0,004
2790,000	0,003
2792,000	0,005
2794,000	0,005
2796,000	0,003
2798,000	0,002
2800,000	0,004
2802,000	0,004
2804,000	0,003
2806,000	0,004
2808,000	0,003
2810,000	0,006
2812,000	0,012
2814,000	0,011
2816,000	0,006
2818,000	0,001
2820,000	0,004
2822,000	0,004
2824,000	0,008
2826,000	0,011
2828,000	0,007
2830,000	0,002
2832,000	0,003
2834,000	0,003
2836,000	0,003
2838,000	0,005
2840,000	0,001
2842,000	0,005
2844,000	0,004
2846,000	0,003
2848,000	0,002
2850,000	0,004
2852,000	0,007
2854,000	0,005
2856,000	0,004
2858,000	0,006
2860,000	0,002
2862,000	0,007
2864,000	0,004
2866,000	0,003
2868,000	0,003
2870,000	0,008
2872,000	0,007
2874,000	0,004
2876,000	0,006
2878,000	0,008
2880,000	0,005
2882,000	0,005
2884,000	0,005
2886,000	0,003
2888,000	0,003
2890,000	0,005
2892,000	0,005
2894,000	0,003
2896,000	0,003
2898,000	0,003
2900,000	0,001
2902,000	0,005
2904,000	0,006
2906,000	0,004
2908,000	0,002
2910,000	0,002
2912,000	0,002
2914,000	0,001
2916,000	0,002
2918,000	0,003
2920,000	0,002
2922,000	0,003
2924,000	0,006
2926,000	0,007
2928,000	0,006
2930,000	0,001
2932,000	0,004
2934,000	0,006
2936,000	0,006
2938,000	0,005
2940,000	0,007
2942,000	0,007
2944,000	0,007
2946,000	0,004
2948,000	0,001
2950,000	0,004
2952,000	0,004
2954,000	0,006
2956,000	0,007
2958,000	0,006
2960,000	0,003
2962,000	0,005
2964,000	0,006
2966,000	0,006
2968,000	0,002
2970,000	0,003
2972,000	0,001
2974,000	0,003
2976,000	0,003
2978,000	0,003
2980,000	0,003
2982,000	0,005
2984,000	0,007
2986,000	0,004
2988,000	0,004
2990,000	0,006
2992,000	0,008
2994,000	0,004
2996,000	0,005
2998,000	0,008
3000,000	0,005
3002,000	0,001
3004,000	0,004
3006,000	0,003
3008,000	0,003
3010,000	0,004
3012,000	0,001
3014,000	0,006
3016,000	0,006
3018,000	0,002
3020,000	0,002
3022,000	0,006
3024,000	0,007
3026,000	0,004
3028,000	0,004
3030,000	0,003
3032,000	0,001
3034,000	0,004
3036,000	0,004
3038,000	0,003
3040,000	0,003
3042,000	0,002
3044,000	0,003
3046,000	0,005
3048,000	0,006
3050,000	0,006
3052,000	0,005
3054,000	0,002
3056,000	0,004
3058,000	0,008
3060,000	0,004
3062,000	0,003
3064,000	0,004
3066,000	0,002
3068,000	0,005
3070,000	0,001
3072,000	0,008
3074,000	0,009
3076,000	0,005
3078,000	0,001
3080,000	0,000
3082,000	0,002
3084,000	0,004
3086,000	0,003
3088,000	0,001
3090,000	0,001
3092,000	0,001
3094,000	0,001
3096,000	0,003
3098,000	0,003
3100,000	0,003
3102,000	0,003
3104,000	0,003
3106,000	0,004
3108,000	0,005
3110,000	0,004
3112,000	0,002
3114,000	0,004
3116,000	0,003
3118,000	0,001
3120,000	0,002
3122,000	0,004
3124,000	0,006
3126,000	0,007
3128,000	0,006
3130,000	0,003
3132,000	0,004
3134,000	0,007
3136,000	0,007
3138,000	0,004
3140,000	0,003
3142,000	0,001
3144,000	0,003
3146,000	0,003
3148,000	0,003
3150,000	0,004
3152,000	0,004
3154,000	0,003
3156,000	0,003
3158,000	0,003
3160,000	0,001
3162,000	0,002
3164,000	0,002
3166,000	0,001
3168,000	0,004
3170,000	0,005
3172,000	0,003
3174,000	0,002
3176,000	0,000
3178,000	0,003
3180,000	0,005
3182,000	0,001
3184,000	0,005
3186,000	0,007
3188,000	0,004
3190,000	0,002
3192,000	0,003
3194,000	0,002
3196,000	0,004
3198,000	0,005
3200,000	0,004
3202,000	0,003
3204,000	0,004
3206,000	0,004
3208,000	0,002
3210,000	0,004
3212,000	0,005
3214,000	0,003
3216,000	0,004
3218,000	0,005
3220,000	0,005
3222,000	0,004
3224,000	0,006
3226,000	0,005
3228,000	0,002
3230,000	0,004
3232,000	0,006
3234,000	0,004
3236,000	0,002
3238,000	0,006
3240,000	0,005
3242,000	0,002
3244,000	0,002
3246,000	0,002
3248,000	0,003
3250,000	0,001
3252,000	0,004
3254,000	0,004
3256,000	0,002
3258,000	0,004
3260,000	0,002
3262,000	0,004
3264,000	0,005
3266,000	0,002
3268,000	0,007
3270,000	0,006
3272,000	0,001
3274,000	0,003
3276,000	0,002
3278,000	0,008
3280,000	0,004
3282,000	0,003
3284,000	0,003
3286,000	0,003
3288,000	0,003
3290,000	0,003
3292,000	0,006
3294,000	0,006
3296,000	0,008
3298,000	0,006
3300,000	0,001
3302,000	0,004
3304,000	0,003
3306,000	0,002
3308,000	0,004
3310,000	0,003
3312,000	0,001
3314,000	0,002
3316,000	0,001
3318,000	0,002
3320,000	0,004
3322,000	0,003
3324,000	0,001
3326,000	0,004
3328,000	0,004
3330,000	0,004
3332,000	0,002
3334,000	0,008
3336,000	0,009
3338,000	0,004
3340,000	0,001
3342,000	0,002
3344,000	0,002
3346,000	0,003
3348,000	0,007
3350,000	0,004
3352,000	0,002
3354,000	0,004
3356,000	0,001
3358,000	0,002
3360,000	0,003
3362,000	0,003
3364,000	0,001
3366,000	0,004
3368,000	0,005
3370,000	0,001
3372,000	0,005
3374,000	0,007
3376,000	0,003
3378,000	0,003
3380,000	0,002
3382,000	0,001
3384,000	0,003
3386,000	0,003
3388,000	0,005
3390,000	0,007
3392,000	0,009
3394,000	0,006
3396,000	0,002
3398,000	0,004
3400,000	0,003
3402,000	0,002
3404,000	0,003
3406,000	0,004
3408,000	0,003
3410,000	0,001
3412,000	0,005
3414,000	0,008
3416,000	0,006
3418,000	0,002
3420,000	0,004
3422,000	0,006
3424,000	0,006
3426,000	0,004
3428,000	0,002
3430,000	0,002
3432,000	0,003
3434,000	0,004
3436,000	0,002
3438,000	0,004
3440,000	0,002
3442,000	0,003
3444,000	0,005
3446,000	0,003
3448,000	0,000
3450,000	0,001
3452,000	0,003
3454,000	0,003
3456,000	0,003
3458,000	0,004
3460,000	0,006
3462,000	0,004
3464,000	0,001
3466,000	0,002
3468,000	0,003
3470,000	0,002
3472,000	0,006
3474,000	0,006
3476,000	0,001
3478,000	0,002
3480,000	0,002
3482,000	0,006
3484,000	0,006
3486,000	0,001
3488,000	0,005
3490,000	0,005
3492,000	0,003
3494,000	0,006
3496,000	0,003
3498,000	0,002
3500,000	0,006
3502,000	0,006
3504,000	0,002
3506,000	0,004
3508,000	0,006
3510,000	0,003
3512,000	0,003
3514,000	0,005
3516,000	0,005
3518,000	0,002
3520,000	0,003
3522,000	0,002
3524,000	0,001
3526,000	0,002
3528,000	0,006
3530,000	0,005
3532,000	0,004
3534,000	0,002
3536,000	0,003
3538,000	0,004
3540,000	0,005
3542,000	0,005
3544,000	0,003
3546,000	0,004
3548,000	0,006
3550,000	0,004
3552,000	0,004
3554,000	0,007
3556,000	0,005
3558,000	0,004
3560,000	0,004
3562,000	0,001
3564,000	0,002
3566,000	0,002
3568,000	0,003
3570,000	0,003
3572,000	0,004
3574,000	0,004
3576,000	0,004
3578,000	0,003
3580,000	0,003
3582,000	0,003
3584,000	0,003
3586,000	0,004
3588,000	0,003
3590,000	0,001
3592,000	0,002
3594,000	0,004
3596,000	0,007
3598,000	0,006
3600,000	0,005
3602,000	0,002
3604,000	0,004
3606,000	0,006
3608,000	0,004
3610,000	0,002
3612,000	0,003
3614,000	0,002
3616,000	0,003
3618,000	0,005
3620,000	0,003
3622,000	0,003
3624,000	0,002
3626,000	0,002
3628,000	0,004
3630,000	0,002
3632,000	0,002
3634,000	0,005
3636,000	0,005
3638,000	0,004
3640,000	0,004
3642,000	0,003
3644,000	0,001
3646,000	0,004
3648,000	0,003
3650,000	0,001
3652,000	0,003
3654,000	0,003
3656,000	0,002
3658,000	0,002
3660,000	0,000
3662,000	0,004
3664,000	0,006
3666,000	0,003
3668,000	0,003
3670,000	0,004
3672,000	0,003
3674,000	0,004
3676,000	0,006
3678,000	0,005
3680,000	0,004
3682,000	0,004
3684,000	0,004
3686,000	0,002
3688,000	0,006
3690,000	0,007
3692,000	0,004
3694,000	0,003
3696,000	0,005
3698,000	0,006
3700,000	0,003
3702,000	0,005
3704,000	0,005
3706,000	0,004
3708,000	0,002
3710,000	0,001
3712,000	0,004
3714,000	0,005
3716,000	0,002
3718,000	0,001
3720,000	0,001
3722,000	0,000
3724,000	0,002
3726,000	0,004
3728,000	0,004
3730,000	0,003
3732,000	0,005
3734,000	0,009
3736,000	0,006
3738,000	0,001
3740,000	0,003
3742,000	0,003
3744,000	0,002
3746,000	0,006
3748,000	0,006
3750,000	0,003
3752,000	0,004
3754,000	0,004
3756,000	0,005
3758,000	0,002
3760,000	0,004
3762,000	0,002
3764,000	0,007
3766,000	0,006
3768,000	0,002
3770,000	0,001
3772,000	0,005
3774,000	0,006
3776,000	0,002
3778,000	0,004
3780,000	0,003
3782,000	0,001
3784,000	0,001
3786,000	0,002
3788,000	0,001
3790,000	0,002
3792,000	0,003
3794,000	0,002
3796,000	0,001
3798,000	0,003
3800,000	0,003
3802,000	0,003
3804,000	0,003
3806,000	0,002
3808,000	0,006
3810,000	0,005
3812,000	0,004
3814,000	0,003
3816,000	0,006
3818,000	0,005
3820,000	0,006
3822,000	0,006
3824,000	0,001
3826,000	0,005
3828,000	0,005
3830,000	0,006
3832,000	0,002
3834,000	0,003
3836,000	0,002
3838,000	0,006
3840,000	0,007
3842,000	0,005
3844,000	0,003
3846,000	0,002
3848,000	0,003
3850,000	0,002
3852,000	0,000
3854,000	0,003
3856,000	0,002
3858,000	0,001
3860,000	0,002
3862,000	0,003
3864,000	0,005
3866,000	0,003
3868,000	0,005
3870,000	0,008
3872,000	0,006
3874,000	0,003
3876,000	0,001
3878,000	0,004
3880,000	0,002
3882,000	0,000
3884,000	0,003
3886,000	0,007
3888,000	0,006
3890,000	0,006
3892,000	0,006
3894,000	0,002
3896,000	0,005
3898,000	0,006
3900,000	0,004
3902,000	0,001
3904,000	0,001
3906,000	0,002
3908,000	0,003
3910,000	0,001
3912,000	0,003
3914,000	0,002
3916,000	0,001
3918,000	0,001
3920,000	0,003
3922,000	0,002
3924,000	0,004
3926,000	0,006
3928,000	0,004
3930,000	0,001
3932,000	0,001
3934,000	0,001
3936,000	0,002
3938,000	0,004
3940,000	0,004
3942,000	0,002
3944,000	0,001
3946,000	0,002
3948,000	0,001
3950,000	0,002
3952,000	0,002
3954,000	0,001
3956,000	0,002
3958,000	0,001
3960,000	0,003
3962,000	0,005
3964,000	0,004
3966,000	0,002
3968,000	0,004
3970,000	0,005
3972,000	0,003
3974,000	0,002
3976,000	0,002
3978,000	0,005
3980,000	0,003
3982,000	0,001
3984,000	0,002
3986,000	0,001
3988,000	0,001
3990,000	0,002
3992,000	0,004
3994,000	0,005
3996,000	0,005
3998,000	0,003
4000,000	0,004
4002,000	0,004
4004,000	0,004
4006,000	0,005
4008,000	0,006
4010,000	0,007
4012,000	0,007
4014,000	0,002
4016,000	0,002
4018,000	0,004
4020,000	0,005
4022,000	0,005
4024,000	0,006
4026,000	0,003
4028,000	0,001
4030,000	0,001
4032,000	0,004
4034,000	0,003
4036,000	0,002
4038,000	0,004
4040,000	0,001
4042,000	0,001
4044,000	0,001
4046,000	0,003
4048,000	0,003
4050,000	0,001
4052,000	0,004
4054,000	0,005
4056,000	0,003
4058,000	0,003
4060,000	0,001
4062,000	0,003
4064,000	0,003
4066,000	0,001
4068,000	0,002
4070,000	0,005
4072,000	0,004
4074,000	0,000
4076,000	0,001
4078,000	0,003
4080,000	0,003
4082,000	0,004
4084,000	0,006
4086,000	0,003
4088,000	0,001
4090,000	0,001
4092,000	0,003
4094,000	0,003
4096,000	0,000
4098,000	0,004
4100,000	0,006
4102,000	0,005
4104,000	0,002
4106,000	0,003
4108,000	0,004
4110,000	0,001
4112,000	0,005
4114,000	0,004
4116,000	0,004
4118,000	0,005
4120,000	0,001
4122,000	0,004
4124,000	0,002
4126,000	0,003
4128,000	0,004
4130,000	0,004
4132,000	0,004
4134,000	0,004
4136,000	0,003
4138,000	0,003
4140,000	0,002
4142,000	0,002
4144,000	0,002
4146,000	0,003
4148,000	0,003
4150,000	0,003
4152,000	0,003
4154,000	0,002
4156,000	0,002
4158,000	0,002
4160,000	0,004
4162,000	0,004
4164,000	0,002
4166,000	0,006
4168,000	0,004
4170,000	0,003
4172,000	0,003
4174,000	0,004
4176,000	0,002
4178,000	0,002
4180,000	0,002
4182,000	0,004
4184,000	0,003
4186,000	0,004
4188,000	0,003
4190,000	0,003
4192,000	0,005
4194,000	0,002
4196,000	0,006
4198,000	0,003
4200,000	0,003
4202,000	0,003
4204,000	0,002
4206,000	0,006
4208,000	0,010
4210,000	0,008
4212,000	0,001
4214,000	0,002
4216,000	0,004
4218,000	0,006
4220,000	0,004
4222,000	0,002
4224,000	0,002
4226,000	0,003
4228,000	0,005
4230,000	0,004
4232,000	0,003
4234,000	0,005
4236,000	0,005
4238,000	0,003
4240,000	0,003
4242,000	0,001
4244,000	0,005
4246,000	0,005
4248,000	0,002
4250,000	0,002
4252,000	0,002
4254,000	0,003
4256,000	0,002
4258,000	0,001
4260,000	0,003
4262,000	0,006
4264,000	0,006
4266,000	0,004
4268,000	0,005
4270,000	0,007
4272,000	0,007
4274,000	0,005
4276,000	0,007
4278,000	0,007
4280,000	0,005
4282,000	0,003
4284,000	0,003
4286,000	0,003
4288,000	0,003
4290,000	0,003
4292,000	0,007
4294,000	0,005
4296,000	0,001
4298,000	0,003
4300,000	0,003
4302,000	0,004
4304,000	0,007
4306,000	0,005
4308,000	0,001
4310,000	0,004
4312,000	0,002
4314,000	0,001
4316,000	0,004
4318,000	0,006
4320,000	0,002
4322,000	0,004
4324,000	0,001
4326,000	0,006
4328,000	0,005
4330,000	0,002
4332,000	0,005
4334,000	0,003
4336,000	0,002
4338,000	0,002
4340,000	0,001
4342,000	0,003
4344,000	0,006
4346,000	0,007
4348,000	0,006
4350,000	0,002
4352,000	0,002
4354,000	0,002
4356,000	0,001
4358,000	0,001
4360,000	0,003
4362,000	0,007
4364,000	0,006
4366,000	0,003
4368,000	0,005
4370,000	0,006
4372,000	0,003
4374,000	0,002
4376,000	0,003
4378,000	0,004
4380,000	0,003
4382,000	0,004
4384,000	0,006
4386,000	0,004
4388,000	0,003
4390,000	0,004
4392,000	0,003
4394,000	0,001
4396,000	0,003
4398,000	0,003
4400,000	0,004
4402,000	0,003
4404,000	0,000
4406,000	0,000
4408,000	0,001
4410,000	0,003
4412,000	0,004
4414,000	0,003
4416,000	0,005
4418,000	0,004
4420,000	0,004
4422,000	0,003
4424,000	0,005
4426,000	0,004
4428,000	0,005
4430,000	0,005
4432,000	0,000
4434,000	0,004
4436,000	0,003
4438,000	0,006
4440,000	0,005
4442,000	0,003
4444,000	0,005
4446,000	0,002
4448,000	0,003
4450,000	0,005
4452,000	0,006
4454,000	0,005
4456,000	0,002
4458,000	0,002
4460,000	0,004
4462,000	0,006
4464,000	0,006
4466,000	0,003
4468,000	0,003
4470,000	0,004
4472,000	0,002
4474,000	0,003
4476,000	0,002
4478,000	0,006
4480,000	0,005
4482,000	0,003
4484,000	0,006
4486,000	0,003
4488,000	0,003
4490,000	0,005
4492,000	0,002
4494,000	0,003
4496,000	0,005
4498,000	0,003
4500,000	0,002
4502,000	0,003
4504,000	0,001
4506,000	0,002
4508,000	0,004
4510,000	0,003
4512,000	0,001
4514,000	0,001
4516,000	0,002
4518,000	0,005
4520,000	0,006
4522,000	0,006
4524,000	0,002
4526,000	0,005
4528,000	0,006
4530,000	0,004
4532,000	0,003
4534,000	0,001
4536,000	0,002
4538,000	0,003
4540,000	0,004
4542,000	0,003
4544,000	0,003
4546,000	0,004
4548,000	0,001
4550,000	0,002
4552,000	0,004
4554,000	0,004
4556,000	0,004
4558,000	0,005
4560,000	0,005
4562,000	0,003
4564,000	0,002
4566,000	0,004
4568,000	0,003
4570,000	0,002
4572,000	0,002
4574,000	0,001
4576,000	0,001
4578,000	0,002
4580,000	0,002
4582,000	0,002
4584,000	0,001
4586,000	0,003
4588,000	0,005
4590,000	0,004
4592,000	0,002
4594,000	0,003
4596,000	0,004
4598,000	0,005
4600,000	0,006
4602,000	0,007
4604,000	0,006
4606,000	0,003
4608,000	0,001
4610,000	0,002
4612,000	0,002
4614,000	0,002
4616,000	0,006
4618,000	0,008
4620,000	0,005
4622,000	0,001
4624,000	0,004
4626,000	0,009
4628,000	0,007
4630,000	0,003
4632,000	0,005
4634,000	0,003
4636,000	0,000
4638,000	0,001
4640,000	0,001
4642,000	0,001
4644,000	0,001
4646,000	0,001
4648,000	0,002
4650,000	0,002
4652,000	0,000
4654,000	0,002
4656,000	0,004
4658,000	0,004
4660,000	0,003
4662,000	0,005
4664,000	0,006
4666,000	0,003
4668,000	0,003
4670,000	0,005
4672,000	0,003
4674,000	0,003
4676,000	0,002
4678,000	0,002
4680,000	0,002
4682,000	0,004
4684,000	0,003
4686,000	0,006
4688,000	0,006
4690,000	0,003
4692,000	0,003
4694,000	0,003
4696,000	0,002
4698,000	0,003
4700,000	0,004
4702,000	0,004
4704,000	0,005
4706,000	0,003
4708,000	0,001
4710,000	0,006
4712,000	0,007
4714,000	0,005
4716,000	0,002
4718,000	0,001
4720,000	0,002
4722,000	0,002
4724,000	0,001
4726,000	0,001
4728,000	0,004
4730,000	0,009
4732,000	0,005
4734,000	0,003
4736,000	0,002
4738,000	0,003
4740,000	0,002
4742,000	0,004
4744,000	0,006
4746,000	0,001
4748,000	0,006
4750,000	0,004
4752,000	0,005
4754,000	0,004
4756,000	0,002
4758,000	0,000
4760,000	0,005
4762,000	0,007
4764,000	0,006
4766,000	0,004
4768,000	0,003
4770,000	0,003
4772,000	0,003
4774,000	0,002
4776,000	0,003
4778,000	0,003
4780,000	0,005
4782,000	0,004
4784,000	0,001
4786,000	0,006
4788,000	0,005
4790,000	0,002
4792,000	0,001
4794,000	0,003
4796,000	0,005
4798,000	0,006
4800,000	0,003
4802,000	0,000
4804,000	0,002
4806,000	0,006
4808,000	0,008
4810,000	0,005
4812,000	0,002
4814,000	0,003
4816,000	0,005
4818,000	0,006
4820,000	0,004
4822,000	0,002
4824,000	0,002
4826,000	0,001
4828,000	0,002
4830,000	0,001
4832,000	0,002
4834,000	0,004
4836,000	0,004
4838,000	0,002
4840,000	0,002
4842,000	0,004
4844,000	0,004
4846,000	0,002
4848,000	0,001
4850,000	0,001
4852,000	0,005
4854,000	0,010
4856,000	0,008
4858,000	0,003
4860,000	0,002
4862,000	0,005
4864,000	0,005
4866,000	0,003
4868,000	0,003
4870,000	0,004
4872,000	0,005
4874,000	0,007
4876,000	0,013
4878,000	0,008
4880,000	0,001
4882,000	0,002
4884,000	0,002
4886,000	0,002
4888,000	0,003
4890,000	0,003
4892,000	0,003
4894,000	0,002
4896,000	0,005
4898,000	0,004
4900,000	0,003
4902,000	0,001
4904,000	0,005
4906,000	0,007
4908,000	0,004
4910,000	0,004
4912,000	0,008
4914,000	0,006
4916,000	0,001
4918,000	0,004
4920,000	0,002
4922,000	0,004
4924,000	0,003
4926,000	0,004
4928,000	0,003
4930,000	0,005
4932,000	0,008
4934,000	0,006
4936,000	0,005
4938,000	0,002
4940,000	0,004
4942,000	0,005
4944,000	0,003
4946,000	0,002
4948,000	0,005
4950,000	0,006
4952,000	0,002
4954,000	0,005
4956,000	0,006
4958,000	0,006
4960,000	0,007
4962,000	0,003
4964,000	0,004
4966,000	0,004
4968,000	0,005
4970,000	0,005
4972,000	0,005
4974,000	0,005
4976,000	0,006
4978,000	0,004
4980,000	0,003
4982,000	0,002
4984,000	0,001
4986,000	0,002
4988,000	0,004
4990,000	0,001
4992,000	0,005
4994,000	0,007
4996,000	0,001
4998,000	0,003
5000,000	0,003
