2496
10,000	0,021
12,000	0,201
14,000	0,021
16,000	0,141
18,000	0,019
20,000	0,111
22,000	0,021
24,000	0,088
26,000	0,019
28,000	0,073
30,000	0,013
32,000	0,069
34,000	0,019
36,000	0,057
38,000	0,016
40,000	0,054
42,000	0,017
44,000	0,053
46,000	0,021
48,000	0,042
50,000	0,015
52,000	0,048
54,000	0,019
56,000	0,046
58,000	0,028
60,000	0,036
62,000	0,024
64,000	0,032
66,000	0,021
68,000	0,033
70,000	0,026
72,000	0,026
74,000	0,020
76,000	0,028
78,000	0,021
80,000	0,029
82,000	0,028
84,000	0,028
86,000	0,025
88,000	0,024
90,000	0,027
92,000	0,020
94,000	0,023
96,000	0,019
98,000	0,024
100,000	0,015
102,000	0,019
104,000	0,026
106,000	0,024
108,000	0,019
110,000	0,025
112,000	0,018
114,000	0,024
116,000	0,017
118,000	0,021
120,000	0,023
122,000	0,026
124,000	0,021
126,000	0,027
128,000	0,019
130,000	0,032
132,000	0,027
134,000	0,031
136,000	0,031
138,000	0,031
140,000	0,015
142,000	0,032
144,000	0,011
146,000	0,029
148,000	0,013
150,000	0,037
152,000	0,027
154,000	0,027
156,000	0,034
158,000	0,038
160,000	0,031
162,000	0,035
164,000	0,029
166,000	0,030
168,000	0,024
170,000	0,038
172,000	0,025
174,000	0,039
176,000	0,026
178,000	0,040
180,000	0,028
182,000	0,045
184,000	0,019
186,000	0,040
188,000	0,027
190,000	0,034
192,000	0,034
194,000	0,037
196,000	0,039
198,000	0,056
200,000	0,040
202,000	0,050
204,000	0,044
206,000	0,052
208,000	0,045
210,000	0,051
212,000	0,051
214,000	0,057
216,000	0,044
218,000	0,050
220,000	0,039
222,000	0,064
224,000	0,061
226,000	0,078
228,000	0,074
230,000	0,091
232,000	0,104
234,000	0,117
236,000	0,113
238,000	0,138
240,000	0,125
242,000	0,150
244,000	0,157
246,000	0,215
248,000	0,245
250,000	0,338
252,000	0,419
254,000	0,321
256,000	0,203
258,000	0,185
260,000	0,146
262,000	0,134
264,000	0,115
266,000	0,108
268,000	0,048
270,000	0,042
272,000	0,024
274,000	0,018
276,000	0,018
278,000	0,039
280,000	0,038
282,000	0,059
284,000	0,063
286,000	0,082
288,000	0,107
290,000	0,169
292,000	0,210
294,000	0,334
296,000	0,311
298,000	0,201
300,000	0,182
302,000	0,162
304,000	0,159
306,000	0,138
308,000	0,151
310,000	0,110
312,000	0,100
314,000	0,087
316,000	0,090
318,000	0,084
320,000	0,071
322,000	0,051
324,000	0,054
326,000	0,056
328,000	0,063
330,000	0,042
332,000	0,048
334,000	0,042
336,000	0,041
338,000	0,026
340,000	0,025
342,000	0,013
344,000	0,013
346,000	0,011
348,000	0,014
350,000	0,014
352,000	0,017
354,000	0,026
356,000	0,038
358,000	0,017
360,000	0,023
362,000	0,017
364,000	0,020
366,000	0,015
368,000	0,014
370,000	0,035
372,000	0,042
374,000	0,052
376,000	0,045
378,000	0,060
380,000	0,065
382,000	0,090
384,000	0,098
386,000	0,154
388,000	0,186
390,000	0,290
392,000	0,326
394,000	0,231
396,000	0,187
398,000	0,161
400,000	0,156
402,000	0,150
404,000	0,152
406,000	0,133
408,000	0,110
410,000	0,091
412,000	0,084
414,000	0,068
416,000	0,071
418,000	0,063
420,000	0,063
422,000	0,062
424,000	0,068
426,000	0,054
428,000	0,058
430,000	0,055
432,000	0,054
434,000	0,047
436,000	0,042
438,000	0,041
440,000	0,042
442,000	0,045
444,000	0,047
446,000	0,034
448,000	0,040
450,000	0,046
452,000	0,040
454,000	0,044
456,000	0,042
458,000	0,037
460,000	0,035
462,000	0,025
464,000	0,032
466,000	0,030
468,000	0,046
470,000	0,028
472,000	0,034
474,000	0,034
476,000	0,029
478,000	0,030
480,000	0,038
482,000	0,025
484,000	0,026
486,000	0,021
488,000	0,014
490,000	0,015
492,000	0,032
494,000	0,035
496,000	0,035
498,000	0,039
500,000	0,034
502,000	0,021
504,000	0,025
506,000	0,016
508,000	0,025
510,000	0,021
512,000	0,019
514,000	0,017
516,000	0,027
518,000	0,023
520,000	0,025
522,000	0,021
524,000	0,020
526,000	0,011
528,000	0,019
530,000	0,018
532,000	0,022
534,000	0,015
536,000	0,018
538,000	0,017
540,000	0,025
542,000	0,024
544,000	0,020
546,000	0,017
548,000	0,021
550,000	0,017
552,000	0,020
554,000	0,024
556,000	0,022
558,000	0,016
560,000	0,015
562,000	0,016
564,000	0,013
566,000	0,013
568,000	0,018
570,000	0,017
572,000	0,021
574,000	0,018
576,000	0,019
578,000	0,008
580,000	0,013
582,000	0,013
584,000	0,019
586,000	0,011
588,000	0,015
590,000	0,015
592,000	0,017
594,000	0,017
596,000	0,023
598,000	0,009
600,000	0,015
602,000	0,010
604,000	0,015
606,000	0,017
608,000	0,016
610,000	0,016
612,000	0,018
614,000	0,024
616,000	0,016
618,000	0,017
620,000	0,020
622,000	0,012
624,000	0,014
626,000	0,010
628,000	0,016
630,000	0,013
632,000	0,015
634,000	0,002
636,000	0,015
638,000	0,008
640,000	0,013
642,000	0,015
644,000	0,020
646,000	0,018
648,000	0,016
650,000	0,016
652,000	0,014
654,000	0,013
656,000	0,017
658,000	0,011
660,000	0,013
662,000	0,016
664,000	0,014
666,000	0,016
668,000	0,021
670,000	0,016
672,000	0,014
674,000	0,010
676,000	0,018
678,000	0,015
680,000	0,014
682,000	0,016
684,000	0,012
686,000	0,017
688,000	0,018
690,000	0,013
692,000	0,008
694,000	0,014
696,000	0,018
698,000	0,006
700,000	0,012
702,000	0,012
704,000	0,016
706,000	0,017
708,000	0,008
710,000	0,011
712,000	0,014
714,000	0,010
716,000	0,010
718,000	0,009
720,000	0,021
722,000	0,018
724,000	0,009
726,000	0,009
728,000	0,016
730,000	0,013
732,000	0,009
734,000	0,005
736,000	0,015
738,000	0,016
740,000	0,004
742,000	0,015
744,000	0,015
746,000	0,011
748,000	0,010
750,000	0,012
752,000	0,018
754,000	0,015
756,000	0,013
758,000	0,010
760,000	0,012
762,000	0,010
764,000	0,009
766,000	0,014
768,000	0,011
770,000	0,015
772,000	0,010
774,000	0,010
776,000	0,018
778,000	0,017
780,000	0,011
782,000	0,006
784,000	0,015
786,000	0,011
788,000	0,004
790,000	0,011
792,000	0,021
794,000	0,012
796,000	0,014
798,000	0,011
800,000	0,006
802,000	0,014
804,000	0,016
806,000	0,015
808,000	0,011
810,000	0,008
812,000	0,012
814,000	0,014
816,000	0,012
818,000	0,011
820,000	0,013
822,000	0,011
824,000	0,012
826,000	0,003
828,000	0,016
830,000	0,010
832,000	0,009
834,000	0,009
836,000	0,002
838,000	0,006
840,000	0,009
842,000	0,008
844,000	0,011
846,000	0,009
848,000	0,006
850,000	0,013
852,000	0,017
854,000	0,010
856,000	0,006
858,000	0,013
860,000	0,005
862,000	0,012
864,000	0,014
866,000	0,011
868,000	0,014
870,000	0,014
872,000	0,011
874,000	0,004
876,000	0,010
878,000	0,010
880,000	0,013
882,000	0,007
884,000	0,013
886,000	0,009
888,000	0,003
890,000	0,008
892,000	0,010
894,000	0,006
896,000	0,012
898,000	0,011
900,000	0,013
902,000	0,010
904,000	0,006
906,000	0,011
908,000	0,009
910,000	0,008
912,000	0,003
914,000	0,004
916,000	0,003
918,000	0,011
920,000	0,011
922,000	0,008
924,000	0,018
926,000	0,010
928,000	0,008
930,000	0,004
932,000	0,010
934,000	0,010
936,000	0,011
938,000	0,010
940,000	0,010
942,000	0,007
944,000	0,007
946,000	0,015
948,000	0,011
950,000	0,008
952,000	0,003
954,000	0,006
956,000	0,004
958,000	0,010
960,000	0,018
962,000	0,012
964,000	0,001
966,000	0,003
968,000	0,005
970,000	0,003
972,000	0,010
974,000	0,006
976,000	0,005
978,000	0,007
980,000	0,009
982,000	0,014
984,000	0,011
986,000	0,004
988,000	0,006
990,000	0,011
992,000	0,009
994,000	0,010
996,000	0,013
998,000	0,010
1000,000	0,011
1002,000	0,006
1004,000	0,005
1006,000	0,008
1008,000	0,010
1010,000	0,007
1012,000	0,004
1014,000	0,011
1016,000	0,007
1018,000	0,005
1020,000	0,004
1022,000	0,004
1024,000	0,006
1026,000	0,005
1028,000	0,009
1030,000	0,014
1032,000	0,006
1034,000	0,014
1036,000	0,011
1038,000	0,006
1040,000	0,006
1042,000	0,007
1044,000	0,012
1046,000	0,007
1048,000	0,005
1050,000	0,005
1052,000	0,010
1054,000	0,013
1056,000	0,012
1058,000	0,006
1060,000	0,008
1062,000	0,007
1064,000	0,015
1066,000	0,005
1068,000	0,008
1070,000	0,008
1072,000	0,014
1074,000	0,008
1076,000	0,009
1078,000	0,006
1080,000	0,008
1082,000	0,010
1084,000	0,004
1086,000	0,006
1088,000	0,006
1090,000	0,011
1092,000	0,013
1094,000	0,009
1096,000	0,005
1098,000	0,005
1100,000	0,009
1102,000	0,004
1104,000	0,003
1106,000	0,007
1108,000	0,005
1110,000	0,003
1112,000	0,007
1114,000	0,009
1116,000	0,006
1118,000	0,007
1120,000	0,011
1122,000	0,006
1124,000	0,003
1126,000	0,008
1128,000	0,012
1130,000	0,006
1132,000	0,009
1134,000	0,003
1136,000	0,013
1138,000	0,005
1140,000	0,010
1142,000	0,010
1144,000	0,008
1146,000	0,008
1148,000	0,007
1150,000	0,007
1152,000	0,006
1154,000	0,009
1156,000	0,012
1158,000	0,002
1160,000	0,009
1162,000	0,004
1164,000	0,009
1166,000	0,015
1168,000	0,006
1170,000	0,009
1172,000	0,011
1174,000	0,005
1176,000	0,013
1178,000	0,007
1180,000	0,008
1182,000	0,002
1184,000	0,009
1186,000	0,004
1188,000	0,009
1190,000	0,008
1192,000	0,013
1194,000	0,006
1196,000	0,010
1198,000	0,008
1200,000	0,002
1202,000	0,007
1204,000	0,007
1206,000	0,012
1208,000	0,012
1210,000	0,006
1212,000	0,016
1214,000	0,008
1216,000	0,008
1218,000	0,012
1220,000	0,011
1222,000	0,006
1224,000	0,001
1226,000	0,006
1228,000	0,013
1230,000	0,010
1232,000	0,009
1234,000	0,002
1236,000	0,010
1238,000	0,007
1240,000	0,006
1242,000	0,007
1244,000	0,005
1246,000	0,007
1248,000	0,010
1250,000	0,006
1252,000	0,007
1254,000	0,006
1256,000	0,008
1258,000	0,006
1260,000	0,006
1262,000	0,007
1264,000	0,004
1266,000	0,010
1268,000	0,012
1270,000	0,007
1272,000	0,008
1274,000	0,013
1276,000	0,003
1278,000	0,009
1280,000	0,003
1282,000	0,010
1284,000	0,009
1286,000	0,002
1288,000	0,003
1290,000	0,004
1292,000	0,009
1294,000	0,011
1296,000	0,008
1298,000	0,007
1300,000	0,011
1302,000	0,005
1304,000	0,011
1306,000	0,006
1308,000	0,006
1310,000	0,002
1312,000	0,008
1314,000	0,006
1316,000	0,004
1318,000	0,005
1320,000	0,004
1322,000	0,003
1324,000	0,006
1326,000	0,007
1328,000	0,001
1330,000	0,002
1332,000	0,003
1334,000	0,003
1336,000	0,008
1338,000	0,006
1340,000	0,009
1342,000	0,011
1344,000	0,007
1346,000	0,002
1348,000	0,005
1350,000	0,007
1352,000	0,007
1354,000	0,009
1356,000	0,014
1358,000	0,014
1360,000	0,004
1362,000	0,006
1364,000	0,004
1366,000	0,006
1368,000	0,006
1370,000	0,000
1372,000	0,002
1374,000	0,008
1376,000	0,009
1378,000	0,004
1380,000	0,010
1382,000	0,005
1384,000	0,007
1386,000	0,001
1388,000	0,008
1390,000	0,004
1392,000	0,006
1394,000	0,008
1396,000	0,010
1398,000	0,005
1400,000	0,007
1402,000	0,010
1404,000	0,004
1406,000	0,003
1408,000	0,006
1410,000	0,009
1412,000	0,003
1414,000	0,007
1416,000	0,011
1418,000	0,003
1420,000	0,007
1422,000	0,003
1424,000	0,009
1426,000	0,009
1428,000	0,011
1430,000	0,009
1432,000	0,006
1434,000	0,009
1436,000	0,002
1438,000	0,003
1440,000	0,008
1442,000	0,010
1444,000	0,002
1446,000	0,008
1448,000	0,003
1450,000	0,009
1452,000	0,008
1454,000	0,003
1456,000	0,007
1458,000	0,008
1460,000	0,006
1462,000	0,003
1464,000	0,004
1466,000	0,008
1468,000	0,008
1470,000	0,006
1472,000	0,006
1474,000	0,003
1476,000	0,002
1478,000	0,005
1480,000	0,006
1482,000	0,004
1484,000	0,003
1486,000	0,004
1488,000	0,007
1490,000	0,006
1492,000	0,005
1494,000	0,006
1496,000	0,007
1498,000	0,001
1500,000	0,005
1502,000	0,002
1504,000	0,008
1506,000	0,004
1508,000	0,011
1510,000	0,010
1512,000	0,004
1514,000	0,003
1516,000	0,005
1518,000	0,003
1520,000	0,004
1522,000	0,002
1524,000	0,011
1526,000	0,011
1528,000	0,006
1530,000	0,001
1532,000	0,005
1534,000	0,002
1536,000	0,006
1538,000	0,007
1540,000	0,011
1542,000	0,010
1544,000	0,003
1546,000	0,005
1548,000	0,003
1550,000	0,007
1552,000	0,001
1554,000	0,008
1556,000	0,013
1558,000	0,007
1560,000	0,006
1562,000	0,004
1564,000	0,005
1566,000	0,006
1568,000	0,003
1570,000	0,007
1572,000	0,005
1574,000	0,009
1576,000	0,006
1578,000	0,011
1580,000	0,017
1582,000	0,010
1584,000	0,002
1586,000	0,006
1588,000	0,005
1590,000	0,008
1592,000	0,007
1594,000	0,000
1596,000	0,009
1598,000	0,009
1600,000	0,005
1602,000	0,004
1604,000	0,003
1606,000	0,006
1608,000	0,003
1610,000	0,005
1612,000	0,003
1614,000	0,007
1616,000	0,003
1618,000	0,003
1620,000	0,004
1622,000	0,013
1624,000	0,009
1626,000	0,006
1628,000	0,011
1630,000	0,002
1632,000	0,010
1634,000	0,006
1636,000	0,004
1638,000	0,002
1640,000	0,005
1642,000	0,006
1644,000	0,004
1646,000	0,004
1648,000	0,004
1650,000	0,003
1652,000	0,007
1654,000	0,010
1656,000	0,011
1658,000	0,004
1660,000	0,004
1662,000	0,006
1664,000	0,013
1666,000	0,007
1668,000	0,006
1670,000	0,009
1672,000	0,007
1674,000	0,006
1676,000	0,002
1678,000	0,006
1680,000	0,006
1682,000	0,004
1684,000	0,002
1686,000	0,004
1688,000	0,003
1690,000	0,002
1692,000	0,008
1694,000	0,008
1696,000	0,001
1698,000	0,003
1700,000	0,007
1702,000	0,011
1704,000	0,004
1706,000	0,007
1708,000	0,009
1710,000	0,005
1712,000	0,005
1714,000	0,003
1716,000	0,003
1718,000	0,003
1720,000	0,002
1722,000	0,006
1724,000	0,005
1726,000	0,004
1728,000	0,005
1730,000	0,007
1732,000	0,006
1734,000	0,002
1736,000	0,003
1738,000	0,008
1740,000	0,008
1742,000	0,006
1744,000	0,011
1746,000	0,009
1748,000	0,005
1750,000	0,002
1752,000	0,004
1754,000	0,004
1756,000	0,003
1758,000	0,006
1760,000	0,006
1762,000	0,004
1764,000	0,008
1766,000	0,001
1768,000	0,008
1770,000	0,006
1772,000	0,004
1774,000	0,007
1776,000	0,005
1778,000	0,010
1780,000	0,010
1782,000	0,007
1784,000	0,002
1786,000	0,004
1788,000	0,003
1790,000	0,005
1792,000	0,007
1794,000	0,010
1796,000	0,007
1798,000	0,003
1800,000	0,002
1802,000	0,006
1804,000	0,006
1806,000	0,005
1808,000	0,006
1810,000	0,001
1812,000	0,005
1814,000	0,001
1816,000	0,009
1818,000	0,013
1820,000	0,009
1822,000	0,002
1824,000	0,005
1826,000	0,007
1828,000	0,010
1830,000	0,009
1832,000	0,004
1834,000	0,005
1836,000	0,002
1838,000	0,006
1840,000	0,007
1842,000	0,002
1844,000	0,003
1846,000	0,001
1848,000	0,006
1850,000	0,005
1852,000	0,002
1854,000	0,007
1856,000	0,008
1858,000	0,003
1860,000	0,003
1862,000	0,003
1864,000	0,004
1866,000	0,004
1868,000	0,004
1870,000	0,002
1872,000	0,003
1874,000	0,006
1876,000	0,013
1878,000	0,007
1880,000	0,006
1882,000	0,004
1884,000	0,007
1886,000	0,007
1888,000	0,001
1890,000	0,005
1892,000	0,009
1894,000	0,011
1896,000	0,008
1898,000	0,006
1900,000	0,002
1902,000	0,003
1904,000	0,006
1906,000	0,005
1908,000	0,007
1910,000	0,009
1912,000	0,007
1914,000	0,004
1916,000	0,005
1918,000	0,005
1920,000	0,004
1922,000	0,003
1924,000	0,007
1926,000	0,002
1928,000	0,006
1930,000	0,009
1932,000	0,010
1934,000	0,009
1936,000	0,005
1938,000	0,006
1940,000	0,002
1942,000	0,005
1944,000	0,003
1946,000	0,003
1948,000	0,002
1950,000	0,005
1952,000	0,004
1954,000	0,002
1956,000	0,007
1958,000	0,005
1960,000	0,002
1962,000	0,005
1964,000	0,006
1966,000	0,001
1968,000	0,008
1970,000	0,009
1972,000	0,002
1974,000	0,001
1976,000	0,004
1978,000	0,004
1980,000	0,006
1982,000	0,008
1984,000	0,003
1986,000	0,005
1988,000	0,003
1990,000	0,002
1992,000	0,004
1994,000	0,004
1996,000	0,003
1998,000	0,002
2000,000	0,005
2002,000	0,002
2004,000	0,005
2006,000	0,006
2008,000	0,001
2010,000	0,001
2012,000	0,006
2014,000	0,008
2016,000	0,006
2018,000	0,010
2020,000	0,004
2022,000	0,004
2024,000	0,004
2026,000	0,007
2028,000	0,006
2030,000	0,003
2032,000	0,004
2034,000	0,001
2036,000	0,000
2038,000	0,003
2040,000	0,002
2042,000	0,003
2044,000	0,004
2046,000	0,001
2048,000	0,001
2050,000	0,007
2052,000	0,008
2054,000	0,003
2056,000	0,006
2058,000	0,004
2060,000	0,007
2062,000	0,004
2064,000	0,002
2066,000	0,002
2068,000	0,008
2070,000	0,009
2072,000	0,006
2074,000	0,006
2076,000	0,008
2078,000	0,006
2080,000	0,004
2082,000	0,000
2084,000	0,003
2086,000	0,000
2088,000	0,003
2090,000	0,004
2092,000	0,008
2094,000	0,005
2096,000	0,005
2098,000	0,003
2100,000	0,002
2102,000	0,004
2104,000	0,001
2106,000	0,007
2108,000	0,007
2110,000	0,001
2112,000	0,005
2114,000	0,005
2116,000	0,003
2118,000	0,004
2120,000	0,002
2122,000	0,004
2124,000	0,006
2126,000	0,002
2128,000	0,005
2130,000	0,005
2132,000	0,009
2134,000	0,007
2136,000	0,004
2138,000	0,003
2140,000	0,003
2142,000	0,003
2144,000	0,009
2146,000	0,007
2148,000	0,004
2150,000	0,003
2152,000	0,006
2154,000	0,007
2156,000	0,003
2158,000	0,003
2160,000	0,005
2162,000	0,004
2164,000	0,007
2166,000	0,003
2168,000	0,007
2170,000	0,010
2172,000	0,004
2174,000	0,007
2176,000	0,007
2178,000	0,002
2180,000	0,007
2182,000	0,005
2184,000	0,003
2186,000	0,007
2188,000	0,004
2190,000	0,003
2192,000	0,005
2194,000	0,002
2196,000	0,004
2198,000	0,005
2200,000	0,003
2202,000	0,002
2204,000	0,007
2206,000	0,004
2208,000	0,003
2210,000	0,002
2212,000	0,005
2214,000	0,001
2216,000	0,010
2218,000	0,011
2220,000	0,004
2222,000	0,006
2224,000	0,003
2226,000	0,004
2228,000	0,001
2230,000	0,005
2232,000	0,003
2234,000	0,004
2236,000	0,006
2238,000	0,009
2240,000	0,007
2242,000	0,004
2244,000	0,009
2246,000	0,007
2248,000	0,000
2250,000	0,002
2252,000	0,003
2254,000	0,004
2256,000	0,000
2258,000	0,005
2260,000	0,004
2262,000	0,002
2264,000	0,002
2266,000	0,002
2268,000	0,005
2270,000	0,003
2272,000	0,004
2274,000	0,004
2276,000	0,002
2278,000	0,005
2280,000	0,003
2282,000	0,004
2284,000	0,007
2286,000	0,006
2288,000	0,002
2290,000	0,003
2292,000	0,007
2294,000	0,006
2296,000	0,004
2298,000	0,003
2300,000	0,002
2302,000	0,005
2304,000	0,008
2306,000	0,005
2308,000	0,001
2310,000	0,003
2312,000	0,006
2314,000	0,003
2316,000	0,006
2318,000	0,008
2320,000	0,008
2322,000	0,007
2324,000	0,002
2326,000	0,001
2328,000	0,004
2330,000	0,008
2332,000	0,008
2334,000	0,003
2336,000	0,004
2338,000	0,004
2340,000	0,000
2342,000	0,002
2344,000	0,002
2346,000	0,001
2348,000	0,004
2350,000	0,002
2352,000	0,007
2354,000	0,008
2356,000	0,001
2358,000	0,003
2360,000	0,002
2362,000	0,002
2364,000	0,007
2366,000	0,009
2368,000	0,005
2370,000	0,005
2372,000	0,007
2374,000	0,005
2376,000	0,004
2378,000	0,004
2380,000	0,007
2382,000	0,003
2384,000	0,005
2386,000	0,007
2388,000	0,003
2390,000	0,005
2392,000	0,001
2394,000	0,003
2396,000	0,003
2398,000	0,001
2400,000	0,004
2402,000	0,004
2404,000	0,000
2406,000	0,003
2408,000	0,007
2410,000	0,004
2412,000	0,004
2414,000	0,004
2416,000	0,001
2418,000	0,001
2420,000	0,007
2422,000	0,007
2424,000	0,000
2426,000	0,005
2428,000	0,005
2430,000	0,003
2432,000	0,002
2434,000	0,005
2436,000	0,002
2438,000	0,002
2440,000	0,006
2442,000	0,005
2444,000	0,002
2446,000	0,003
2448,000	0,004
2450,000	0,007
2452,000	0,002
2454,000	0,006
2456,000	0,003
2458,000	0,006
2460,000	0,005
2462,000	0,005
2464,000	0,003
2466,000	0,005
2468,000	0,006
2470,000	0,005
2472,000	0,007
2474,000	0,006
2476,000	0,001
2478,000	0,004
2480,000	0,003
2482,000	0,003
2484,000	0,005
2486,000	0,005
2488,000	0,006
2490,000	0,007
2492,000	0,004
2494,000	0,002
2496,000	0,004
2498,000	0,006
2500,000	0,006
2502,000	0,005
2504,000	0,005
2506,000	0,006
2508,000	0,005
2510,000	0,003
2512,000	0,003
2514,000	0,005
2516,000	0,002
2518,000	0,002
2520,000	0,002
2522,000	0,007
2524,000	0,006
2526,000	0,001
2528,000	0,002
2530,000	0,001
2532,000	0,004
2534,000	0,003
2536,000	0,005
2538,000	0,006
2540,000	0,006
2542,000	0,003
2544,000	0,003
2546,000	0,002
2548,000	0,004
2550,000	0,003
2552,000	0,006
2554,000	0,009
2556,000	0,002
2558,000	0,003
2560,000	0,000
2562,000	0,007
2564,000	0,009
2566,000	0,004
2568,000	0,005
2570,000	0,007
2572,000	0,003
2574,000	0,007
2576,000	0,006
2578,000	0,003
2580,000	0,002
2582,000	0,004
2584,000	0,001
2586,000	0,004
2588,000	0,006
2590,000	0,004
2592,000	0,003
2594,000	0,002
2596,000	0,005
2598,000	0,004
2600,000	0,005
2602,000	0,006
2604,000	0,002
2606,000	0,004
2608,000	0,003
2610,000	0,003
2612,000	0,001
2614,000	0,005
2616,000	0,002
2618,000	0,005
2620,000	0,009
2622,000	0,006
2624,000	0,000
2626,000	0,003
2628,000	0,002
2630,000	0,002
2632,000	0,005
2634,000	0,005
2636,000	0,001
2638,000	0,002
2640,000	0,001
2642,000	0,005
2644,000	0,004
2646,000	0,002
2648,000	0,004
2650,000	0,006
2652,000	0,002
2654,000	0,003
2656,000	0,002
2658,000	0,003
2660,000	0,006
2662,000	0,004
2664,000	0,004
2666,000	0,006
2668,000	0,008
2670,000	0,005
2672,000	0,004
2674,000	0,008
2676,000	0,003
2678,000	0,002
2680,000	0,001
2682,000	0,002
2684,000	0,002
2686,000	0,003
2688,000	0,002
2690,000	0,004
2692,000	0,003
2694,000	0,008
2696,000	0,003
2698,000	0,008
2700,000	0,007
2702,000	0,001
2704,000	0,003
2706,000	0,005
2708,000	0,011
2710,000	0,010
2712,000	0,005
2714,000	0,001
2716,000	0,003
2718,000	0,002
2720,000	0,000
2722,000	0,002
2724,000	0,005
2726,000	0,007
2728,000	0,004
2730,000	0,005
2732,000	0,003
2734,000	0,008
2736,000	0,009
2738,000	0,004
2740,000	0,009
2742,000	0,008
2744,000	0,003
2746,000	0,003
2748,000	0,006
2750,000	0,007
2752,000	0,004
2754,000	0,006
2756,000	0,006
2758,000	0,004
2760,000	0,006
2762,000	0,004
2764,000	0,000
2766,000	0,003
2768,000	0,002
2770,000	0,004
2772,000	0,005
2774,000	0,001
2776,000	0,006
2778,000	0,006
2780,000	0,004
2782,000	0,003
2784,000	0,003
2786,000	0,005
2788,000	0,004
2790,000	0,001
2792,000	0,002
2794,000	0,002
2796,000	0,003
2798,000	0,004
2800,000	0,002
2802,000	0,002
2804,000	0,005
2806,000	0,006
2808,000	0,004
2810,000	0,004
2812,000	0,005
2814,000	0,007
2816,000	0,005
2818,000	0,001
2820,000	0,003
2822,000	0,002
2824,000	0,001
2826,000	0,004
2828,000	0,005
2830,000	0,005
2832,000	0,004
2834,000	0,004
2836,000	0,005
2838,000	0,004
2840,000	0,008
2842,000	0,006
2844,000	0,002
2846,000	0,005
2848,000	0,001
2850,000	0,005
2852,000	0,006
2854,000	0,004
2856,000	0,003
2858,000	0,002
2860,000	0,002
2862,000	0,007
2864,000	0,007
2866,000	0,002
2868,000	0,003
2870,000	0,001
2872,000	0,004
2874,000	0,005
2876,000	0,003
2878,000	0,002
2880,000	0,000
2882,000	0,001
2884,000	0,002
2886,000	0,004
2888,000	0,005
2890,000	0,003
2892,000	0,001
2894,000	0,002
2896,000	0,001
2898,000	0,004
2900,000	0,003
2902,000	0,000
2904,000	0,001
2906,000	0,004
2908,000	0,002
2910,000	0,007
2912,000	0,007
2914,000	0,002
2916,000	0,008
2918,000	0,008
2920,000	0,003
2922,000	0,002
2924,000	0,002
2926,000	0,003
2928,000	0,004
2930,000	0,006
2932,000	0,006
2934,000	0,006
2936,000	0,005
2938,000	0,001
2940,000	0,001
2942,000	0,002
2944,000	0,004
2946,000	0,008
2948,000	0,007
2950,000	0,003
2952,000	0,004
2954,000	0,003
2956,000	0,004
2958,000	0,003
2960,000	0,005
2962,000	0,003
2964,000	0,006
2966,000	0,004
2968,000	0,005
2970,000	0,004
2972,000	0,003
2974,000	0,008
2976,000	0,005
2978,000	0,002
2980,000	0,004
2982,000	0,003
2984,000	0,005
2986,000	0,005
2988,000	0,002
2990,000	0,003
2992,000	0,003
2994,000	0,002
2996,000	0,002
2998,000	0,007
3000,000	0,007
3002,000	0,001
3004,000	0,004
3006,000	0,003
3008,000	0,001
3010,000	0,004
3012,000	0,004
3014,000	0,002
3016,000	0,001
3018,000	0,003
3020,000	0,002
3022,000	0,004
3024,000	0,009
3026,000	0,007
3028,000	0,004
3030,000	0,003
3032,000	0,006
3034,000	0,003
3036,000	0,008
3038,000	0,009
3040,000	0,003
3042,000	0,005
3044,000	0,005
3046,000	0,004
3048,000	0,005
3050,000	0,002
3052,000	0,006
3054,000	0,004
3056,000	0,003
3058,000	0,004
3060,000	0,002
3062,000	0,004
3064,000	0,007
3066,000	0,002
3068,000	0,006
3070,000	0,008
3072,000	0,004
3074,000	0,003
3076,000	0,005
3078,000	0,002
3080,000	0,003
3082,000	0,005
3084,000	0,003
3086,000	0,002
3088,000	0,004
3090,000	0,004
3092,000	0,003
3094,000	0,005
3096,000	0,006
3098,000	0,003
3100,000	0,002
3102,000	0,001
3104,000	0,004
3106,000	0,004
3108,000	0,001
3110,000	0,003
3112,000	0,003
3114,000	0,001
3116,000	0,004
3118,000	0,003
3120,000	0,002
3122,000	0,002
3124,000	0,005
3126,000	0,004
3128,000	0,005
3130,000	0,004
3132,000	0,003
3134,000	0,005
3136,000	0,008
3138,000	0,009
3140,000	0,006
3142,000	0,002
3144,000	0,002
3146,000	0,003
3148,000	0,001
3150,000	0,003
3152,000	0,006
3154,000	0,001
3156,000	0,007
3158,000	0,007
3160,000	0,002
3162,000	0,004
3164,000	0,001
3166,000	0,005
3168,000	0,004
3170,000	0,003
3172,000	0,003
3174,000	0,006
3176,000	0,005
3178,000	0,004
3180,000	0,003
3182,000	0,001
3184,000	0,004
3186,000	0,004
3188,000	0,003
3190,000	0,004
3192,000	0,004
3194,000	0,003
3196,000	0,002
3198,000	0,003
3200,000	0,006
3202,000	0,003
3204,000	0,004
3206,000	0,008
3208,000	0,008
3210,000	0,004
3212,000	0,001
3214,000	0,004
3216,000	0,007
3218,000	0,003
3220,000	0,004
3222,000	0,005
3224,000	0,001
3226,000	0,004
3228,000	0,004
3230,000	0,007
3232,000	0,004
3234,000	0,001
3236,000	0,003
3238,000	0,003
3240,000	0,002
3242,000	0,005
3244,000	0,009
3246,000	0,008
3248,000	0,003
3250,000	0,003
3252,000	0,006
3254,000	0,004
3256,000	0,003
3258,000	0,006
3260,000	0,010
3262,000	0,007
3264,000	0,003
3266,000	0,007
3268,000	0,004
3270,000	0,001
3272,000	0,004
3274,000	0,003
3276,000	0,005
3278,000	0,006
3280,000	0,002
3282,000	0,007
3284,000	0,008
3286,000	0,010
3288,000	0,007
3290,000	0,006
3292,000	0,006
3294,000	0,006
3296,000	0,007
3298,000	0,005
3300,000	0,002
3302,000	0,004
3304,000	0,002
3306,000	0,003
3308,000	0,001
3310,000	0,003
3312,000	0,003
3314,000	0,004
3316,000	0,006
3318,000	0,004
3320,000	0,003
3322,000	0,002
3324,000	0,004
3326,000	0,005
3328,000	0,003
3330,000	0,007
3332,000	0,003
3334,000	0,002
3336,000	0,002
3338,000	0,002
3340,000	0,001
3342,000	0,002
3344,000	0,003
3346,000	0,002
3348,000	0,004
3350,000	0,004
3352,000	0,000
3354,000	0,003
3356,000	0,002
3358,000	0,002
3360,000	0,003
3362,000	0,003
3364,000	0,004
3366,000	0,006
3368,000	0,004
3370,000	0,003
3372,000	0,003
3374,000	0,003
3376,000	0,003
3378,000	0,004
3380,000	0,002
3382,000	0,001
3384,000	0,001
3386,000	0,002
3388,000	0,003
3390,000	0,004
3392,000	0,006
3394,000	0,006
3396,000	0,003
3398,000	0,001
3400,000	0,003
3402,000	0,001
3404,000	0,005
3406,000	0,006
3408,000	0,003
3410,000	0,004
3412,000	0,004
3414,000	0,005
3416,000	0,003
3418,000	0,002
3420,000	0,004
3422,000	0,009
3424,000	0,009
3426,000	0,004
3428,000	0,003
3430,000	0,005
3432,000	0,002
3434,000	0,006
3436,000	0,010
3438,000	0,008
3440,000	0,004
3442,000	0,004
3444,000	0,005
3446,000	0,005
3448,000	0,003
3450,000	0,003
3452,000	0,003
3454,000	0,002
3456,000	0,008
3458,000	0,011
3460,000	0,005
3462,000	0,006
3464,000	0,007
3466,000	0,002
3468,000	0,004
3470,000	0,007
3472,000	0,005
3474,000	0,001
3476,000	0,003
3478,000	0,002
3480,000	0,002
3482,000	0,001
3484,000	0,004
3486,000	0,002
3488,000	0,005
3490,000	0,009
3492,000	0,004
3494,000	0,003
3496,000	0,003
3498,000	0,009
3500,000	0,008
3502,000	0,001
3504,000	0,007
3506,000	0,007
3508,000	0,003
3510,000	0,002
3512,000	0,004
3514,000	0,006
3516,000	0,004
3518,000	0,003
3520,000	0,003
3522,000	0,001
3524,000	0,004
3526,000	0,005
3528,000	0,003
3530,000	0,005
3532,000	0,006
3534,000	0,003
3536,000	0,006
3538,000	0,002
3540,000	0,004
3542,000	0,003
3544,000	0,004
3546,000	0,003
3548,000	0,003
3550,000	0,004
3552,000	0,003
3554,000	0,002
3556,000	0,003
3558,000	0,003
3560,000	0,001
3562,000	0,005
3564,000	0,007
3566,000	0,005
3568,000	0,003
3570,000	0,006
3572,000	0,008
3574,000	0,007
3576,000	0,006
3578,000	0,007
3580,000	0,005
3582,000	0,002
3584,000	0,002
3586,000	0,003
3588,000	0,002
3590,000	0,005
3592,000	0,003
3594,000	0,003
3596,000	0,005
3598,000	0,002
3600,000	0,001
3602,000	0,001
3604,000	0,002
3606,000	0,007
3608,000	0,006
3610,000	0,002
3612,000	0,002
3614,000	0,002
3616,000	0,004
3618,000	0,002
3620,000	0,003
3622,000	0,003
3624,000	0,003
3626,000	0,004
3628,000	0,006
3630,000	0,004
3632,000	0,001
3634,000	0,001
3636,000	0,003
3638,000	0,002
3640,000	0,004
3642,000	0,006
3644,000	0,000
3646,000	0,008
3648,000	0,008
3650,000	0,003
3652,000	0,002
3654,000	0,000
3656,000	0,003
3658,000	0,002
3660,000	0,001
3662,000	0,003
3664,000	0,003
3666,000	0,003
3668,000	0,003
3670,000	0,007
3672,000	0,010
3674,000	0,010
3676,000	0,006
3678,000	0,001
3680,000	0,002
3682,000	0,002
3684,000	0,004
3686,000	0,004
3688,000	0,004
3690,000	0,002
3692,000	0,001
3694,000	0,003
3696,000	0,003
3698,000	0,001
3700,000	0,003
3702,000	0,004
3704,000	0,005
3706,000	0,004
3708,000	0,005
3710,000	0,006
3712,000	0,005
3714,000	0,002
3716,000	0,001
3718,000	0,001
3720,000	0,002
3722,000	0,002
3724,000	0,003
3726,000	0,003
3728,000	0,002
3730,000	0,001
3732,000	0,005
3734,000	0,006
3736,000	0,006
3738,000	0,004
3740,000	0,004
3742,000	0,006
3744,000	0,006
3746,000	0,004
3748,000	0,001
3750,000	0,001
3752,000	0,002
3754,000	0,003
3756,000	0,001
3758,000	0,001
3760,000	0,002
3762,000	0,005
3764,000	0,006
3766,000	0,006
3768,000	0,004
3770,000	0,003
3772,000	0,005
3774,000	0,004
3776,000	0,002
3778,000	0,005
3780,000	0,005
3782,000	0,003
3784,000	0,005
3786,000	0,003
3788,000	0,001
3790,000	0,002
3792,000	0,002
3794,000	0,002
3796,000	0,004
3798,000	0,006
3800,000	0,006
3802,000	0,005
3804,000	0,001
3806,000	0,005
3808,000	0,006
3810,000	0,002
3812,000	0,004
3814,000	0,002
3816,000	0,002
3818,000	0,004
3820,000	0,003
3822,000	0,001
3824,000	0,001
3826,000	0,006
3828,000	0,009
3830,000	0,007
3832,000	0,002
3834,000	0,004
3836,000	0,005
3838,000	0,007
3840,000	0,008
3842,000	0,006
3844,000	0,004
3846,000	0,002
3848,000	0,002
3850,000	0,002
3852,000	0,002
3854,000	0,000
3856,000	0,003
3858,000	0,005
3860,000	0,006
3862,000	0,007
3864,000	0,005
3866,000	0,006
3868,000	0,008
3870,000	0,005
3872,000	0,002
3874,000	0,001
3876,000	0,004
3878,000	0,005
3880,000	0,005
3882,000	0,008
3884,000	0,006
3886,000	0,003
3888,000	0,002
3890,000	0,002
3892,000	0,003
3894,000	0,002
3896,000	0,001
3898,000	0,002
3900,000	0,003
3902,000	0,001
3904,000	0,005
3906,000	0,005
3908,000	0,002
3910,000	0,006
3912,000	0,005
3914,000	0,004
3916,000	0,004
3918,000	0,000
3920,000	0,001
3922,000	0,004
3924,000	0,005
3926,000	0,002
3928,000	0,004
3930,000	0,005
3932,000	0,001
3934,000	0,004
3936,000	0,004
3938,000	0,002
3940,000	0,003
3942,000	0,005
3944,000	0,004
3946,000	0,001
3948,000	0,001
3950,000	0,001
3952,000	0,004
3954,000	0,006
3956,000	0,006
3958,000	0,004
3960,000	0,004
3962,000	0,001
3964,000	0,002
3966,000	0,003
3968,000	0,005
3970,000	0,005
3972,000	0,002
3974,000	0,004
3976,000	0,003
3978,000	0,004
3980,000	0,006
3982,000	0,002
3984,000	0,004
3986,000	0,003
3988,000	0,004
3990,000	0,004
3992,000	0,001
3994,000	0,003
3996,000	0,006
3998,000	0,004
4000,000	0,000
4002,000	0,001
4004,000	0,003
4006,000	0,006
4008,000	0,003
4010,000	0,003
4012,000	0,002
4014,000	0,002
4016,000	0,004
4018,000	0,001
4020,000	0,002
4022,000	0,002
4024,000	0,001
4026,000	0,001
4028,000	0,001
4030,000	0,004
4032,000	0,005
4034,000	0,002
4036,000	0,003
4038,000	0,004
4040,000	0,002
4042,000	0,003
4044,000	0,005
4046,000	0,003
4048,000	0,003
4050,000	0,005
4052,000	0,001
4054,000	0,005
4056,000	0,003
4058,000	0,004
4060,000	0,004
4062,000	0,001
4064,000	0,004
4066,000	0,006
4068,000	0,004
4070,000	0,001
4072,000	0,006
4074,000	0,007
4076,000	0,004
4078,000	0,000
4080,000	0,004
4082,000	0,005
4084,000	0,003
4086,000	0,004
4088,000	0,002
4090,000	0,003
4092,000	0,004
4094,000	0,004
4096,000	0,003
4098,000	0,001
4100,000	0,003
4102,000	0,005
4104,000	0,001
4106,000	0,006
4108,000	0,005
4110,000	0,001
4112,000	0,006
4114,000	0,006
4116,000	0,003
4118,000	0,003
4120,000	0,008
4122,000	0,008
4124,000	0,004
4126,000	0,003
4128,000	0,001
4130,000	0,003
4132,000	0,005
4134,000	0,005
4136,000	0,004
4138,000	0,003
4140,000	0,005
4142,000	0,007
4144,000	0,004
4146,000	0,003
4148,000	0,005
4150,000	0,006
4152,000	0,004
4154,000	0,001
4156,000	0,002
4158,000	0,002
4160,000	0,002
4162,000	0,003
4164,000	0,000
4166,000	0,002
4168,000	0,002
4170,000	0,007
4172,000	0,008
4174,000	0,007
4176,000	0,008
4178,000	0,007
4180,000	0,004
4182,000	0,004
4184,000	0,005
4186,000	0,000
4188,000	0,005
4190,000	0,004
4192,000	0,001
4194,000	0,002
4196,000	0,006
4198,000	0,008
4200,000	0,005
4202,000	0,003
4204,000	0,004
4206,000	0,001
4208,000	0,005
4210,000	0,005
4212,000	0,003
4214,000	0,005
4216,000	0,008
4218,000	0,007
4220,000	0,002
4222,000	0,005
4224,000	0,004
4226,000	0,001
4228,000	0,002
4230,000	0,004
4232,000	0,003
4234,000	0,003
4236,000	0,002
4238,000	0,002
4240,000	0,002
4242,000	0,002
4244,000	0,004
4246,000	0,003
4248,000	0,002
4250,000	0,003
4252,000	0,002
4254,000	0,004
4256,000	0,003
4258,000	0,002
4260,000	0,003
4262,000	0,002
4264,000	0,005
4266,000	0,002
4268,000	0,003
4270,000	0,005
4272,000	0,002
4274,000	0,004
4276,000	0,002
4278,000	0,002
4280,000	0,003
4282,000	0,001
4284,000	0,001
4286,000	0,003
4288,000	0,005
4290,000	0,003
4292,000	0,002
4294,000	0,003
4296,000	0,005
4298,000	0,005
4300,000	0,004
4302,000	0,002
4304,000	0,002
4306,000	0,002
4308,000	0,002
4310,000	0,005
4312,000	0,004
4314,000	0,002
4316,000	0,004
4318,000	0,006
4320,000	0,005
4322,000	0,001
4324,000	0,001
4326,000	0,003
4328,000	0,003
4330,000	0,001
4332,000	0,003
4334,000	0,006
4336,000	0,009
4338,000	0,007
4340,000	0,001
4342,000	0,003
4344,000	0,000
4346,000	0,005
4348,000	0,006
4350,000	0,001
4352,000	0,004
4354,000	0,004
4356,000	0,004
4358,000	0,003
4360,000	0,002
4362,000	0,004
4364,000	0,004
4366,000	0,004
4368,000	0,006
4370,000	0,005
4372,000	0,004
4374,000	0,004
4376,000	0,002
4378,000	0,001
4380,000	0,002
4382,000	0,003
4384,000	0,004
4386,000	0,003
4388,000	0,003
4390,000	0,004
4392,000	0,004
4394,000	0,005
4396,000	0,003
4398,000	0,003
4400,000	0,005
4402,000	0,006
4404,000	0,005
4406,000	0,003
4408,000	0,003
4410,000	0,002
4412,000	0,002
4414,000	0,004
4416,000	0,002
4418,000	0,001
4420,000	0,003
4422,000	0,003
4424,000	0,001
4426,000	0,002
4428,000	0,003
4430,000	0,006
4432,000	0,004
4434,000	0,001
4436,000	0,001
4438,000	0,004
4440,000	0,007
4442,000	0,005
4444,000	0,002
4446,000	0,001
4448,000	0,004
4450,000	0,004
4452,000	0,004
4454,000	0,002
4456,000	0,004
4458,000	0,006
4460,000	0,004
4462,000	0,001
4464,000	0,002
4466,000	0,005
4468,000	0,007
4470,000	0,004
4472,000	0,002
4474,000	0,004
4476,000	0,006
4478,000	0,004
4480,000	0,003
4482,000	0,005
4484,000	0,005
4486,000	0,006
4488,000	0,004
4490,000	0,002
4492,000	0,002
4494,000	0,002
4496,000	0,001
4498,000	0,002
4500,000	0,002
4502,000	0,002
4504,000	0,003
4506,000	0,002
4508,000	0,004
4510,000	0,004
4512,000	0,005
4514,000	0,003
4516,000	0,002
4518,000	0,004
4520,000	0,004
4522,000	0,002
4524,000	0,001
4526,000	0,004
4528,000	0,005
4530,000	0,005
4532,000	0,006
4534,000	0,005
4536,000	0,004
4538,000	0,006
4540,000	0,006
4542,000	0,003
4544,000	0,000
4546,000	0,004
4548,000	0,006
4550,000	0,002
4552,000	0,005
4554,000	0,007
4556,000	0,002
4558,000	0,003
4560,000	0,004
4562,000	0,001
4564,000	0,005
4566,000	0,004
4568,000	0,001
4570,000	0,002
4572,000	0,003
4574,000	0,005
4576,000	0,003
4578,000	0,003
4580,000	0,003
4582,000	0,002
4584,000	0,001
4586,000	0,002
4588,000	0,004
4590,000	0,003
4592,000	0,001
4594,000	0,001
4596,000	0,002
4598,000	0,001
4600,000	0,004
4602,000	0,005
4604,000	0,004
4606,000	0,001
4608,000	0,002
4610,000	0,004
4612,000	0,004
4614,000	0,002
4616,000	0,004
4618,000	0,003
4620,000	0,002
4622,000	0,004
4624,000	0,002
4626,000	0,003
4628,000	0,005
4630,000	0,005
4632,000	0,006
4634,000	0,004
4636,000	0,004
4638,000	0,005
4640,000	0,005
4642,000	0,003
4644,000	0,002
4646,000	0,002
4648,000	0,000
4650,000	0,001
4652,000	0,003
4654,000	0,003
4656,000	0,001
4658,000	0,002
4660,000	0,003
4662,000	0,002
4664,000	0,002
4666,000	0,001
4668,000	0,002
4670,000	0,002
4672,000	0,002
4674,000	0,004
4676,000	0,004
4678,000	0,005
4680,000	0,008
4682,000	0,006
4684,000	0,003
4686,000	0,005
4688,000	0,002
4690,000	0,004
4692,000	0,008
4694,000	0,009
4696,000	0,002
4698,000	0,004
4700,000	0,003
4702,000	0,002
4704,000	0,002
4706,000	0,001
4708,000	0,002
4710,000	0,004
4712,000	0,006
4714,000	0,004
4716,000	0,005
4718,000	0,004
4720,000	0,001
4722,000	0,004
4724,000	0,002
4726,000	0,003
4728,000	0,002
4730,000	0,007
4732,000	0,004
4734,000	0,005
4736,000	0,005
4738,000	0,001
4740,000	0,002
4742,000	0,006
4744,000	0,004
4746,000	0,001
4748,000	0,002
4750,000	0,003
4752,000	0,001
4754,000	0,006
4756,000	0,008
4758,000	0,003
4760,000	0,003
4762,000	0,003
4764,000	0,001
4766,000	0,002
4768,000	0,005
4770,000	0,007
4772,000	0,005
4774,000	0,004
4776,000	0,004
4778,000	0,003
4780,000	0,002
4782,000	0,002
4784,000	0,002
4786,000	0,003
4788,000	0,004
4790,000	0,003
4792,000	0,002
4794,000	0,002
4796,000	0,001
4798,000	0,002
4800,000	0,002
4802,000	0,004
4804,000	0,001
4806,000	0,003
4808,000	0,005
4810,000	0,004
4812,000	0,002
4814,000	0,003
4816,000	0,005
4818,000	0,009
4820,000	0,006
4822,000	0,002
4824,000	0,001
4826,000	0,006
4828,000	0,007
4830,000	0,001
4832,000	0,003
4834,000	0,002
4836,000	0,003
4838,000	0,000
4840,000	0,002
4842,000	0,002
4844,000	0,004
4846,000	0,005
4848,000	0,007
4850,000	0,003
4852,000	0,004
4854,000	0,002
4856,000	0,002
4858,000	0,000
4860,000	0,003
4862,000	0,001
4864,000	0,005
4866,000	0,004
4868,000	0,005
4870,000	0,004
4872,000	0,007
4874,000	0,011
4876,000	0,007
4878,000	0,004
4880,000	0,004
4882,000	0,001
4884,000	0,002
4886,000	0,004
4888,000	0,006
4890,000	0,005
4892,000	0,002
4894,000	0,001
4896,000	0,002
4898,000	0,002
4900,000	0,001
4902,000	0,005
4904,000	0,007
4906,000	0,005
4908,000	0,003
4910,000	0,001
4912,000	0,003
4914,000	0,002
4916,000	0,003
4918,000	0,006
4920,000	0,009
4922,000	0,006
4924,000	0,001
4926,000	0,002
4928,000	0,002
4930,000	0,002
4932,000	0,003
4934,000	0,004
4936,000	0,002
4938,000	0,001
4940,000	0,004
4942,000	0,004
4944,000	0,003
4946,000	0,005
4948,000	0,004
4950,000	0,003
4952,000	0,004
4954,000	0,003
4956,000	0,001
4958,000	0,002
4960,000	0,000
4962,000	0,002
4964,000	0,002
4966,000	0,004
4968,000	0,004
4970,000	0,003
4972,000	0,003
4974,000	0,004
4976,000	0,005
4978,000	0,005
4980,000	0,004
4982,000	0,005
4984,000	0,005
4986,000	0,006
4988,000	0,004
4990,000	0,004
4992,000	0,003
4994,000	0,003
4996,000	0,009
4998,000	0,007
5000,000	0,004
