Frequenz (Hz), Amplitude (V), FehlerAmp (V), Phase, FehlerPhase1,300000E+2	1,107921E-5	1,635132E-6	1,208642E-1	2,024699E-1
1,301000E+2	1,718265E-5	1,986644E-7	-2,730292E-1	1,245253E-2
1,302000E+2	1,733055E-5	1,680023E-7	-2,794480E-1	8,925041E-3
1,303000E+2	1,731515E-5	1,470211E-7	-2,755622E-1	1,114548E-2
1,304000E+2	1,712072E-5	2,065375E-7	-2,618598E-1	1,189484E-2
1,305000E+2	1,635821E-5	1,254841E-7	-2,892531E-1	1,056797E-2
1,306000E+2	1,678618E-5	7,885000E-8	-2,786116E-1	8,860257E-3
1,307000E+2	1,625442E-5	1,463643E-7	-2,610749E-1	1,355516E-2
1,308000E+2	1,282976E-5	4,513714E-7	-1,643404E-1	1,898008E-2
1,309000E+2	1,199108E-5	3,443276E-7	-1,558518E-1	1,904602E-2
1,310000E+2	1,403644E-5	2,512553E-7	-8,870014E-2	1,177406E-2
1,311000E+2	1,493106E-5	2,811931E-7	-1,218283E-1	1,253309E-2
1,312000E+2	1,605381E-5	3,352089E-7	-1,812774E-1	2,540978E-2
1,313000E+2	1,708346E-5	8,576230E-8	-2,579786E-1	7,914860E-3
1,314000E+2	1,703424E-5	8,720992E-8	-2,620988E-1	7,568763E-3
1,315000E+2	1,745420E-5	1,001798E-7	-2,528612E-1	6,782695E-3
1,316000E+2	1,753250E-5	9,017824E-8	-2,705277E-1	6,830280E-3
1,317000E+2	1,779944E-5	9,092434E-8	-2,590772E-1	5,805639E-3
1,318000E+2	1,801584E-5	6,987302E-8	-2,525530E-1	6,260597E-3
1,319000E+2	1,827600E-5	8,649409E-8	-2,471244E-1	5,697260E-3
1,320000E+2	1,795941E-5	2,434196E-7	-1,127311E-1	1,809412E-2
1,321000E+2	1,197262E-5	3,305961E-7	-1,118150E-1	1,596002E-2
1,322000E+2	1,128212E-5	7,586641E-8	-1,875273E-1	9,051026E-3
1,323000E+2	1,131784E-5	7,905440E-8	-1,865959E-1	7,909416E-3
1,324000E+2	1,275103E-5	3,710009E-7	-6,802391E-2	1,562035E-2
1,325000E+2	1,175683E-5	2,029330E-7	-1,736234E-1	1,528236E-2
1,326000E+2	1,140548E-5	7,389839E-8	-1,952707E-1	8,301362E-3
1,327000E+2	1,178525E-5	5,756055E-8	-1,935888E-1	6,392697E-3
1,328000E+2	1,176682E-5	7,307844E-8	-1,668705E-1	6,649668E-3
1,329000E+2	1,185700E-5	6,404506E-8	-1,552026E-1	5,732546E-3
1,330000E+2	1,200615E-5	6,822131E-8	-1,397471E-1	4,379845E-3
1,331000E+2	1,198556E-5	7,397161E-8	-1,459767E-1	5,952353E-3
1,332000E+2	1,223278E-5	6,179213E-8	-1,359797E-1	6,776338E-3
1,333000E+2	1,239723E-5	5,246700E-8	-1,399020E-1	5,529665E-3
1,334000E+2	1,259519E-5	4,941845E-8	-1,322133E-1	5,059004E-3
1,335000E+2	1,275506E-5	6,217811E-8	-1,227556E-1	5,098131E-3
1,336000E+2	1,296000E-5	6,037244E-8	-1,203884E-1	3,984720E-3
1,337000E+2	1,322467E-5	5,953091E-8	-1,075013E-1	4,928632E-3
1,338000E+2	1,349678E-5	6,282602E-8	-9,332861E-2	4,203978E-3
1,339000E+2	1,369608E-5	7,708776E-8	-9,653414E-2	5,105160E-3
1,340000E+2	1,409737E-5	5,649444E-8	-7,633569E-2	4,093889E-3
1,341000E+2	1,429497E-5	3,978351E-8	-7,356369E-2	3,721875E-3
1,342000E+2	1,467741E-5	5,404430E-8	-6,424686E-2	3,513324E-3
1,343000E+2	1,506144E-5	5,854538E-8	-3,984573E-2	4,880974E-3
1,344000E+2	1,541045E-5	6,640300E-8	-3,293416E-2	4,489083E-3
1,345000E+2	1,583863E-5	6,773419E-8	-1,756121E-2	3,596438E-3
1,346000E+2	1,624104E-5	6,938960E-8	-7,958045E-4	4,453117E-3
1,347000E+2	1,689567E-5	8,526747E-8	3,425455E-2	3,700511E-3
1,348000E+2	1,714562E-5	6,099224E-8	3,451195E-2	3,834800E-3
1,349000E+2	1,756504E-5	5,893771E-8	5,533827E-2	4,785459E-3
1,350000E+2	1,818157E-5	9,077987E-8	6,089380E-2	4,225473E-3
1,351000E+2	1,878466E-5	7,269180E-8	8,155825E-2	3,035843E-3
1,352000E+2	1,954187E-5	7,954224E-8	1,109157E-1	3,760260E-3
1,353000E+2	2,030246E-5	6,403611E-8	1,347853E-1	3,030678E-3
1,354000E+2	2,094607E-5	8,065227E-8	1,592133E-1	2,449748E-3
1,355000E+2	2,164270E-5	7,530369E-8	1,778720E-1	2,564135E-3
1,356000E+2	2,251964E-5	6,142489E-8	2,157241E-1	3,220430E-3
1,357000E+2	2,358640E-5	8,010931E-8	2,518929E-1	2,963891E-3
1,358000E+2	2,443748E-5	7,220810E-8	2,955846E-1	2,604715E-3
1,359000E+2	2,528893E-5	6,773950E-8	3,179078E-1	2,640607E-3
1,360000E+2	2,655822E-5	1,044110E-7	3,627807E-1	3,393474E-3
1,361000E+2	2,754660E-5	6,330637E-8	4,120679E-1	3,362670E-3
1,362000E+2	2,853367E-5	5,756664E-8	4,684240E-1	2,327523E-3
1,363000E+2	2,973979E-5	6,517446E-8	5,404167E-1	3,635804E-3
1,364000E+2	3,079293E-5	7,365815E-8	5,941553E-1	3,506664E-3
1,365000E+2	3,235812E-5	9,451514E-8	6,635262E-1	3,956057E-3
1,366000E+2	3,340571E-5	6,687224E-8	7,106299E-1	3,512710E-3
1,367000E+2	3,465439E-5	1,096519E-7	7,924725E-1	5,027537E-3
1,368000E+2	3,442143E-5	6,602526E-8	8,344236E-1	2,311975E-3
1,369000E+2	3,273223E-5	1,256238E-7	8,945052E-1	4,830493E-3
1,370000E+2	3,182903E-5	9,213095E-8	9,303961E-1	3,731251E-3
1,371000E+2	3,027413E-5	9,773682E-8	1,003073E+0	4,619898E-3
1,372000E+2	2,862204E-5	8,336413E-8	1,101347E+0	5,268860E-3
1,373000E+2	2,750387E-5	5,591652E-8	1,188871E+0	4,656691E-3
1,374000E+2	2,641325E-5	4,709094E-8	1,310626E+0	5,706914E-3
1,375000E+2	2,571831E-5	4,285895E-8	1,453206E+0	1,004753E-2
1,376000E+2	2,554097E-5	5,788328E-9	1,529870E+0	4,336652E-3
1,377000E+2	2,555604E-5	5,579102E-9	1,620172E+0	6,380007E-3
1,378000E+2	2,562840E-5	1,029726E-8	1,661035E+0	6,103080E-3
1,379000E+2	2,575837E-5	1,574410E-8	1,706667E+0	4,884689E-3
1,380000E+2	2,584569E-5	1,504556E-8	1,729945E+0	4,011103E-3
1,381000E+2	2,598281E-5	1,796708E-8	1,760103E+0	3,742696E-3
1,382000E+2	2,611572E-5	3,012139E-8	1,784318E+0	5,375041E-3
1,383000E+2	2,625526E-5	2,192345E-8	1,808272E+0	3,557091E-3
1,384000E+2	2,650726E-5	2,509376E-8	1,844807E+0	3,473829E-3
1,385000E+2	2,678986E-5	2,755397E-8	1,880158E+0	3,263735E-3
1,386000E+2	2,686861E-5	6,783264E-8	1,887529E+0	7,609224E-3
1,387000E+2	2,691760E-5	2,417185E-8	1,894783E+0	2,713427E-3
1,388000E+2	2,723932E-5	2,796529E-8	1,928261E+0	2,812923E-3
1,389000E+2	2,751729E-5	2,910647E-8	1,954413E+0	2,658482E-3
1,390000E+2	2,775859E-5	2,731529E-8	1,975445E+0	2,363525E-3
1,391000E+2	2,811637E-5	6,339570E-8	2,003716E+0	4,590560E-3
1,392000E+2	2,911636E-5	9,772814E-8	2,072441E+0	5,968254E-3
1,393000E+2	3,469043E-5	2,412785E-7	2,313561E+0	7,683934E-3
1,394000E+2	3,461118E-5	1,965878E-7	2,311632E+0	6,160206E-3
1,395000E+2	3,497215E-5	2,151844E-7	2,322663E+0	6,641623E-3
1,396000E+2	3,472967E-5	1,728847E-7	2,315602E+0	5,366108E-3
1,397000E+2	3,400898E-5	8,530858E-8	2,292941E+0	2,838424E-3
1,398000E+2	3,403852E-5	1,377040E-7	2,293528E+0	4,848963E-3
1,399000E+2	3,432335E-5	7,234990E-8	2,303345E+0	2,335979E-3
1,400000E+2	3,357244E-5	1,061765E-7	2,277915E+0	3,638511E-3
1,401000E+2	3,359674E-5	6,041409E-8	2,279006E+0	2,116951E-3
1,402000E+2	3,353136E-5	7,654898E-8	2,276650E+0	2,696325E-3
1,403000E+2	3,379674E-5	7,062183E-8	2,285847E+0	2,433615E-3
1,404000E+2	3,391936E-5	5,892765E-8	2,290052E+0	1,985777E-3
1,405000E+2	3,367601E-5	8,049315E-8	2,281657E+0	2,810069E-3
1,406000E+2	3,363604E-5	5,148199E-8	2,280404E+0	1,775947E-3
1,407000E+2	3,369552E-5	5,819951E-8	2,282433E+0	2,007055E-3
1,408000E+2	3,360591E-5	5,491079E-8	2,279347E+0	1,904624E-3
1,409000E+2	3,315713E-5	5,553621E-8	2,263397E+0	2,002884E-3
1,410000E+2	3,292697E-5	3,099659E-8	2,262188E+0	1,802714E-3
1,411000E+2	3,258330E-5	9,182670E-8	2,269309E+0	2,379627E-3
1,412000E+2	3,197443E-5	9,268682E-8	2,287843E+0	2,095448E-3
1,413000E+2	3,129239E-5	8,011439E-8	2,291189E+0	2,385368E-3
1,414000E+2	3,060003E-5	8,954335E-8	2,299891E+0	2,951813E-3
1,415000E+2	2,999029E-5	7,096431E-8	2,315533E+0	2,714167E-3
1,416000E+2	2,953413E-5	8,652120E-8	2,328775E+0	2,833439E-3
1,417000E+2	2,887210E-5	8,658757E-8	2,333893E+0	2,356960E-3
1,418000E+2	2,835411E-5	8,848488E-8	2,335320E+0	2,293980E-3
1,419000E+2	2,767957E-5	5,322977E-8	2,339862E+0	3,113008E-3
1,420000E+2	2,707256E-5	5,893923E-8	2,345635E+0	1,844450E-3
1,421000E+2	2,662178E-5	6,685744E-8	2,361698E+0	2,260123E-3
1,422000E+2	2,619946E-5	5,148931E-8	2,369360E+0	2,344938E-3
1,423000E+2	2,574436E-5	4,902196E-8	2,379939E+0	1,909450E-3
1,424000E+2	2,537929E-5	6,037727E-8	2,394767E+0	1,735840E-3
1,425000E+2	2,491568E-5	7,542332E-8	2,390596E+0	1,914559E-3
1,426000E+2	2,437033E-5	5,221364E-8	2,400142E+0	2,359009E-3
1,427000E+2	2,412317E-5	6,037550E-8	2,406597E+0	2,477902E-3
1,428000E+2	2,371958E-5	7,399273E-8	2,402506E+0	2,413062E-3
1,429000E+2	2,332571E-5	5,693183E-8	2,411391E+0	2,046171E-3
1,430000E+2	2,309510E-5	6,054254E-8	2,422699E+0	3,092675E-3
1,431000E+2	2,241381E-5	5,491809E-8	2,401979E+0	5,089833E-3
1,432000E+2	2,210345E-5	5,201198E-8	2,397550E+0	2,060727E-3
1,433000E+2	2,194776E-5	4,235055E-8	2,406700E+0	2,258470E-3
1,434000E+2	2,164836E-5	6,003522E-8	2,411776E+0	2,336977E-3
1,435000E+2	2,145233E-5	6,503810E-8	2,429768E+0	2,914734E-3
1,436000E+2	2,122749E-5	6,387269E-8	2,444969E+0	2,494747E-3
1,437000E+2	2,100095E-5	6,229003E-8	2,436055E+0	2,874159E-3
1,438000E+2	2,088320E-5	6,563292E-8	2,434076E+0	2,667547E-3
1,439000E+2	2,051676E-5	8,068413E-8	2,451864E+0	2,826527E-3
1,440000E+2	2,047665E-5	6,873772E-8	2,460694E+0	3,570082E-3
1,441000E+2	2,018022E-5	6,934188E-8	2,457991E+0	4,674019E-3
1,442000E+2	2,005773E-5	1,025753E-7	2,453864E+0	3,469092E-3
1,443000E+2	1,991968E-5	9,690701E-8	2,464971E+0	5,258541E-3
1,444000E+2	1,989989E-5	1,086175E-7	2,474413E+0	3,834513E-3
1,445000E+2	1,942356E-5	7,638041E-8	2,469068E+0	5,288304E-3
1,446000E+2	1,919182E-5	1,287266E-7	2,457958E+0	5,555747E-3
1,447000E+2	1,920995E-5	1,008660E-7	2,459561E+0	5,486296E-3
1,448000E+2	1,889868E-5	1,302845E-7	2,469996E+0	7,321012E-3
1,449000E+2	1,883857E-5	1,371883E-7	2,495137E+0	9,541081E-3
1,450000E+2	1,843148E-5	1,836532E-7	2,480624E+0	1,246111E-2
1,451000E+2	1,833245E-5	1,926550E-7	2,468940E+0	1,190452E-2
1,452000E+2	1,817241E-5	3,114436E-7	2,458950E+0	1,540637E-2
1,453000E+2	1,856843E-5	3,816043E-7	2,495013E+0	2,353400E-2
1,454000E+2	1,781237E-5	5,637180E-7	2,490040E+0	3,272139E-2
1,455000E+2	1,799586E-5	4,677421E-7	2,522828E+0	3,920537E-2
1,456000E+2	1,775941E-5	8,656041E-7	2,522596E+0	3,718165E-2
1,457000E+2	1,788844E-5	9,254033E-7	2,505981E+0	4,330308E-2
1,458000E+2	1,710700E-5	8,277768E-7	2,541207E+0	5,422037E-2
1,459000E+2	1,380642E-5	9,029941E-7	2,644052E+0	7,187259E-2
1,460000E+2	1,445570E-5	9,456930E-7	2,349963E+0	5,394941E-2
1,461000E+2	1,873983E-5	1,000841E-6	2,439759E+0	5,375310E-2
