Frequenz (Hz), Amplitude (V), FehlerAmp (V), Phase, FehlerPhase1,300000E+2	1,895896E-5	3,113155E-6	-1,469385E-1	8,511032E-2
1,301000E+2	1,481045E-5	1,750890E-7	-2,748479E-1	1,515270E-2
1,302000E+2	1,503576E-5	1,583827E-7	-2,621461E-1	1,219187E-2
1,303000E+2	1,528312E-5	1,909087E-7	-2,740072E-1	8,372607E-3
1,304000E+2	1,547588E-5	1,562794E-7	-2,712791E-1	1,197545E-2
1,305000E+2	1,547966E-5	1,396360E-7	-3,009933E-1	1,097772E-2
1,306000E+2	1,575872E-5	1,421515E-7	-2,785072E-1	9,951776E-3
1,307000E+2	1,602737E-5	1,145122E-7	-2,757139E-1	1,058141E-2
1,308000E+2	1,616119E-5	1,460131E-7	-2,707348E-1	9,531456E-3
1,309000E+2	1,637285E-5	1,211381E-7	-2,615583E-1	8,580450E-3
1,310000E+2	1,667521E-5	7,055636E-8	-2,595039E-1	8,764145E-3
1,311000E+2	1,696027E-5	1,064003E-7	-2,589722E-1	7,627180E-3
1,312000E+2	1,723136E-5	1,121662E-7	-2,521237E-1	7,209730E-3
1,313000E+2	1,765643E-5	1,223830E-7	-2,364416E-1	7,230529E-3
1,314000E+2	1,758669E-5	9,760761E-8	-2,647880E-1	7,655941E-3
1,315000E+2	1,799334E-5	8,563547E-8	-2,471958E-1	6,664392E-3
1,316000E+2	1,825134E-5	9,907269E-8	-2,417565E-1	5,465355E-3
1,317000E+2	1,860884E-5	8,889768E-8	-2,318699E-1	5,565758E-3
1,318000E+2	1,888861E-5	9,638352E-8	-2,236286E-1	5,838408E-3
1,319000E+2	1,911494E-5	8,664773E-8	-2,321133E-1	5,680949E-3
1,320000E+2	1,906114E-5	4,433623E-8	-2,440300E-1	2,182153E-3
1,321000E+2	1,971201E-5	8,051558E-8	-2,354056E-1	4,472936E-3
1,322000E+2	2,011199E-5	7,531201E-8	-2,262747E-1	5,264001E-3
1,323000E+2	2,043569E-5	7,998571E-8	-2,124891E-1	4,064355E-3
1,324000E+2	2,083209E-5	7,427636E-8	-2,012830E-1	4,219125E-3
1,325000E+2	2,126299E-5	1,644985E-7	-2,212041E-1	3,825182E-3
1,326000E+2	2,151148E-5	6,326244E-8	-2,095205E-1	3,392380E-3
1,327000E+2	2,198173E-5	6,237027E-8	-1,980272E-1	2,952482E-3
1,328000E+2	2,224112E-5	6,766229E-8	-2,005927E-1	1,753537E-3
1,329000E+2	2,288722E-5	6,823517E-8	-1,754136E-1	3,627268E-3
1,330000E+2	2,317459E-5	7,564768E-8	-1,847853E-1	3,235799E-3
1,331000E+2	2,373149E-5	7,312240E-8	-1,702226E-1	2,866179E-3
1,332000E+2	2,421519E-5	5,975612E-8	-1,580339E-1	2,603823E-3
1,333000E+2	2,460126E-5	6,029146E-8	-1,621235E-1	2,434622E-3
1,334000E+2	2,513495E-5	5,877420E-8	-1,494602E-1	2,926811E-3
1,335000E+2	2,510076E-5	1,669618E-7	-9,182873E-2	2,639907E-2
1,336000E+2	2,612141E-5	5,095945E-8	-1,113670E-1	3,013012E-3
1,337000E+2	2,671932E-5	7,016572E-8	-9,523301E-2	2,310423E-3
1,338000E+2	2,719703E-5	6,983932E-8	-1,073938E-1	2,754104E-3
1,339000E+2	2,793731E-5	5,964227E-8	-1,012530E-1	2,265905E-3
1,340000E+2	2,862183E-5	6,986215E-8	-8,723423E-2	1,962226E-3
1,341000E+2	2,923024E-5	4,675919E-8	-9,563944E-2	2,066358E-3
1,342000E+2	3,003927E-5	7,552744E-8	-8,655860E-2	1,768202E-3
1,343000E+2	3,090652E-5	7,304217E-8	-7,263887E-2	2,032227E-3
1,344000E+2	3,165262E-5	7,434834E-8	-5,526572E-2	2,155282E-3
1,345000E+2	3,245622E-5	7,044789E-8	-4,682324E-2	1,949246E-3
1,346000E+2	3,344846E-5	7,383424E-8	-3,253718E-2	2,021219E-3
1,347000E+2	3,418124E-5	6,107284E-8	-3,108239E-2	1,518991E-3
1,348000E+2	3,515691E-5	7,459767E-8	-1,206935E-2	2,019584E-3
1,349000E+2	3,629321E-5	7,531233E-8	9,146297E-3	2,214708E-3
1,350000E+2	3,750051E-5	9,540060E-8	3,169845E-2	2,140012E-3
1,351000E+2	3,823728E-5	7,950995E-8	2,583187E-2	2,036296E-3
1,352000E+2	3,947978E-5	1,071462E-7	4,674586E-2	2,346668E-3
1,353000E+2	4,073033E-5	9,412909E-8	6,991737E-2	2,052503E-3
1,354000E+2	4,210954E-5	9,590992E-8	9,631966E-2	2,025900E-3
1,355000E+2	4,364119E-5	8,779241E-8	1,239824E-1	1,555045E-3
1,356000E+2	4,464329E-5	7,034532E-8	1,128309E-1	1,049036E-3
1,357000E+2	4,621421E-5	9,078412E-8	1,418430E-1	1,484340E-3
1,358000E+2	4,785896E-5	1,058061E-7	1,701344E-1	2,062459E-3
1,359000E+2	4,956721E-5	9,353995E-8	2,033826E-1	2,069475E-3
1,360000E+2	5,145735E-5	1,019920E-7	2,378665E-1	1,926308E-3
1,361000E+2	5,313010E-5	9,897983E-8	2,562297E-1	1,483433E-3
1,362000E+2	5,514381E-5	1,170373E-7	2,934096E-1	1,819470E-3
1,363000E+2	5,722713E-5	1,067191E-7	3,318282E-1	2,219657E-3
1,364000E+2	5,907593E-5	1,186864E-7	3,591814E-1	1,657877E-3
1,365000E+2	6,120523E-5	1,640030E-7	4,036623E-1	2,516977E-3
1,366000E+2	6,363067E-5	1,246992E-7	4,546749E-1	2,741157E-3
1,367000E+2	6,599448E-5	1,461026E-7	5,044006E-1	3,200176E-3
1,368000E+2	6,775808E-5	9,694160E-8	5,342063E-1	1,429321E-3
1,369000E+2	6,997383E-5	1,531785E-7	5,915690E-1	3,008859E-3
1,370000E+2	7,223148E-5	1,063347E-7	6,526749E-1	3,573721E-3
1,371000E+2	7,443231E-5	1,069593E-7	7,188176E-1	3,498921E-3
1,372000E+2	7,641859E-5	1,180687E-7	7,865092E-1	3,477824E-3
1,373000E+2	7,811174E-5	1,178571E-7	8,568195E-1	3,546026E-3
1,374000E+2	7,961588E-5	8,410193E-8	9,322623E-1	4,006015E-3
1,375000E+2	8,026251E-5	6,713607E-8	9,874262E-1	3,086211E-3
1,376000E+2	8,097610E-5	5,114791E-8	1,063851E+0	4,125264E-3
1,377000E+2	8,059343E-5	7,474933E-8	1,114650E+0	2,563237E-3
1,378000E+2	8,041443E-5	5,605275E-8	1,189708E+0	4,009723E-3
1,379000E+2	7,963323E-5	8,331174E-8	1,257218E+0	3,728691E-3
1,380000E+2	7,877540E-5	7,247754E-8	1,330358E+0	3,970208E-3
1,381000E+2	7,756903E-5	1,072949E-7	1,403562E+0	3,999981E-3
1,382000E+2	7,602642E-5	8,641707E-8	1,472285E+0	3,867825E-3
1,383000E+2	7,420662E-5	1,146227E-7	1,540652E+0	3,481116E-3
1,384000E+2	7,185470E-5	1,028458E-7	1,588993E+0	2,360208E-3
1,385000E+2	6,988810E-5	1,053259E-7	1,649468E+0	2,932344E-3
1,386000E+2	6,701528E-5	1,605869E-7	1,671559E+0	1,321217E-3
1,387000E+2	6,493069E-5	1,218122E-7	1,724262E+0	2,951327E-3
1,388000E+2	6,274483E-5	1,361569E-7	1,774414E+0	2,864774E-3
1,389000E+2	6,071529E-5	1,003252E-7	1,823338E+0	2,979417E-3
1,390000E+2	5,865691E-5	9,552819E-8	1,867385E+0	2,298190E-3
1,391000E+2	5,637461E-5	1,296844E-7	1,889437E+0	1,830194E-3
1,392000E+2	5,447766E-5	1,398626E-7	1,930881E+0	2,313708E-3
1,393000E+2	5,269036E-5	1,067449E-7	1,970803E+0	1,821147E-3
1,394000E+2	5,090587E-5	9,762731E-8	2,005931E+0	2,026211E-3
1,395000E+2	4,902129E-5	1,144394E-7	2,021433E+0	1,033368E-3
1,396000E+2	4,731675E-5	9,122131E-8	2,048938E+0	1,828774E-3
1,397000E+2	4,578801E-5	8,603777E-8	2,082332E+0	2,006215E-3
1,398000E+2	4,414571E-5	1,059581E-7	2,094984E+0	1,541170E-3
1,399000E+2	4,276489E-5	9,874324E-8	2,119881E+0	2,060495E-3
1,400000E+2	4,149298E-5	7,053146E-8	2,143492E+0	2,266973E-3
1,401000E+2	3,998620E-5	7,543862E-8	2,150656E+0	1,218718E-3
1,402000E+2	3,886242E-5	6,000148E-8	2,174069E+0	1,410090E-3
1,403000E+2	3,774130E-5	6,074451E-8	2,196535E+0	2,047869E-3
1,404000E+2	3,666114E-5	7,326204E-8	2,216836E+0	1,867116E-3
1,405000E+2	3,571499E-5	5,344800E-8	2,237879E+0	1,406862E-3
1,406000E+2	3,463118E-5	7,034924E-8	2,242402E+0	1,563174E-3
1,407000E+2	3,370384E-5	5,837097E-8	2,258989E+0	1,287696E-3
1,408000E+2	3,274707E-5	7,068701E-8	2,268795E+0	1,493671E-3
1,409000E+2	3,203362E-5	5,717525E-8	2,285116E+0	2,120256E-3
1,410000E+2	3,121370E-5	5,196980E-8	2,302407E+0	1,877297E-3
1,411000E+2	3,047826E-5	5,362900E-8	2,310514E+0	3,261171E-3
1,412000E+2	2,960924E-5	4,784365E-8	2,314385E+0	1,300186E-3
1,413000E+2	2,884592E-5	6,676264E-8	2,333081E+0	1,879696E-3
1,414000E+2	2,798899E-5	7,295878E-8	2,312656E+0	2,269877E-3
1,415000E+2	2,758103E-5	7,315257E-8	2,339855E+0	1,846309E-3
1,416000E+2	2,694567E-5	4,249544E-8	2,355070E+0	1,970746E-3
1,417000E+2	2,629861E-5	3,764402E-8	2,367087E+0	1,792026E-3
1,418000E+2	2,562776E-5	3,595065E-8	2,364171E+0	1,676469E-3
1,419000E+2	2,514658E-5	3,625715E-8	2,376384E+0	1,622074E-3
1,420000E+2	2,448953E-5	2,854934E-8	2,373228E+0	1,100931E-3
1,421000E+2	2,402811E-5	3,387049E-8	2,385660E+0	1,420735E-3
1,422000E+2	2,356413E-5	3,267991E-8	2,397269E+0	1,400081E-3
1,423000E+2	2,316117E-5	3,146917E-8	2,410078E+0	1,639340E-3
1,424000E+2	2,275345E-5	3,228655E-8	2,420243E+0	1,629367E-3
1,425000E+2	2,221554E-5	3,815394E-8	2,414366E+0	1,077846E-3
1,426000E+2	2,181628E-5	3,141850E-8	2,425800E+0	1,534621E-3
1,427000E+2	2,123155E-5	3,728214E-8	2,408629E+0	3,026005E-3
1,428000E+2	2,099379E-5	4,830047E-8	2,426179E+0	1,413410E-3
1,429000E+2	2,062501E-5	2,824498E-8	2,438041E+0	1,445383E-3
1,430000E+2	2,028967E-5	2,977674E-8	2,448043E+0	1,360693E-3
1,431000E+2	1,968597E-5	4,371599E-8	2,413052E+0	2,429538E-3
1,432000E+2	1,937154E-5	3,031034E-8	2,423767E+0	1,372043E-3
1,433000E+2	1,908248E-5	2,678053E-8	2,432098E+0	1,391415E-3
1,434000E+2	1,877566E-5	3,060240E-8	2,439026E+0	2,630918E-3
1,435000E+2	1,855379E-5	2,211222E-8	2,453798E+0	1,646788E-3
1,436000E+2	1,825242E-5	2,267147E-8	2,460424E+0	1,799665E-3
1,437000E+2	1,793582E-5	2,433499E-8	2,472154E+0	1,028260E-3
1,438000E+2	1,767858E-5	1,689024E-8	2,466271E+0	1,413294E-3
1,439000E+2	1,740048E-5	1,708705E-8	2,475064E+0	1,254740E-3
1,440000E+2	1,715108E-5	1,994989E-8	2,482693E+0	1,465183E-3
1,441000E+2	1,684444E-5	2,495073E-8	2,472942E+0	1,411622E-3
1,442000E+2	1,662869E-5	2,798209E-8	2,481162E+0	1,772951E-3
1,443000E+2	1,641222E-5	2,050585E-8	2,492379E+0	1,506141E-3
1,444000E+2	1,598584E-5	2,682984E-8	2,469030E+0	1,617947E-3
1,445000E+2	1,578523E-5	2,155060E-8	2,473683E+0	1,229760E-3
1,446000E+2	1,557679E-5	2,928593E-8	2,483714E+0	1,601167E-3
1,447000E+2	1,537407E-5	2,046921E-8	2,490323E+0	1,443947E-3
1,448000E+2	1,518591E-5	2,402956E-8	2,500042E+0	2,006101E-3
1,449000E+2	1,504182E-5	1,590180E-8	2,507203E+0	1,177357E-3
1,450000E+2	1,485620E-5	2,585303E-8	2,514280E+0	2,159139E-3
1,451000E+2	1,452615E-5	3,322824E-8	2,485936E+0	2,044285E-3
1,452000E+2	1,434917E-5	2,519860E-8	2,494706E+0	1,463711E-3
1,453000E+2	1,418076E-5	2,064908E-8	2,499752E+0	1,344205E-3
1,454000E+2	1,399967E-5	1,607851E-8	2,514930E+0	1,923509E-3
1,455000E+2	1,387259E-5	2,498650E-8	2,521442E+0	1,764032E-3
1,456000E+2	1,376300E-5	1,757639E-8	2,527093E+0	1,283648E-3
1,457000E+2	1,360480E-5	2,000625E-8	2,534398E+0	1,632920E-3
1,458000E+2	1,327868E-5	1,737129E-8	2,511225E+0	1,835914E-3
1,459000E+2	1,318929E-5	1,806961E-8	2,516489E+0	1,443772E-3
1,460000E+2	1,301465E-5	2,197751E-8	2,525841E+0	1,403629E-3
1,461000E+2	1,294907E-5	1,458971E-8	2,532968E+0	1,576250E-3
1,462000E+2	1,280820E-5	1,490415E-8	2,540786E+0	1,376935E-3
1,463000E+2	1,261675E-5	1,515466E-8	2,547754E+0	1,568563E-3
1,464000E+2	1,255118E-5	1,462040E-8	2,555031E+0	1,435639E-3
1,465000E+2	1,236073E-5	2,273976E-8	2,545670E+0	2,083248E-3
1,466000E+2	1,215149E-5	1,669772E-8	2,533702E+0	1,258120E-3
1,467000E+2	1,201102E-5	1,343540E-8	2,541780E+0	1,785336E-3
1,468000E+2	1,191853E-5	1,272258E-8	2,549148E+0	1,890080E-3
1,469000E+2	1,180705E-5	1,728417E-8	2,554525E+0	1,506117E-3
1,470000E+2	1,158731E-5	4,992893E-8	2,538940E+0	4,251807E-3
1,471000E+2	1,148080E-5	1,908775E-8	2,530090E+0	1,739287E-3
1,472000E+2	1,138001E-5	2,086724E-8	2,539035E+0	1,868383E-3
1,473000E+2	1,128303E-5	1,766061E-8	2,546270E+0	2,253772E-3
1,474000E+2	1,117726E-5	2,131059E-8	2,557443E+0	2,488870E-3
1,475000E+2	1,104773E-5	2,092708E-8	2,563076E+0	2,225677E-3
1,476000E+2	1,102256E-5	1,702817E-8	2,562945E+0	1,326008E-3
1,477000E+2	1,089927E-5	2,328974E-8	2,576025E+0	2,584404E-3
1,478000E+2	1,067381E-5	3,070380E-8	2,562225E+0	3,318740E-3
1,479000E+2	1,064744E-5	1,712510E-8	2,564420E+0	1,764471E-3
1,480000E+2	1,055397E-5	2,429300E-8	2,573657E+0	2,728591E-3
1,481000E+2	1,037147E-5	2,256739E-8	2,557347E+0	2,441596E-3
