0	-16777216.000000000	
1	-16678677.000000000	
2	-16722446.000000000	
3	-16282837.000000000	
4	-16543402.000000000	
5	-16642353.000000000	
6	-16326008.000000000	
7	-15870511.000000000	
8	-16152140.000000000	
9	-16377387.000000000	
10	-16418637.000000000	
11	-16586925.000000000	
12	-16608578.000000000	
13	-16683856.000000000	
14	-16496528.000000000	
15	-16164564.000000000	
16	-16185373.000000000	
17	-16391256.000000000	
18	-16608910.000000000	
19	-16715403.000000000	
20	-16691710.000000000	
21	-16651600.000000000	
22	-16560899.000000000	
23	-16320250.000000000	
24	-16287399.000000000	
25	-16481811.000000000	
26	-16583420.000000000	
27	-16554116.000000000	
28	-16602268.000000000	
29	-16564599.000000000	
30	-16509875.000000000	
31	-16415948.000000000	
32	-16349382.000000000	
33	-16278718.000000000	
34	-16225392.000000000	
35	-16347622.000000000	
36	-16401585.000000000	
37	-16374287.000000000	
38	-16393552.000000000	
39	-16395812.000000000	
40	-16426777.000000000	
41	-16357849.000000000	
42	-16365130.000000000	
43	-16488128.000000000	
44	-16443092.000000000	
45	-16333296.000000000	
46	-16370544.000000000	
47	-16367993.000000000	
48	-16308241.000000000	
49	-16323950.000000000	
50	-16373970.000000000	
51	-16434778.000000000	
52	-16407712.000000000	
53	-16250618.000000000	
54	-16378496.000000000	
55	-16482415.000000000	
56	-16487610.000000000	
57	-16589023.000000000	
58	-16540780.000000000	
59	-16390723.000000000	
60	-16336665.000000000	
61	-16303705.000000000	
62	-16244235.000000000	
63	-16289475.000000000	
64	-16366184.000000000	
65	-16350396.000000000	
66	-16273178.000000000	
67	-16293701.000000000	
68	-16381370.000000000	
69	-16428282.000000000	
70	-16427000.000000000	
71	-16446503.000000000	
72	-16407125.000000000	
73	-16347388.000000000	
74	-16389447.000000000	
75	-16464564.000000000	
76	-16491107.000000000	
77	-16429695.000000000	
78	-16410645.000000000	
79	-16439364.000000000	
80	-16384634.000000000	
81	-16352685.000000000	
82	-16389283.000000000	
83	-16408063.000000000	
84	-16376108.000000000	
85	-16303049.000000000	
86	-16294823.000000000	
87	-16391839.000000000	
88	-16390643.000000000	
89	-16315576.000000000	
90	-16311109.000000000	
91	-16365276.000000000	
92	-16480594.000000000	
93	-16600978.000000000	
94	-16505217.000000000	
95	-16340767.000000000	
96	-16390082.000000000	
97	-16502927.000000000	
98	-16453173.000000000	
99	-16427666.000000000	
100	-16440151.000000000	
101	-16315455.000000000	
102	-16318273.000000000	
103	-16321462.000000000	
104	-16341751.000000000	
105	-16433868.000000000	
106	-16522427.000000000	
107	-16475409.000000000	
108	-16451210.000000000	
109	-16411438.000000000	
110	-16353223.000000000	
111	-16344192.000000000	
112	-16416165.000000000	
113	-16480143.000000000	
114	-16438579.000000000	
115	-16397369.000000000	
116	-16335411.000000000	
117	-16281657.000000000	
118	-16315591.000000000	
119	-16327601.000000000	
120	-16344735.000000000	
121	-16449368.000000000	
122	-16508253.000000000	
123	-16441594.000000000	
124	-16348236.000000000	
125	-16347453.000000000	
126	-16435079.000000000	
127	-16348234.000000000	
128	-16263776.000000000	
129	-16308124.000000000	
130	-16307416.000000000	
131	-16293289.000000000	
132	-16348698.000000000	
133	-16380949.000000000	
134	-16403933.000000000	
135	-16352815.000000000	
136	-16302149.000000000	
137	-16347436.000000000	
138	-16398740.000000000	
139	-16440689.000000000	
140	-16480327.000000000	
141	-16490008.000000000	
142	-16521900.000000000	
143	-16515835.000000000	
144	-16461751.000000000	
145	-16422914.000000000	
146	-16417605.000000000	
147	-16394405.000000000	
148	-16355549.000000000	
149	-16344162.000000000	
150	-16323534.000000000	
151	-16356637.000000000	
152	-16437183.000000000	
153	-16503007.000000000	
154	-16473876.000000000	
155	-16404230.000000000	
156	-16385417.000000000	
157	-16421381.000000000	
158	-16440548.000000000	
159	-16441566.000000000	
160	-16467484.000000000	
161	-16411804.000000000	
162	-16310575.000000000	
163	-16366515.000000000	
164	-16462528.000000000	
165	-16413908.000000000	
166	-16350000.000000000	
167	-16312472.000000000	
168	-16337674.000000000	
169	-16388173.000000000	
170	-16386730.000000000	
171	-16400950.000000000	
172	-16413334.000000000	
173	-16406354.000000000	
174	-16396414.000000000	
175	-16342177.000000000	
176	-16321154.000000000	
177	-16384179.000000000	
178	-16434862.000000000	
179	-16491239.000000000	
180	-16472465.000000000	
181	-16429864.000000000	
182	-16419190.000000000	
183	-16391504.000000000	
184	-16379213.000000000	
185	-16396980.000000000	
186	-16384167.000000000	
187	-16360442.000000000	
188	-16341423.000000000	
189	-16350136.000000000	
190	-16364811.000000000	
191	-16353210.000000000	
192	-16386125.000000000	
193	-16434452.000000000	
194	-16467082.000000000	
195	-16479191.000000000	
196	-16504998.000000000	
197	-16482635.000000000	
198	-16396630.000000000	
199	-16358702.000000000	
200	-16403604.000000000	
201	-16419732.000000000	
202	-16430832.000000000	
203	-16412884.000000000	
204	-16426746.000000000	
205	-16432227.000000000	
206	-16379016.000000000	
207	-16407836.000000000	
208	-16467321.000000000	
209	-16456332.000000000	
210	-16412114.000000000	
211	-16418060.000000000	
212	-16409252.000000000	
213	-16338276.000000000	
214	-16322347.000000000	
215	-16407317.000000000	
216	-16443190.000000000	
217	-16437626.000000000	
218	-16437669.000000000	
219	-16361972.000000000	
220	-16286280.000000000	
221	-16362041.000000000	
222	-16439870.000000000	
223	-16411910.000000000	
224	-16394358.000000000	
225	-16407980.000000000	
226	-16379106.000000000	
227	-16319904.000000000	
228	-16377801.000000000	
229	-16396996.000000000	
230	-16390452.000000000	
231	-16407317.000000000	
232	-16462382.000000000	
233	-16431433.000000000	
234	-16407342.000000000	
235	-16459642.000000000	
236	-16486136.000000000	
237	-16448263.000000000	
238	-16425245.000000000	
239	-16422935.000000000	
240	-16396101.000000000	
241	-16399890.000000000	
242	-16342097.000000000	
243	-16290081.000000000	
244	-16324180.000000000	
245	-16381841.000000000	
246	-16360889.000000000	
247	-16309252.000000000	
248	-16295286.000000000	
249	-16367639.000000000	
250	-16449562.000000000	
251	-16463671.000000000	
252	-16440452.000000000	
253	-16469353.000000000	
254	-16433100.000000000	
255	-16355610.000000000	
256	-16360543.000000000	
257	-16394850.000000000	
258	-16409213.000000000	
259	-16415171.000000000	
260	-16403215.000000000	
261	-16439948.000000000	
262	-16449330.000000000	
263	-16407686.000000000	
264	-16405688.000000000	
265	-16442676.000000000	
266	-16443457.000000000	
267	-16411279.000000000	
268	-16378589.000000000	
269	-16400738.000000000	
270	-16425989.000000000	
271	-16446682.000000000	
272	-16415334.000000000	
273	-16361410.000000000	
274	-16370496.000000000	
275	-16392681.000000000	
276	-16397664.000000000	
277	-16388654.000000000	
278	-16356066.000000000	
279	-16375387.000000000	
280	-16447166.000000000	
281	-16475288.000000000	
282	-16476183.000000000	
283	-16485609.000000000	
284	-16452802.000000000	
285	-16411581.000000000	
286	-16433376.000000000	
287	-16440466.000000000	
288	-16448018.000000000	
289	-16460379.000000000	
290	-16453655.000000000	
291	-16407557.000000000	
292	-16450304.000000000	
293	-16472082.000000000	
294	-16507657.000000000	
295	-16509029.000000000	
296	-16423647.000000000	
297	-16322200.000000000	
298	-16317492.000000000	
299	-16378716.000000000	
300	-16392243.000000000	
301	-16377385.000000000	
302	-16410778.000000000	
303	-16441750.000000000	
304	-16425535.000000000	
305	-16403943.000000000	
306	-16409056.000000000	
307	-16420205.000000000	
308	-16414923.000000000	
309	-16410738.000000000	
310	-16440632.000000000	
311	-16456878.000000000	
312	-16407504.000000000	
313	-16341818.000000000	
314	-16360208.000000000	
315	-16387735.000000000	
316	-16404908.000000000	
317	-16436596.000000000	
318	-16431032.000000000	
319	-16441272.000000000	
320	-16472377.000000000	
321	-16464258.000000000	
322	-16405350.000000000	
323	-16339434.000000000	
324	-16360979.000000000	
325	-16399421.000000000	
326	-16356810.000000000	
327	-16329978.000000000	
328	-16326674.000000000	
329	-16320190.000000000	
330	-16317420.000000000	
331	-16358038.000000000	
332	-16418148.000000000	
333	-16421425.000000000	
334	-16394245.000000000	
335	-16340486.000000000	
336	-16298126.000000000	
337	-16344432.000000000	
338	-16429041.000000000	
339	-16479553.000000000	
340	-16461984.000000000	
341	-16391282.000000000	
342	-16375407.000000000	
343	-16407529.000000000	
344	-16435236.000000000	
345	-16440103.000000000	
346	-16437489.000000000	
347	-16420348.000000000	
348	-16412152.000000000	
349	-16423573.000000000	
350	-16372840.000000000	
351	-16300477.000000000	
352	-16331212.000000000	
353	-16371871.000000000	
354	-16383242.000000000	
355	-16324532.000000000	
356	-16279569.000000000	
357	-16370532.000000000	
358	-16453595.000000000	
359	-16413541.000000000	
360	-16385995.000000000	
361	-16378778.000000000	
362	-16387611.000000000	
363	-16417087.000000000	
364	-16411418.000000000	
365	-16354236.000000000	
366	-16307423.000000000	
367	-16294374.000000000	
368	-16296605.000000000	
369	-16337998.000000000	
370	-16392432.000000000	
371	-16399628.000000000	
372	-16370965.000000000	
373	-16389492.000000000	
374	-16396824.000000000	
375	-16373054.000000000	
376	-16355948.000000000	
377	-16347627.000000000	
378	-16367684.000000000	
379	-16382568.000000000	
380	-16389260.000000000	
381	-16377238.000000000	
382	-16380609.000000000	
383	-16372629.000000000	
384	-16345926.000000000	
385	-16275348.000000000	
386	-16249352.000000000	
387	-16313351.000000000	
388	-16363370.000000000	
389	-16399850.000000000	
390	-16408736.000000000	
391	-16383131.000000000	
392	-16372009.000000000	
393	-16393891.000000000	
394	-16360062.000000000	
395	-16335097.000000000	
396	-16361042.000000000	
397	-16356847.000000000	
398	-16343184.000000000	
399	-16273049.000000000	
400	-16272324.000000000	
401	-16365368.000000000	
402	-16383799.000000000	
403	-16345620.000000000	
404	-16355308.000000000	
405	-16373150.000000000	
406	-16358065.000000000	
407	-16354726.000000000	
408	-16330575.000000000	
409	-16308819.000000000	
410	-16307965.000000000	
411	-16295340.000000000	
412	-16272627.000000000	
413	-16272846.000000000	
414	-16300229.000000000	
415	-16341398.000000000	
416	-16332361.000000000	
417	-16270674.000000000	
418	-16228143.000000000	
419	-16229967.000000000	
420	-16234020.000000000	
421	-16242803.000000000	
422	-16277276.000000000	
423	-16246730.000000000	
424	-16179107.000000000	
425	-16168937.000000000	
426	-16184554.000000000	
427	-16204788.000000000	
428	-16215403.000000000	
429	-16158576.000000000	
430	-16125090.000000000	
431	-16120196.000000000	
432	-16102400.000000000	
433	-16086898.000000000	
434	-16072139.000000000	
435	-15997636.000000000	
436	-15875564.000000000	
437	-15818984.000000000	
438	-15873949.000000000	
439	-15926179.000000000	
440	-15985754.000000000	
441	-16069878.000000000	
442	-16089921.000000000	
443	-16024096.000000000	
444	-15959427.000000000	
445	-15945161.000000000	
446	-15968753.000000000	
447	-15980059.000000000	
448	-15925019.000000000	
449	-15955229.000000000	
450	-16058728.000000000	
451	-16040218.000000000	
452	-16036255.000000000	
453	-16150611.000000000	
454	-16219035.000000000	
455	-16223171.000000000	
456	-16214470.000000000	
457	-16240453.000000000	
458	-16243864.000000000	
459	-16209568.000000000	
460	-16245456.000000000	
461	-16275779.000000000	
462	-16248760.000000000	
463	-16243856.000000000	
464	-16241057.000000000	
465	-16291575.000000000	
466	-16330273.000000000	
467	-16297303.000000000	
468	-16309418.000000000	
469	-16274288.000000000	
470	-16207473.000000000	
471	-16213231.000000000	
472	-16274285.000000000	
473	-16312040.000000000	
474	-16295072.000000000	
475	-16334323.000000000	
476	-16409213.000000000	
477	-16406259.000000000	
478	-16327671.000000000	
479	-16277573.000000000	
480	-16296779.000000000	
481	-16320590.000000000	
482	-16311503.000000000	
483	-16372726.000000000	
484	-16408468.000000000	
485	-16400068.000000000	
486	-16339194.000000000	
487	-16274312.000000000	
488	-16270135.000000000	
489	-16297519.000000000	
490	-16295510.000000000	
491	-16296302.000000000	
492	-16347969.000000000	
493	-16349049.000000000	
494	-16349300.000000000	
495	-16370328.000000000	
496	-16366868.000000000	
497	-16349837.000000000	
498	-16366480.000000000	
499	-16364145.000000000	
500	-16349118.000000000	
501	-16362087.000000000	
502	-16339578.000000000	
503	-16325852.000000000	
504	-16346194.000000000	
505	-16360782.000000000	
506	-16353913.000000000	
507	-16341241.000000000	
508	-16358907.000000000	
509	-16357195.000000000	
510	-16314167.000000000	
511	-16276626.000000000	
512	-16313670.000000000	
513	-16412392.000000000	
514	-16434198.000000000	
515	-16413691.000000000	
516	-16405413.000000000	
517	-16361586.000000000	
518	-16348786.000000000	
519	-16331241.000000000	
520	-16313799.000000000	
521	-16299556.000000000	
522	-16328956.000000000	
523	-16403113.000000000	
524	-16400522.000000000	
525	-16351752.000000000	
526	-16350928.000000000	
527	-16383079.000000000	
528	-16394435.000000000	
529	-16397379.000000000	
530	-16414311.000000000	
531	-16395922.000000000	
532	-16360593.000000000	
533	-16319160.000000000	
534	-16308638.000000000	
535	-16330139.000000000	
536	-16306665.000000000	
537	-16278162.000000000	
538	-16292409.000000000	
539	-16313452.000000000	
540	-16374394.000000000	
541	-16401765.000000000	
542	-16381064.000000000	
543	-16322493.000000000	
544	-16318431.000000000	
545	-16364119.000000000	
546	-16411183.000000000	
547	-16409034.000000000	
548	-16348118.000000000	
549	-16320131.000000000	
550	-16397012.000000000	
551	-16427977.000000000	
552	-16433647.000000000	
553	-16435102.000000000	
554	-16394690.000000000	
555	-16386619.000000000	
556	-16338044.000000000	
557	-16255406.000000000	
558	-16278694.000000000	
559	-16371861.000000000	
560	-16327294.000000000	
561	-16305969.000000000	
562	-16362839.000000000	
563	-16411905.000000000	
564	-16393327.000000000	
565	-16363035.000000000	
566	-16418333.000000000	
567	-16450889.000000000	
568	-16376222.000000000	
569	-16306678.000000000	
570	-16335356.000000000	
571	-16421415.000000000	
572	-16403302.000000000	
573	-16355302.000000000	
574	-16399596.000000000	
575	-16423834.000000000	
576	-16395838.000000000	
577	-16412088.000000000	
578	-16452465.000000000	
579	-16436522.000000000	
580	-16400718.000000000	
581	-16339827.000000000	
582	-16289646.000000000	
583	-16318624.000000000	
584	-16297337.000000000	
585	-16292775.000000000	
586	-16359158.000000000	
587	-16328829.000000000	
588	-16294569.000000000	
589	-16325500.000000000	
590	-16310725.000000000	
591	-16292585.000000000	
592	-16279706.000000000	
593	-16281652.000000000	
594	-16359351.000000000	
595	-16358692.000000000	
596	-16302457.000000000	
597	-16337480.000000000	
598	-16386792.000000000	
599	-16333634.000000000	
600	-16325651.000000000	
601	-16359954.000000000	
602	-16355143.000000000	
603	-16314922.000000000	
604	-16282409.000000000	
605	-16329765.000000000	
606	-16400805.000000000	
607	-16396233.000000000	
608	-16347688.000000000	
609	-16298098.000000000	
610	-16297077.000000000	
611	-16338747.000000000	
612	-16343146.000000000	
613	-16342512.000000000	
614	-16357442.000000000	
615	-16365859.000000000	
616	-16340481.000000000	
617	-16356442.000000000	
618	-16406647.000000000	
619	-16381638.000000000	
620	-16327955.000000000	
621	-16285002.000000000	
622	-16262143.000000000	
623	-16259076.000000000	
624	-16239482.000000000	
625	-16226897.000000000	
626	-16207872.000000000	
627	-16258889.000000000	
628	-16330428.000000000	
629	-16318065.000000000	
630	-16329162.000000000	
631	-16364600.000000000	
632	-16325744.000000000	
633	-16327071.000000000	
634	-16365647.000000000	
635	-16316361.000000000	
636	-16270992.000000000	
637	-16315440.000000000	
638	-16369975.000000000	
639	-16360508.000000000	
640	-16337091.000000000	
641	-16342770.000000000	
642	-16291147.000000000	
643	-16232939.000000000	
644	-16245357.000000000	
645	-16288196.000000000	
646	-16336580.000000000	
647	-16345011.000000000	
648	-16301075.000000000	
649	-16274031.000000000	
650	-16322365.000000000	
651	-16273345.000000000	
652	-16170781.000000000	
653	-16194749.000000000	
654	-16267957.000000000	
655	-16235183.000000000	
656	-16209502.000000000	
657	-16209436.000000000	
658	-16189957.000000000	
659	-16150571.000000000	
660	-16168866.000000000	
661	-16162148.000000000	
662	-16140010.000000000	
663	-16127628.000000000	
664	-16085225.000000000	
665	-16071932.000000000	
666	-16082219.000000000	
667	-16033966.000000000	
668	-15944184.000000000	
669	-15848094.000000000	
670	-15807413.000000000	
671	-15741450.000000000	
672	-15642661.000000000	
673	-15559902.000000000	
674	-15450082.000000000	
675	-15269937.000000000	
676	-14970212.000000000	
677	-14673561.000000000	
678	-14456812.000000000	
679	-14217066.000000000	
680	-13978566.000000000	
681	-13795993.000000000	
682	-13670295.000000000	
683	-13561233.000000000	
684	-13503806.000000000	
685	-13541656.000000000	
686	-13559242.000000000	
687	-13473867.000000000	
688	-13518751.000000000	
689	-13711777.000000000	
690	-13934409.000000000	
691	-14183628.000000000	
692	-14446570.000000000	
693	-14697013.000000000	
694	-14885777.000000000	
695	-15062243.000000000	
696	-15278734.000000000	
697	-15448629.000000000	
698	-15576834.000000000	
699	-15696896.000000000	
700	-15749549.000000000	
701	-15780442.000000000	
702	-15872514.000000000	
703	-15947274.000000000	
704	-15956657.000000000	
705	-15902765.000000000	
706	-15842177.000000000	
707	-15876953.000000000	
708	-15975714.000000000	
709	-16044356.000000000	
710	-16057209.000000000	
711	-16067797.000000000	
712	-16107304.000000000	
713	-16161054.000000000	
714	-16143316.000000000	
715	-16060288.000000000	
716	-16057421.000000000	
717	-16084381.000000000	
718	-16061564.000000000	
719	-16053444.000000000	
720	-16169199.000000000	
721	-16148376.000000000	
722	-16095805.000000000	
723	-16161395.000000000	
724	-16210405.000000000	
725	-16150983.000000000	
726	-16182355.000000000	
727	-16270200.000000000	
728	-16268530.000000000	
729	-16215202.000000000	
730	-16204082.000000000	
731	-16238213.000000000	
732	-16258617.000000000	
733	-16249641.000000000	
734	-16240340.000000000	
735	-16254868.000000000	
736	-16294293.000000000	
737	-16303509.000000000	
738	-16327368.000000000	
739	-16327769.000000000	
740	-16259330.000000000	
741	-16224537.000000000	
742	-16290642.000000000	
743	-16361089.000000000	
744	-16355232.000000000	
745	-16311699.000000000	
746	-16267239.000000000	
747	-16228294.000000000	
748	-16199376.000000000	
749	-16175269.000000000	
750	-16197832.000000000	
751	-16216039.000000000	
752	-16274065.000000000	
753	-16302013.000000000	
754	-16306395.000000000	
755	-16253834.000000000	
756	-16212811.000000000	
757	-16192000.000000000	
758	-16178469.000000000	
759	-16275020.000000000	
760	-16360395.000000000	
761	-16318867.000000000	
762	-16281999.000000000	
763	-16271671.000000000	
764	-16232350.000000000	
765	-16202459.000000000	
766	-16205155.000000000	
767	-16241490.000000000	
768	-16254019.000000000	
769	-16227104.000000000	
770	-16241007.000000000	
771	-16319687.000000000	
772	-16360605.000000000	
773	-16324982.000000000	
774	-16266449.000000000	
775	-16210074.000000000	
776	-16204631.000000000	
777	-16265091.000000000	
778	-16279093.000000000	
779	-16271050.000000000	
780	-16227489.000000000	
781	-16206711.000000000	
782	-16240077.000000000	
783	-16266993.000000000	
784	-16278843.000000000	
785	-16267585.000000000	
786	-16245659.000000000	
787	-16280011.000000000	
788	-16315807.000000000	
789	-16334061.000000000	
790	-16296350.000000000	
791	-16227656.000000000	
792	-16245268.000000000	
793	-16293819.000000000	
794	-16270157.000000000	
795	-16203427.000000000	
796	-16140831.000000000	
797	-16129767.000000000	
798	-16190487.000000000	
799	-16257905.000000000	
800	-16261917.000000000	
801	-16244126.000000000	
802	-16206964.000000000	
803	-16225986.000000000	
804	-16279754.000000000	
805	-16219044.000000000	
806	-16190041.000000000	
807	-16222211.000000000	
808	-16256388.000000000	
809	-16269907.000000000	
810	-16266107.000000000	
811	-16244044.000000000	
812	-16228552.000000000	
813	-16223946.000000000	
814	-16194887.000000000	
815	-16114631.000000000	
816	-16046065.000000000	
817	-16053279.000000000	
818	-16125852.000000000	
819	-16184619.000000000	
820	-16148386.000000000	
821	-16139208.000000000	
822	-16176712.000000000	
823	-16153050.000000000	
824	-16091443.000000000	
825	-16077439.000000000	
826	-16105338.000000000	
827	-16112370.000000000	
828	-16054766.000000000	
829	-15928572.000000000	
830	-15884031.000000000	
831	-15863242.000000000	
832	-15802910.000000000	
833	-15669206.000000000	
834	-15440089.000000000	
835	-15176696.000000000	
836	-14861783.000000000	
837	-14519320.000000000	
838	-14151870.000000000	
839	-13745000.000000000	
840	-13281308.000000000	
841	-12722210.000000000	
842	-12200304.000000000	
843	-11879754.000000000	
844	-11642150.000000000	
845	-11385031.000000000	
846	-11172509.000000000	
847	-11189786.000000000	
848	-11403727.000000000	
849	-11662885.000000000	
850	-12040016.000000000	
851	-12567460.000000000	
852	-13158719.000000000	
853	-13613795.000000000	
854	-14045838.000000000	
855	-14555278.000000000	
856	-14921180.000000000	
857	-15084001.000000000	
858	-15214225.000000000	
859	-15344564.000000000	
860	-15382360.000000000	
861	-15376947.000000000	
862	-15475804.000000000	
863	-15549449.000000000	
864	-15575296.000000000	
865	-15590819.000000000	
866	-15717315.000000000	
867	-15879499.000000000	
868	-15940655.000000000	
869	-15921119.000000000	
870	-15855311.000000000	
871	-15811705.000000000	
872	-15870033.000000000	
873	-16008824.000000000	
874	-16117022.000000000	
875	-16125046.000000000	
876	-16020337.000000000	
877	-15939227.000000000	
878	-15949720.000000000	
879	-15985217.000000000	
880	-16033170.000000000	
881	-16062173.000000000	
882	-16104382.000000000	
883	-16129309.000000000	
884	-16139458.000000000	
885	-16142067.000000000	
886	-16098428.000000000	
887	-16024451.000000000	
888	-16044580.000000000	
889	-16119452.000000000	
890	-16156019.000000000	
891	-16177954.000000000	
892	-16230348.000000000	
893	-16297456.000000000	
894	-16249803.000000000	
895	-16151930.000000000	
896	-16175090.000000000	
897	-16152086.000000000	
898	-16105747.000000000	
899	-16170297.000000000	
900	-16226873.000000000	
901	-16197610.000000000	
902	-16180131.000000000	
903	-16196053.000000000	
904	-16233283.000000000	
905	-16261703.000000000	
906	-16212643.000000000	
907	-16178766.000000000	
908	-16133491.000000000	
909	-16087797.000000000	
910	-16096891.000000000	
911	-16137661.000000000	
912	-16148713.000000000	
913	-16175688.000000000	
914	-16173341.000000000	
915	-16120690.000000000	
916	-16102810.000000000	
917	-16150846.000000000	
918	-16207974.000000000	
919	-16194708.000000000	
920	-16170479.000000000	
921	-16223187.000000000	
922	-16276439.000000000	
923	-16239555.000000000	
924	-16185834.000000000	
925	-16152399.000000000	
926	-16192588.000000000	
927	-16205337.000000000	
928	-16169286.000000000	
929	-16216083.000000000	
930	-16276883.000000000	
931	-16232974.000000000	
932	-16109249.000000000	
933	-16020428.000000000	
934	-16055331.000000000	
935	-16111952.000000000	
936	-16153220.000000000	
937	-16145660.000000000	
938	-16107888.000000000	
939	-16068408.000000000	
940	-16105530.000000000	
941	-16186559.000000000	
942	-16218353.000000000	
943	-16192248.000000000	
944	-16115198.000000000	
945	-16022561.000000000	
946	-15958562.000000000	
947	-15934756.000000000	
948	-15962843.000000000	
949	-16030341.000000000	
950	-16088751.000000000	
951	-16078113.000000000	
952	-15983400.000000000	
953	-15978830.000000000	
954	-16046368.000000000	
955	-16020515.000000000	
956	-15972724.000000000	
957	-15972557.000000000	
958	-15983696.000000000	
959	-15954097.000000000	
960	-15918344.000000000	
961	-15840640.000000000	
962	-15666325.000000000	
963	-15497375.000000000	
964	-15366482.000000000	
965	-15146115.000000000	
966	-14760979.000000000	
967	-14225648.000000000	
968	-13603446.000000000	
969	-13011231.000000000	
970	-12334709.000000000	
971	-11547213.000000000	
972	-10875601.000000000	
973	-10349267.000000000	
974	-9979647.000000000	
975	-9759359.000000000	
976	-9740500.000000000	
977	-9945682.000000000	
978	-10405712.000000000	
979	-11133558.000000000	
980	-11915630.000000000	
981	-12511644.000000000	
982	-13062847.000000000	
983	-13574716.000000000	
984	-13915748.000000000	
985	-14211464.000000000	
986	-14657503.000000000	
987	-14946860.000000000	
988	-15019859.000000000	
989	-15078572.000000000	
990	-15173290.000000000	
991	-15328223.000000000	
992	-15490225.000000000	
993	-15533872.000000000	
994	-15513298.000000000	
995	-15616210.000000000	
996	-15710447.000000000	
997	-15737445.000000000	
998	-15793308.000000000	
999	-15838015.000000000	
1000	-15871850.000000000	
1001	-15964094.000000000	
1002	-15973878.000000000	
1003	-15891392.000000000	
1004	-15867883.000000000	
1005	-15900068.000000000	
1006	-15916626.000000000	
1007	-15948582.000000000	
1008	-16011803.000000000	
1009	-15988591.000000000	
1010	-15956053.000000000	
1011	-15982937.000000000	
1012	-15958523.000000000	
1013	-15924862.000000000	
1014	-15963558.000000000	
1015	-16041552.000000000	
1016	-16113006.000000000	
1017	-16060312.000000000	
1018	-15905868.000000000	
1019	-15914154.000000000	
1020	-16016889.000000000	
1021	-16037328.000000000	
1022	-16034121.000000000	
1023	-16087839.000000000	
1024	-16134786.000000000	
1025	-16127277.000000000	
1026	-16079813.000000000	
1027	-16060729.000000000	
1028	-16067015.000000000	
1029	-16102515.000000000	
1030	-16118215.000000000	
1031	-16160201.000000000	
1032	-16110799.000000000	
1033	-16044786.000000000	
1034	-16085500.000000000	
1035	-16116504.000000000	
1036	-16076135.000000000	
1037	-16043333.000000000	
1038	-16114226.000000000	
1039	-16203563.000000000	
1040	-16171335.000000000	
1041	-16135532.000000000	
1042	-16184350.000000000	
1043	-16160870.000000000	
1044	-16120997.000000000	
1045	-16153260.000000000	
1046	-16125313.000000000	
1047	-16055499.000000000	
1048	-16052680.000000000	
1049	-16106736.000000000	
1050	-16131133.000000000	
1051	-16145519.000000000	
1052	-16148345.000000000	
1053	-16165761.000000000	
1054	-16119331.000000000	
1055	-16039293.000000000	
1056	-16064322.000000000	
1057	-16027797.000000000	
1058	-15950156.000000000	
1059	-15942973.000000000	
1060	-15995396.000000000	
1061	-16050746.000000000	
1062	-16089241.000000000	
1063	-16074897.000000000	
1064	-16037102.000000000	
1065	-15991273.000000000	
1066	-15911262.000000000	
1067	-15872956.000000000	
1068	-15862293.000000000	
1069	-15800522.000000000	
1070	-15790237.000000000	
1071	-15801282.000000000	
1072	-15690784.000000000	
1073	-15647440.000000000	
1074	-15622233.000000000	
1075	-15412689.000000000	
1076	-15078882.000000000	
1077	-14638232.000000000	
1078	-14115020.000000000	
1079	-13550966.000000000	
1080	-12827472.000000000	
1081	-11891325.000000000	
1082	-10898559.000000000	
1083	-10004734.000000000	
1084	-9268775.000000000	
1085	-8830548.000000000	
1086	-8651989.000000000	
1087	-8764159.000000000	
1088	-9216166.000000000	
1089	-9805354.000000000	
1090	-10537257.000000000	
1091	-11348772.000000000	
1092	-12058266.000000000	
1093	-12688406.000000000	
1094	-13253996.000000000	
1095	-13721076.000000000	
1096	-14012919.000000000	
1097	-14176153.000000000	
1098	-14363839.000000000	
1099	-14563518.000000000	
1100	-14762939.000000000	
1101	-14887832.000000000	
1102	-14998593.000000000	
1103	-15181192.000000000	
1104	-15361715.000000000	
1105	-15432081.000000000	
1106	-15487143.000000000	
1107	-15587157.000000000	
1108	-15688073.000000000	
1109	-15747419.000000000	
1110	-15755426.000000000	
1111	-15769412.000000000	
1112	-15823057.000000000	
1113	-15847808.000000000	
1114	-15820296.000000000	
1115	-15780055.000000000	
1116	-15763373.000000000	
1117	-15787690.000000000	
1118	-15875744.000000000	
1119	-15952840.000000000	
1120	-15969093.000000000	
1121	-15931944.000000000	
1122	-15876869.000000000	
1123	-15845888.000000000	
1124	-15842082.000000000	
1125	-15849250.000000000	
1126	-15853639.000000000	
1127	-15925749.000000000	
1128	-15970859.000000000	
1129	-16017315.000000000	
1130	-16054176.000000000	
1131	-16014593.000000000	
1132	-15998414.000000000	
1133	-16008175.000000000	
1134	-16014782.000000000	
1135	-16038585.000000000	
1136	-16096873.000000000	
1137	-16104933.000000000	
1138	-16055495.000000000	
1139	-15991930.000000000	
1140	-15984888.000000000	
1141	-16054982.000000000	
1142	-16116347.000000000	
1143	-16096690.000000000	
1144	-16060364.000000000	
1145	-16040392.000000000	
1146	-15972471.000000000	
1147	-15935217.000000000	
1148	-16004046.000000000	
1149	-15993470.000000000	
1150	-15962583.000000000	
1151	-15959136.000000000	
1152	-15958494.000000000	
1153	-16002291.000000000	
1154	-16049189.000000000	
1155	-16020650.000000000	
1156	-15973385.000000000	
1157	-15970732.000000000	
1158	-15994394.000000000	
1159	-16004245.000000000	
1160	-16022847.000000000	
1161	-16001740.000000000	
1162	-15980206.000000000	
1163	-15933584.000000000	
1164	-15858907.000000000	
1165	-15799122.000000000	
1166	-15779531.000000000	
1167	-15788365.000000000	
1168	-15770565.000000000	
1169	-15750129.000000000	
1170	-15752310.000000000	
1171	-15689950.000000000	
1172	-15545317.000000000	
1173	-15404303.000000000	
1174	-15274599.000000000	
1175	-15026709.000000000	
1176	-14559077.000000000	
1177	-13992209.000000000	
1178	-13319481.000000000	
1179	-12404848.000000000	
1180	-11365191.000000000	
1181	-10287098.000000000	
1182	-9195262.000000000	
1183	-8353365.000000000	
1184	-7923370.500000000	
1185	-7833045.000000000	
1186	-8137855.500000000	
1187	-8732628.000000000	
1188	-9528530.000000000	
1189	-10421416.000000000	
1190	-11314599.000000000	
1191	-11963260.000000000	
1192	-12463870.000000000	
1193	-12952995.000000000	
1194	-13328032.000000000	
1195	-13634801.000000000	
1196	-13944086.000000000	
1197	-14187712.000000000	
1198	-14384233.000000000	
1199	-14590979.000000000	
1200	-14862333.000000000	
1201	-15051315.000000000	
1202	-15135499.000000000	
1203	-15188833.000000000	
1204	-15228127.000000000	
1205	-15288413.000000000	
1206	-15376377.000000000	
1207	-15433715.000000000	
1208	-15409918.000000000	
1209	-15422729.000000000	
1210	-15490319.000000000	
1211	-15522062.000000000	
1212	-15580031.000000000	
1213	-15680758.000000000	
1214	-15725813.000000000	
1215	-15688069.000000000	
1216	-15669506.000000000	
1217	-15682208.000000000	
1218	-15704704.000000000	
1219	-15718870.000000000	
1220	-15774100.000000000	
1221	-15863813.000000000	
1222	-15932065.000000000	
1223	-15941427.000000000	
1224	-15917272.000000000	
1225	-15873153.000000000	
1226	-15897594.000000000	
1227	-15931300.000000000	
1228	-15906772.000000000	
1229	-15890688.000000000	
1230	-15852409.000000000	
1231	-15858260.000000000	
1232	-15893797.000000000	
1233	-15919824.000000000	
1234	-15954845.000000000	
1235	-15952567.000000000	
1236	-15980984.000000000	
1237	-16007793.000000000	
1238	-15932616.000000000	
1239	-15874586.000000000	
1240	-15870956.000000000	
1241	-15889213.000000000	
1242	-15935342.000000000	
1243	-15901824.000000000	
1244	-15834532.000000000	
1245	-15823339.000000000	
1246	-15869898.000000000	
1247	-15921383.000000000	
1248	-15886786.000000000	
1249	-15812561.000000000	
1250	-15819782.000000000	
1251	-15873630.000000000	
1252	-15827625.000000000	
1253	-15734397.000000000	
1254	-15766222.000000000	
1255	-15829721.000000000	
1256	-15811853.000000000	
1257	-15768672.000000000	
1258	-15721091.000000000	
1259	-15633238.000000000	
1260	-15556265.000000000	
1261	-15419444.000000000	
1262	-15187391.000000000	
1263	-15089679.000000000	
1264	-15034891.000000000	
1265	-14790025.000000000	
1266	-14307128.000000000	
1267	-13629214.000000000	
1268	-12879142.000000000	
1269	-12015868.000000000	
1270	-10905339.000000000	
1271	-9674110.000000000	
1272	-8662570.000000000	
1273	-7916757.000000000	
1274	-7455231.500000000	
1275	-7381075.500000000	
1276	-7755562.500000000	
1277	-8405120.000000000	
1278	-9259093.000000000	
1279	-10227795.000000000	
1280	-11077844.000000000	
1281	-11701834.000000000	
1282	-12276977.000000000	
1283	-12736883.000000000	
1284	-13052835.000000000	
1285	-13294665.000000000	
1286	-13586077.000000000	
1287	-13906326.000000000	
1288	-14165317.000000000	
1289	-14379118.000000000	
1290	-14657596.000000000	
1291	-14840377.000000000	
1292	-14891454.000000000	
1293	-14894691.000000000	
1294	-15032722.000000000	
1295	-15255382.000000000	
1296	-15352708.000000000	
1297	-15368792.000000000	
1298	-15360570.000000000	
1299	-15424819.000000000	
1300	-15554057.000000000	
1301	-15576413.000000000	
1302	-15546937.000000000	
1303	-15569934.000000000	
1304	-15614256.000000000	
1305	-15653555.000000000	
1306	-15642801.000000000	
1307	-15626586.000000000	
1308	-15670833.000000000	
1309	-15694626.000000000	
1310	-15698242.000000000	
1311	-15752901.000000000	
1312	-15828421.000000000	
1313	-15846135.000000000	
1314	-15824129.000000000	
1315	-15828993.000000000	
1316	-15812166.000000000	
1317	-15733880.000000000	
1318	-15714633.000000000	
1319	-15741689.000000000	
1320	-15765246.000000000	
1321	-15840942.000000000	
1322	-15865556.000000000	
1323	-15801725.000000000	
1324	-15821365.000000000	
1325	-15869495.000000000	
1326	-15814959.000000000	
1327	-15747765.000000000	
1328	-15709958.000000000	
1329	-15713451.000000000	
1330	-15743964.000000000	
1331	-15741230.000000000	
1332	-15669244.000000000	
1333	-15618825.000000000	
1334	-15725831.000000000	
1335	-15771255.000000000	
1336	-15686159.000000000	
1337	-15651054.000000000	
1338	-15659306.000000000	
1339	-15650725.000000000	
1340	-15675057.000000000	
1341	-15694166.000000000	
1342	-15669834.000000000	
1343	-15557028.000000000	
1344	-15321851.000000000	
1345	-15082168.000000000	
1346	-14935745.000000000	
1347	-14802026.000000000	
1348	-14472212.000000000	
1349	-13974218.000000000	
1350	-13395443.000000000	
1351	-12742345.000000000	
1352	-11805353.000000000	
1353	-10590207.000000000	
1354	-9401855.000000000	
1355	-8391807.000000000	
1356	-7595303.500000000	
1357	-7125244.500000000	
1358	-7142947.500000000	
1359	-7544444.500000000	
1360	-8195107.000000000	
1361	-9021224.000000000	
1362	-9883775.000000000	
1363	-10703226.000000000	
1364	-11377785.000000000	
1365	-11926731.000000000	
1366	-12377458.000000000	
1367	-12812749.000000000	
1368	-13266708.000000000	
1369	-13614307.000000000	
1370	-13841898.000000000	
1371	-14076313.000000000	
1372	-14345457.000000000	
1373	-14556203.000000000	
1374	-14669572.000000000	
1375	-14756574.000000000	
1376	-14872751.000000000	
1377	-14963831.000000000	
1378	-15096991.000000000	
1379	-15260705.000000000	
1380	-15333541.000000000	
1381	-15332059.000000000	
1382	-15339778.000000000	
1383	-15371651.000000000	
1384	-15410416.000000000	
1385	-15473232.000000000	
1386	-15589214.000000000	
1387	-15634174.000000000	
1388	-15563078.000000000	
1389	-15540956.000000000	
1390	-15586356.000000000	
1391	-15606279.000000000	
1392	-15573930.000000000	
1393	-15589849.000000000	
1394	-15625211.000000000	
1395	-15579137.000000000	
1396	-15517576.000000000	
1397	-15550414.000000000	
1398	-15597476.000000000	
1399	-15697404.000000000	
1400	-15782605.000000000	
1401	-15808767.000000000	
1402	-15753011.000000000	
1403	-15667968.000000000	
1404	-15683580.000000000	
1405	-15650975.000000000	
1406	-15602220.000000000	
1407	-15582985.000000000	
1408	-15574152.000000000	
1409	-15574065.000000000	
1410	-15615832.000000000	
1411	-15606944.000000000	
1412	-15572291.000000000	
1413	-15537195.000000000	
1414	-15485959.000000000	
1415	-15480923.000000000	
1416	-15503152.000000000	
1417	-15484551.000000000	
1418	-15442237.000000000	
1419	-15376228.000000000	
1420	-15213189.000000000	
1421	-15042310.000000000	
1422	-14892603.000000000	
1423	-14756370.000000000	
1424	-14514141.000000000	
1425	-14123927.000000000	
1426	-13755249.000000000	
1427	-13392461.000000000	
1428	-12874139.000000000	
1429	-11987703.000000000	
1430	-10861650.000000000	
1431	-9722920.000000000	
1432	-8709375.000000000	
1433	-7757354.000000000	
1434	-7050150.500000000	
1435	-6782112.000000000	
1436	-7032185.500000000	
1437	-7675092.500000000	
1438	-8494330.000000000	
1439	-9332045.000000000	
1440	-10136741.000000000	
1441	-10833827.000000000	
1442	-11422451.000000000	
1443	-11968240.000000000	
1444	-12425804.000000000	
1445	-12778524.000000000	
1446	-13140328.000000000	
1447	-13505382.000000000	
1448	-13792993.000000000	
1449	-14101355.000000000	
1450	-14345189.000000000	
1451	-14527065.000000000	
1452	-14637964.000000000	
1453	-14646500.000000000	
1454	-14763399.000000000	
1455	-14969804.000000000	
1456	-15079550.000000000	
1457	-15109383.000000000	
1458	-15114370.000000000	
1459	-15125763.000000000	
1460	-15191133.000000000	
1461	-15207517.000000000	
1462	-15205160.000000000	
1463	-15258840.000000000	
1464	-15397890.000000000	
1465	-15449101.000000000	
1466	-15475114.000000000	
1467	-15526141.000000000	
1468	-15561508.000000000	
1469	-15540274.000000000	
1470	-15518344.000000000	
1471	-15543136.000000000	
1472	-15618561.000000000	
1473	-15620651.000000000	
1474	-15574529.000000000	
1475	-15579290.000000000	
1476	-15579388.000000000	
1477	-15549326.000000000	
1478	-15618825.000000000	
1479	-15613836.000000000	
1480	-15565794.000000000	
1481	-15530238.000000000	
1482	-15461293.000000000	
1483	-15450795.000000000	
1484	-15543215.000000000	
1485	-15548331.000000000	
1486	-15509132.000000000	
1487	-15488264.000000000	
1488	-15476686.000000000	
1489	-15459555.000000000	
1490	-15349654.000000000	
1491	-15260037.000000000	
1492	-15304210.000000000	
1493	-15269117.000000000	
1494	-15083895.000000000	
1495	-14953142.000000000	
1496	-14865848.000000000	
1497	-14621023.000000000	
1498	-14232120.000000000	
1499	-13734516.000000000	
1500	-13164917.000000000	
1501	-12516301.000000000	
1502	-11657933.000000000	
1503	-10566225.000000000	
1504	-9472378.000000000	
1505	-8386426.500000000	
1506	-7476735.000000000	
1507	-6884435.000000000	
1508	-6832936.000000000	
1509	-7245223.500000000	
1510	-7917221.000000000	
1511	-8732751.000000000	
1512	-9652429.000000000	
1513	-10450252.000000000	
1514	-11115470.000000000	
1515	-11693729.000000000	
1516	-12227057.000000000	
1517	-12663614.000000000	
1518	-12965821.000000000	
1519	-13283470.000000000	
1520	-13729369.000000000	
1521	-14055472.000000000	
1522	-14228412.000000000	
1523	-14408382.000000000	
1524	-14649482.000000000	
1525	-14790795.000000000	
1526	-14852372.000000000	
1527	-14951400.000000000	
1528	-15060198.000000000	
1529	-15140104.000000000	
1530	-15237287.000000000	
1531	-15297564.000000000	
1532	-15280446.000000000	
1533	-15302901.000000000	
1534	-15381845.000000000	
1535	-15419902.000000000	
1536	-15415255.000000000	
1537	-15422555.000000000	
1538	-15452045.000000000	
1539	-15521149.000000000	
1540	-15570875.000000000	
1541	-15579672.000000000	
1542	-15562993.000000000	
1543	-15562190.000000000	
1544	-15594263.000000000	
1545	-15631946.000000000	
1546	-15614335.000000000	
1547	-15589641.000000000	
1548	-15621300.000000000	
1549	-15600565.000000000	
1550	-15548546.000000000	
1551	-15516750.000000000	
1552	-15464489.000000000	
1553	-15392298.000000000	
1554	-15338322.000000000	
1555	-15340755.000000000	
1556	-15325617.000000000	
1557	-15313509.000000000	
1558	-15334801.000000000	
1559	-15356734.000000000	
1560	-15263197.000000000	
1561	-15099614.000000000	
1562	-15014414.000000000	
1563	-14931457.000000000	
1564	-14767407.000000000	
1565	-14615145.000000000	
1566	-14401474.000000000	
1567	-14036209.000000000	
1568	-13572117.000000000	
1569	-12966251.000000000	
1570	-12208373.000000000	
1571	-11313661.000000000	
1572	-10217941.000000000	
1573	-8999764.000000000	
1574	-7939878.000000000	
1575	-7223247.500000000	
1576	-6893518.000000000	
1577	-6970738.000000000	
1578	-7414598.500000000	
1579	-8121972.000000000	
1580	-9048058.000000000	
1581	-9996661.000000000	
1582	-10757573.000000000	
1583	-11440583.000000000	
1584	-12075370.000000000	
1585	-12503621.000000000	
1586	-12913648.000000000	
1587	-13337459.000000000	
1588	-13662833.000000000	
1589	-13964950.000000000	
1590	-14227766.000000000	
1591	-14421813.000000000	
1592	-14549818.000000000	
1593	-14663058.000000000	
1594	-14870064.000000000	
1595	-15020847.000000000	
1596	-15074019.000000000	
1597	-15170440.000000000	
1598	-15281742.000000000	
1599	-15326507.000000000	
1600	-15363326.000000000	
1601	-15386710.000000000	
1602	-15395446.000000000	
1603	-15364227.000000000	
1604	-15346262.000000000	
1605	-15355769.000000000	
1606	-15417977.000000000	
1607	-15496496.000000000	
1608	-15567010.000000000	
1609	-15609076.000000000	
1610	-15556978.000000000	
1611	-15479358.000000000	
1612	-15485904.000000000	
1613	-15512255.000000000	
1614	-15542841.000000000	
1615	-15532299.000000000	
1616	-15504806.000000000	
1617	-15519519.000000000	
1618	-15514196.000000000	
1619	-15467045.000000000	
1620	-15502889.000000000	
1621	-15503750.000000000	
1622	-15441539.000000000	
1623	-15406296.000000000	
1624	-15333971.000000000	
1625	-15191256.000000000	
1626	-15092913.000000000	
1627	-15025887.000000000	
1628	-14913371.000000000	
1629	-14782634.000000000	
1630	-14645520.000000000	
1631	-14458646.000000000	
1632	-14146287.000000000	
1633	-13707933.000000000	
1634	-13169273.000000000	
1635	-12450117.000000000	
1636	-11607750.000000000	
1637	-10603220.000000000	
1638	-9538005.000000000	
1639	-8522452.000000000	
1640	-7643302.500000000	
1641	-7026600.000000000	
1642	-6884990.000000000	
1643	-7255119.500000000	
1644	-7958303.500000000	
1645	-8897607.000000000	
1646	-9825911.000000000	
1647	-10664175.000000000	
1648	-11448514.000000000	
1649	-12177688.000000000	
1650	-12742982.000000000	
1651	-13108336.000000000	
1652	-13386479.000000000	
1653	-13765222.000000000	
1654	-14182231.000000000	
1655	-14560525.000000000	
1656	-14765156.000000000	
1657	-14899423.000000000	
1658	-14998203.000000000	
1659	-15012192.000000000	
1660	-15040611.000000000	
1661	-15098983.000000000	
1662	-15193270.000000000	
1663	-15270391.000000000	
1664	-15284826.000000000	
1665	-15308363.000000000	
1666	-15392718.000000000	
1667	-15403299.000000000	
1668	-15404368.000000000	
1669	-15450450.000000000	
1670	-15497597.000000000	
1671	-15562677.000000000	
1672	-15599282.000000000	
1673	-15570853.000000000	
1674	-15474936.000000000	
1675	-15430134.000000000	
1676	-15484675.000000000	
1677	-15476409.000000000	
1678	-15416671.000000000	
1679	-15374929.000000000	
1680	-15326810.000000000	
1681	-15346431.000000000	
1682	-15365372.000000000	
1683	-15342381.000000000	
1684	-15317986.000000000	
1685	-15335594.000000000	
1686	-15214335.000000000	
1687	-15014662.000000000	
1688	-14940129.000000000	
1689	-14947515.000000000	
1690	-14883128.000000000	
1691	-14737087.000000000	
1692	-14586261.000000000	
1693	-14429551.000000000	
1694	-14210972.000000000	
1695	-13908335.000000000	
1696	-13442748.000000000	
1697	-12823055.000000000	
1698	-12041543.000000000	
1699	-11187704.000000000	
1700	-10234912.000000000	
1701	-9125710.000000000	
1702	-8168569.500000000	
1703	-7524251.000000000	
1704	-7403407.000000000	
1705	-7779437.500000000	
1706	-8382365.500000000	
1707	-9193412.000000000	
1708	-10107958.000000000	
1709	-10985912.000000000	
1710	-11726666.000000000	
1711	-12375590.000000000	
1712	-12937077.000000000	
1713	-13418179.000000000	
1714	-13833949.000000000	
1715	-14160822.000000000	
1716	-14431844.000000000	
1717	-14654860.000000000	
1718	-14836925.000000000	
1719	-14993391.000000000	
1720	-15133637.000000000	
1721	-15236882.000000000	
1722	-15267246.000000000	
1723	-15212029.000000000	
1724	-15165151.000000000	
1725	-15212983.000000000	
1726	-15278691.000000000	
1727	-15267853.000000000	
1728	-15249286.000000000	
1729	-15315932.000000000	
1730	-15397985.000000000	
1731	-15400717.000000000	
1732	-15337821.000000000	
1733	-15283252.000000000	
1734	-15250530.000000000	
1735	-15294901.000000000	
1736	-15376437.000000000	
1737	-15377041.000000000	
1738	-15323619.000000000	
1739	-15317175.000000000	
1740	-15358468.000000000	
1741	-15332940.000000000	
1742	-15267802.000000000	
1743	-15235086.000000000	
1744	-15236573.000000000	
1745	-15206571.000000000	
1746	-15234976.000000000	
1747	-15202214.000000000	
1748	-15068255.000000000	
1749	-14992867.000000000	
1750	-14943623.000000000	
1751	-14909355.000000000	
1752	-14740837.000000000	
1753	-14431421.000000000	
1754	-14146620.000000000	
1755	-13914944.000000000	
1756	-13620554.000000000	
1757	-13183005.000000000	
1758	-12585799.000000000	
1759	-11935393.000000000	
1760	-11171653.000000000	
1761	-10414105.000000000	
1762	-9818061.000000000	
1763	-9432653.000000000	
1764	-9360333.000000000	
1765	-9679949.000000000	
1766	-10279367.000000000	
1767	-10984727.000000000	
1768	-11607828.000000000	
1769	-12166808.000000000	
1770	-12628456.000000000	
1771	-12988179.000000000	
1772	-13339883.000000000	
1773	-13661292.000000000	
1774	-13854402.000000000	
1775	-13953128.000000000	
1776	-14043710.000000000	
1777	-14165896.000000000	
1778	-14322105.000000000	
1779	-14410344.000000000	
1780	-14395839.000000000	
1781	-14341180.000000000	
1782	-14279533.000000000	
1783	-14314011.000000000	
1784	-14348573.000000000	
1785	-14409224.000000000	
1786	-14415372.000000000	
1787	-14290799.000000000	
1788	-14181910.000000000	
1789	-14195133.000000000	
1790	-14209345.000000000	
1791	-14198850.000000000	
1792	-14207597.000000000	
1793	-14182378.000000000	
1794	-14162408.000000000	
1795	-14151396.000000000	
1796	-14058592.000000000	
1797	-13960375.000000000	
1798	-13973178.000000000	
1799	-14072591.000000000	
1800	-14043490.000000000	
1801	-13928336.000000000	
1802	-13867316.000000000	
1803	-13862114.000000000	
1804	-13790734.000000000	
1805	-13631117.000000000	
1806	-13495727.000000000	
1807	-13365995.000000000	
1808	-13272312.000000000	
1809	-13237622.000000000	
1810	-13135094.000000000	
1811	-12911054.000000000	
1812	-12698953.000000000	
1813	-12491379.000000000	
1814	-12124529.000000000	
1815	-11624734.000000000	
1816	-11091147.000000000	
1817	-10485499.000000000	
1818	-9896739.000000000	
1819	-9416568.000000000	
1820	-9216204.000000000	
1821	-9306405.000000000	
1822	-9608270.000000000	
1823	-10128918.000000000	
1824	-10734523.000000000	
1825	-11278911.000000000	
1826	-11684328.000000000	
1827	-11967983.000000000	
1828	-12189043.000000000	
1829	-12313971.000000000	
1830	-12385562.000000000	
1831	-12458259.000000000	
1832	-12461874.000000000	
1833	-12432060.000000000	
1834	-12367050.000000000	
1835	-12249839.000000000	
1836	-12154732.000000000	
1837	-12125385.000000000	
1838	-12109133.000000000	
1839	-11948018.000000000	
1840	-11824799.000000000	
1841	-11888163.000000000	
1842	-11844387.000000000	
1843	-11601915.000000000	
1844	-11379401.000000000	
1845	-11283185.000000000	
1846	-11289972.000000000	
1847	-11227765.000000000	
1848	-11016610.000000000	
1849	-10808868.000000000	
1850	-10767484.000000000	
1851	-10780026.000000000	
1852	-10643494.000000000	
1853	-10458917.000000000	
1854	-10281425.000000000	
1855	-10072435.000000000	
1856	-9914101.000000000	
1857	-9722661.000000000	
1858	-9507065.000000000	
1859	-9393742.000000000	
1860	-9285964.000000000	
1861	-9103565.000000000	
1862	-8810921.000000000	
1863	-8568742.000000000	
1864	-8347983.000000000	
1865	-8147579.000000000	
1866	-7956169.500000000	
1867	-7724063.500000000	
1868	-7363367.000000000	
1869	-6944809.500000000	
1870	-6576083.500000000	
1871	-6202623.000000000	
1872	-5828393.500000000	
1873	-5440295.000000000	
1874	-5091070.000000000	
1875	-4905979.000000000	
1876	-4885330.000000000	
1877	-4925478.500000000	
1878	-4953979.000000000	
1879	-4992211.000000000	
1880	-5119018.500000000	
1881	-5242536.500000000	
1882	-5268256.500000000	
1883	-5258827.000000000	
1884	-5197223.500000000	
1885	-5137620.000000000	
1886	-5150418.000000000	
1887	-5063421.500000000	
1888	-4904232.500000000	
1889	-4857554.500000000	
1890	-4883283.500000000	
1891	-4859858.500000000	
1892	-4834470.000000000	
1893	-4804990.500000000	
1894	-4709545.000000000	
1895	-4564949.000000000	
1896	-4454783.500000000	
1897	-4399870.000000000	
1898	-4319401.000000000	
1899	-4317097.500000000	
1900	-4341715.500000000	
1901	-4293927.000000000	
1902	-4215546.000000000	
1903	-4166652.500000000	
1904	-4119419.250000000	
1905	-4061141.000000000	
1906	-4047701.250000000	
1907	-4015360.000000000	
1908	-3939540.750000000	
1909	-3849301.250000000	
1910	-3761319.750000000	
1911	-3780222.500000000	
1912	-3854717.000000000	
1913	-3799508.250000000	
1914	-3718698.000000000	
1915	-3695615.750000000	
1916	-3653247.750000000	
1917	-3560874.000000000	
1918	-3466918.250000000	
1919	-3336019.750000000	
1920	-3245141.250000000	
1921	-3237930.500000000	
1922	-3166890.250000000	
1923	-3033386.000000000	
1924	-2986666.500000000	
1925	-2984189.000000000	
1926	-2938621.500000000	
1927	-2896127.250000000	
1928	-2897832.500000000	
1929	-2906920.250000000	
1930	-2889983.750000000	
1931	-2865578.500000000	
1932	-2851540.250000000	
1933	-2865919.250000000	
1934	-2882944.000000000	
1935	-2813866.500000000	
1936	-2746069.250000000	
1937	-2705408.000000000	
1938	-2639444.500000000	
1939	-2548052.750000000	
1940	-2511701.000000000	
1941	-2494547.500000000	
1942	-2454568.250000000	
1943	-2387413.250000000	
1944	-2340266.500000000	
1945	-2311338.500000000	
1946	-2262314.500000000	
1947	-2169215.750000000	
1948	-2100224.000000000	
1949	-2089854.000000000	
1950	-2072746.500000000	
1951	-2028072.375000000	
1952	-1944874.500000000	
1953	-1851221.125000000	
1954	-1767125.250000000	
1955	-1731626.500000000	
1956	-1730986.500000000	
1957	-1677866.500000000	
1958	-1619839.750000000	
1959	-1580628.500000000	
1960	-1539069.875000000	
1961	-1503273.500000000	
1962	-1443242.500000000	
1963	-1417343.875000000	
1964	-1371903.875000000	
1965	-1320490.500000000	
1966	-1273813.125000000	
1967	-1240106.500000000	
1968	-1227861.125000000	
1969	-1247957.125000000	
1970	-1252394.500000000	
1971	-1196458.500000000	
1972	-1129983.625000000	
1973	-1053226.500000000	
1974	-998015.750000000	
1975	-959061.125000000	
1976	-950908.000000000	
1977	-973138.312500000	
1978	-965290.500000000	
1979	-935466.500000000	
1980	-898133.125000000	
1981	-882558.937500000	
1982	-868223.250000000	
1983	-864042.437500000	
1984	-811050.437500000	
1985	-730111.750000000	
1986	-674858.437500000	
1987	-635221.125000000	
1988	-607402.375000000	
1989	-557482.375000000	
1990	-483711.718750000	
1991	-437375.750000000	
1992	-418474.437500000	
1993	-406229.031250000	
1994	-387028.968750000	
1995	-342698.343750000	
1996	-300927.656250000	
1997	-316458.375000000	
1998	-281386.312500000	
1999	-246868.921875000	
2000	-224426.093750000	
2001	-215210.250000000	
2002	-195454.406250000	
2003	-177406.875000000	
2004	-169940.859375000	
2005	-160810.140625000	
2006	-147071.468750000	
2007	-134058.140625000	
2008	-134826.140625000	
2009	-123177.421875000	
2010	-122282.039062500	
2011	-119508.679687500	
2012	-107220.687500000	
2013	-104361.992187500	
2014	-104276.570312500	
2015	-107988.500000000	
2016	-103164.734375000	
2017	-93140.312500000	
2018	-91559.375000000	
2019	-91433.484375000	
2020	-91049.648437500	
2021	-89343.101562500	
2022	-90580.359375000	
2023	-88660.046875000	
2024	-87294.523437500	
2025	-88403.875000000	
2026	-88958.507812500	
2027	-90450.304687500	
2028	-87292.265625000	
2029	-87294.445312500	
2030	-89767.882812500	
2031	-87293.351562500	
2032	-87294.226562500	
2033	-87293.515625000	
2034	-87293.171875000	
2035	-88094.812500000	
2036	-87282.242187500	
2037	-87288.015625000	
2038	-87719.343750000	
2039	-87293.046875000	
2040	-87291.968750000	
2041	-87292.632812500	
2042	-87293.195312500	
2043	-87292.335937500	
2044	-87290.984375000	
2045	-87287.656250000	
2046	-87287.070312500	
2047	-141687.968750000	
2048	-141981.828125000	
2049	-142282.812500000	
2050	-142587.906250000	
2051	-142889.656250000	
2052	-143194.921875000	
2053	-143498.093750000	
2054	-143811.890625000	
2055	-144130.171875000	
2056	-144435.937500000	
2057	-144746.843750000	
2058	-133699.843750000	
2059	-145346.296875000	
2060	-145666.968750000	
2061	-145990.312500000	
2062	-146305.484375000	
2063	-146631.671875000	
2064	-146955.687500000	
2065	-147272.375000000	
2066	-147596.890625000	
2067	-147927.265625000	
2068	-148230.953125000	
2069	-148554.968750000	
2070	-136939.921875000	
2071	-149170.921875000	
2072	-149492.390625000	
2073	-149789.312500000	
2074	-150106.265625000	
2075	-150405.656250000	
2076	-150706.453125000	
2077	-151030.437500000	
2078	-151386.718750000	
2079	-151724.750000000	
2080	-152059.765625000	
2081	-152391.578125000	
2082	-140143.718750000	
2083	-153000.718750000	
2084	-153348.828125000	
2085	-153725.078125000	
2086	-154091.656250000	
2087	-154469.140625000	
2088	-154832.562500000	
2089	-155184.500000000	
2090	-155570.328125000	
2091	-155969.000000000	
2092	-156381.765625000	
2093	-156767.328125000	
2094	-143840.031250000	
2095	-157470.656250000	
2096	-157916.468750000	
2097	-158359.828125000	
2098	-158786.531250000	
2099	-159189.046875000	
2100	-159601.171875000	
2101	-160018.656250000	
2102	-160466.390625000	
2103	-160917.625000000	
2104	-161374.578125000	
2105	-161844.656250000	
2106	-148220.296875000	
2107	-162669.406250000	
2108	-163122.843750000	
2109	-163603.593750000	
2110	-164081.484375000	
2111	-164539.593750000	
2112	-165023.203125000	
2113	-165496.312500000	
2114	-165941.890625000	
2115	-166386.406250000	
2116	-166889.031250000	
2117	-167388.312500000	
2118	-152910.234375000	
2119	-168299.156250000	
2120	-168815.062500000	
2121	-169361.578125000	
2122	-169910.265625000	
2123	-170452.109375000	
2124	-170988.031250000	
2125	-171578.000000000	
2126	-172152.437500000	
2127	-172725.468750000	
2128	-173329.625000000	
2129	-173916.437500000	
2130	-158508.562500000	
2131	-175035.187500000	
2132	-175658.828125000	
2133	-176319.156250000	
2134	-176978.703125000	
2135	-177642.281250000	
2136	-178295.218750000	
2137	-178970.859375000	
2138	-179627.656250000	
2139	-180338.015625000	
2140	-181066.203125000	
2141	-181758.703125000	
2142	-165271.093750000	
2143	-182991.703125000	
2144	-183666.609375000	
2145	-184442.640625000	
2146	-185208.937500000	
2147	-185949.031250000	
2148	-186747.765625000	
2149	-187523.718750000	
2150	-188234.312500000	
2151	-188997.640625000	
2152	-189800.953125000	
2153	-190615.296875000	
2154	-172855.796875000	
2155	-192048.671875000	
2156	-192876.421875000	
2157	-193704.250000000	
2158	-194547.843750000	
2159	-195395.187500000	
2160	-196217.484375000	
2161	-197074.609375000	
2162	-197925.265625000	
2163	-198796.484375000	
2164	-199667.968750000	
2165	-200601.343750000	
2166	-181519.281250000	
2167	-202459.328125000	
2168	-203441.234375000	
2169	-204447.000000000	
2170	-205428.859375000	
2171	-206490.609375000	
2172	-207627.140625000	
2173	-208709.281250000	
2174	-209783.375000000	
2175	-210949.156250000	
2176	-212082.984375000	
2177	-213245.515625000	
2178	-192457.203125000	
2179	-215495.781250000	
2180	-216735.640625000	
2181	-218040.015625000	
2182	-219354.359375000	
2183	-220593.359375000	
2184	-221832.671875000	
2185	-223142.781250000	
2186	-224471.718750000	
2187	-225840.765625000	
2188	-227274.843750000	
2189	-228668.500000000	
2190	-205852.156250000	
2191	-231369.500000000	
2192	-232814.296875000	
2193	-234352.343750000	
2194	-235926.265625000	
2195	-237517.171875000	
2196	-239116.937500000	
2197	-240619.000000000	
2198	-242190.265625000	
2199	-243924.812500000	
2200	-245746.328125000	
2201	-247503.000000000	
2202	-222245.437500000	
2203	-250806.421875000	
2204	-252600.781250000	
2205	-254488.500000000	
2206	-256443.062500000	
2207	-258470.468750000	
2208	-260467.000000000	
2209	-262613.843750000	
2210	-264729.093750000	
2211	-266829.500000000	
2212	-269001.718750000	
2213	-271240.625000000	
2214	-243039.484375000	
2215	-275515.468750000	
2216	-277883.062500000	
2217	-280365.625000000	
2218	-282876.968750000	
2219	-285481.437500000	
2220	-288072.687500000	
2221	-290763.656250000	
2222	-293468.437500000	
2223	-296287.218750000	
2224	-299144.750000000	
2225	-302118.000000000	
2226	-269988.468750000	
2227	-307650.625000000	
2228	-310760.593750000	
2229	-314045.156250000	
2230	-317388.375000000	
2231	-320806.812500000	
2232	-324339.875000000	
2233	-327935.718750000	
2234	-331599.218750000	
2235	-335417.906250000	
2236	-339329.750000000	
2237	-343404.781250000	
2238	-306328.625000000	
2239	-351251.906250000	
2240	-355662.593750000	
2241	-360197.968750000	
2242	-364917.375000000	
2243	-369765.218750000	
2244	-374831.312500000	
2245	-380046.062500000	
2246	-385355.250000000	
2247	-390853.281250000	
2248	-396578.062500000	
2249	-402424.000000000	
2250	-358452.718750000	
2251	-413792.406250000	
2252	-420481.593750000	
2253	-427378.500000000	
2254	-434378.562500000	
2255	-441710.812500000	
2256	-449355.781250000	
2257	-457325.000000000	
2258	-465626.812500000	
2259	-474281.187500000	
2260	-483317.593750000	
2261	-492797.500000000	
2262	-439157.312500000	
2263	-511297.031250000	
2264	-522005.312500000	
2265	-533304.875000000	
2266	-545303.875000000	
2267	-557772.875000000	
2268	-570841.312500000	
2269	-584748.187500000	
2270	-599464.187500000	
2271	-614960.500000000	
2272	-631408.500000000	
2273	-648755.937500000	
2274	-580107.375000000	
2275	-683547.625000000	
2276	-704485.875000000	
2277	-726744.500000000	
2278	-750494.625000000	
2279	-776065.437500000	
2280	-803570.750000000	
2281	-833107.625000000	
2282	-865098.500000000	
2283	-900000.187500000	
2284	-937981.250000000	
2285	-979592.937500000	
2286	-887178.625000000	
2287	-1067121.500000000	
2288	-1122131.750000000	
2289	-1183520.750000000	
2290	-1252314.750000000	
2291	-1330199.500000000	
2292	-1418907.625000000	
2293	-1521004.125000000	
2294	-1639594.750000000	
2295	-1779037.875000000	
2296	-1945655.250000000	
2297	-2147949.750000000	
2298	-2064464.125000000	
2299	-2658914.000000000	
2300	-3059014.750000000	
2301	-3604459.250000000	
2302	-4392105.500000000	
2303	-5630752.000000000	
2304	-7860058.500000000	
2305	-13061598.000000000	
2306	-16777216.000000000	
2307	NaN	
