0	-16777216.000000000	
1	-16471083.000000000	
2	-16292836.000000000	
3	-16039765.000000000	
4	-16211216.000000000	
5	-16221702.000000000	
6	-15979536.000000000	
7	-15769364.000000000	
8	-15932425.000000000	
9	-16126054.000000000	
10	-16229841.000000000	
11	-16235324.000000000	
12	-16129919.000000000	
13	-16161307.000000000	
14	-16070661.000000000	
15	-15909943.000000000	
16	-15996452.000000000	
17	-15986883.000000000	
18	-16154626.000000000	
19	-16272512.000000000	
20	-16240705.000000000	
21	-16221255.000000000	
22	-16182384.000000000	
23	-15782109.000000000	
24	-15651930.000000000	
25	-15894238.000000000	
26	-16023187.000000000	
27	-15989860.000000000	
28	-16146311.000000000	
29	-16199543.000000000	
30	-16109842.000000000	
31	-16049121.000000000	
32	-16030223.000000000	
33	-15907082.000000000	
34	-15823542.000000000	
35	-15921979.000000000	
36	-15977469.000000000	
37	-15956929.000000000	
38	-15954143.000000000	
39	-15923651.000000000	
40	-15940558.000000000	
41	-15843275.000000000	
42	-15755345.000000000	
43	-15973849.000000000	
44	-15961272.000000000	
45	-15776270.000000000	
46	-15790696.000000000	
47	-15794209.000000000	
48	-15703025.000000000	
49	-15725840.000000000	
50	-15811527.000000000	
51	-15918892.000000000	
52	-15884704.000000000	
53	-15699695.000000000	
54	-15896807.000000000	
55	-15957716.000000000	
56	-15864293.000000000	
57	-15951183.000000000	
58	-15899586.000000000	
59	-15764741.000000000	
60	-15708921.000000000	
61	-15613894.000000000	
62	-15640654.000000000	
63	-15781870.000000000	
64	-15854071.000000000	
65	-15753207.000000000	
66	-15581770.000000000	
67	-15598568.000000000	
68	-15744121.000000000	
69	-15810964.000000000	
70	-15803708.000000000	
71	-15859654.000000000	
72	-15833098.000000000	
73	-15742281.000000000	
74	-15744508.000000000	
75	-15892237.000000000	
76	-15972226.000000000	
77	-15921607.000000000	
78	-15902967.000000000	
79	-15864374.000000000	
80	-15781515.000000000	
81	-15770372.000000000	
82	-15859838.000000000	
83	-15917701.000000000	
84	-15904796.000000000	
85	-15832052.000000000	
86	-15757074.000000000	
87	-15859408.000000000	
88	-15938686.000000000	
89	-15865671.000000000	
90	-15797137.000000000	
91	-15825490.000000000	
92	-15991049.000000000	
93	-16120100.000000000	
94	-16024497.000000000	
95	-15847088.000000000	
96	-15891605.000000000	
97	-15970804.000000000	
98	-15920524.000000000	
99	-15872228.000000000	
100	-15922776.000000000	
101	-15885340.000000000	
102	-15865400.000000000	
103	-15793431.000000000	
104	-15839305.000000000	
105	-15943290.000000000	
106	-16063633.000000000	
107	-16037975.000000000	
108	-15941177.000000000	
109	-15880049.000000000	
110	-15870000.000000000	
111	-15908810.000000000	
112	-15979460.000000000	
113	-16029683.000000000	
114	-16024240.000000000	
115	-15988392.000000000	
116	-15900078.000000000	
117	-15820815.000000000	
118	-15846886.000000000	
119	-15924191.000000000	
120	-15993580.000000000	
121	-16069785.000000000	
122	-16091913.000000000	
123	-16047593.000000000	
124	-16016914.000000000	
125	-16089065.000000000	
126	-16148427.000000000	
127	-15992952.000000000	
128	-15840059.000000000	
129	-15873485.000000000	
130	-15875980.000000000	
131	-15829118.000000000	
132	-15958742.000000000	
133	-16041556.000000000	
134	-15985112.000000000	
135	-15921798.000000000	
136	-15930160.000000000	
137	-15996782.000000000	
138	-16025273.000000000	
139	-16077319.000000000	
140	-16118881.000000000	
141	-16108948.000000000	
142	-16143450.000000000	
143	-16122263.000000000	
144	-16045670.000000000	
145	-15999003.000000000	
146	-15950115.000000000	
147	-15966785.000000000	
148	-16013136.000000000	
149	-15979683.000000000	
150	-15941631.000000000	
151	-15956897.000000000	
152	-16064313.000000000	
153	-16112454.000000000	
154	-16047958.000000000	
155	-16001167.000000000	
156	-16005814.000000000	
157	-16016564.000000000	
158	-16051067.000000000	
159	-16087322.000000000	
160	-16059557.000000000	
161	-15940813.000000000	
162	-15886369.000000000	
163	-16044643.000000000	
164	-16127573.000000000	
165	-16025112.000000000	
166	-15951925.000000000	
167	-15921835.000000000	
168	-15960817.000000000	
169	-16011019.000000000	
170	-15976858.000000000	
171	-15995736.000000000	
172	-16032644.000000000	
173	-15994907.000000000	
174	-15980946.000000000	
175	-16002441.000000000	
176	-15993015.000000000	
177	-16018404.000000000	
178	-16044315.000000000	
179	-16030853.000000000	
180	-15996671.000000000	
181	-16000212.000000000	
182	-16052368.000000000	
183	-16032021.000000000	
184	-16035368.000000000	
185	-16050316.000000000	
186	-16008713.000000000	
187	-15984894.000000000	
188	-16032744.000000000	
189	-16069740.000000000	
190	-16063702.000000000	
191	-16022293.000000000	
192	-16045955.000000000	
193	-16077417.000000000	
194	-16083752.000000000	
195	-16092448.000000000	
196	-16094048.000000000	
197	-16117495.000000000	
198	-16137695.000000000	
199	-16096681.000000000	
200	-16062067.000000000	
201	-16080069.000000000	
202	-16133550.000000000	
203	-16155295.000000000	
204	-16170214.000000000	
205	-16130303.000000000	
206	-16079806.000000000	
207	-16098743.000000000	
208	-16156212.000000000	
209	-16110175.000000000	
210	-16076988.000000000	
211	-16115606.000000000	
212	-16127153.000000000	
213	-16052063.000000000	
214	-16045080.000000000	
215	-16129694.000000000	
216	-16173735.000000000	
217	-16172505.000000000	
218	-16088271.000000000	
219	-15955516.000000000	
220	-15991708.000000000	
221	-16085032.000000000	
222	-16108792.000000000	
223	-16089303.000000000	
224	-16045061.000000000	
225	-16057990.000000000	
226	-16063669.000000000	
227	-16024053.000000000	
228	-16055533.000000000	
229	-16060371.000000000	
230	-16067172.000000000	
231	-16103643.000000000	
232	-16130199.000000000	
233	-16109818.000000000	
234	-16110106.000000000	
235	-16155535.000000000	
236	-16173799.000000000	
237	-16141241.000000000	
238	-16147399.000000000	
239	-16130736.000000000	
240	-16098173.000000000	
241	-16097046.000000000	
242	-16058423.000000000	
243	-15994675.000000000	
244	-16041307.000000000	
245	-16126111.000000000	
246	-16075124.000000000	
247	-16036126.000000000	
248	-16046622.000000000	
249	-16107730.000000000	
250	-16191996.000000000	
251	-16171050.000000000	
252	-16141454.000000000	
253	-16171395.000000000	
254	-16105051.000000000	
255	-16025504.000000000	
256	-16025288.000000000	
257	-16051507.000000000	
258	-16100397.000000000	
259	-16108106.000000000	
260	-16110902.000000000	
261	-16137124.000000000	
262	-16138788.000000000	
263	-16098903.000000000	
264	-16068873.000000000	
265	-16094010.000000000	
266	-16088765.000000000	
267	-16022582.000000000	
268	-16006805.000000000	
269	-16084211.000000000	
270	-16122357.000000000	
271	-16063686.000000000	
272	-16032985.000000000	
273	-16017894.000000000	
274	-16052048.000000000	
275	-16101464.000000000	
276	-16085080.000000000	
277	-16012501.000000000	
278	-15990321.000000000	
279	-16043624.000000000	
280	-16078562.000000000	
281	-16091832.000000000	
282	-16091109.000000000	
283	-16082666.000000000	
284	-16076788.000000000	
285	-16068276.000000000	
286	-16037121.000000000	
287	-16039777.000000000	
288	-16036575.000000000	
289	-16015333.000000000	
290	-15998928.000000000	
291	-16002520.000000000	
292	-16017863.000000000	
293	-16011445.000000000	
294	-16001925.000000000	
295	-15939552.000000000	
296	-15825048.000000000	
297	-15753315.000000000	
298	-15784769.000000000	
299	-15851277.000000000	
300	-15878027.000000000	
301	-15829144.000000000	
302	-15822070.000000000	
303	-15884700.000000000	
304	-15889942.000000000	
305	-15882777.000000000	
306	-15892119.000000000	
307	-15867088.000000000	
308	-15831422.000000000	
309	-15804866.000000000	
310	-15822641.000000000	
311	-15806593.000000000	
312	-15791283.000000000	
313	-15825162.000000000	
314	-15837121.000000000	
315	-15809026.000000000	
316	-15818838.000000000	
317	-15886231.000000000	
318	-15880512.000000000	
319	-15851365.000000000	
320	-15875265.000000000	
321	-15891360.000000000	
322	-15826854.000000000	
323	-15800024.000000000	
324	-15864878.000000000	
325	-15907841.000000000	
326	-15880879.000000000	
327	-15851851.000000000	
328	-15829320.000000000	
329	-15805597.000000000	
330	-15876038.000000000	
331	-15984242.000000000	
332	-16008895.000000000	
333	-16003425.000000000	
334	-16016220.000000000	
335	-15954446.000000000	
336	-15896774.000000000	
337	-15948355.000000000	
338	-16074950.000000000	
339	-16126714.000000000	
340	-16070386.000000000	
341	-16007362.000000000	
342	-16012435.000000000	
343	-16028777.000000000	
344	-16044838.000000000	
345	-16070447.000000000	
346	-16065088.000000000	
347	-16043082.000000000	
348	-16025805.000000000	
349	-16022864.000000000	
350	-16008817.000000000	
351	-15954374.000000000	
352	-15988343.000000000	
353	-16050200.000000000	
354	-16021566.000000000	
355	-15889522.000000000	
356	-15853051.000000000	
357	-15971025.000000000	
358	-16037620.000000000	
359	-16035755.000000000	
360	-16055980.000000000	
361	-16029176.000000000	
362	-16014923.000000000	
363	-16059121.000000000	
364	-16074519.000000000	
365	-16025970.000000000	
366	-16001006.000000000	
367	-16010599.000000000	
368	-16023633.000000000	
369	-16053249.000000000	
370	-16065828.000000000	
371	-16079470.000000000	
372	-16080897.000000000	
373	-16080647.000000000	
374	-16084220.000000000	
375	-16036126.000000000	
376	-16010588.000000000	
377	-16046971.000000000	
378	-16075545.000000000	
379	-16074656.000000000	
380	-16096161.000000000	
381	-16094839.000000000	
382	-16040026.000000000	
383	-16015048.000000000	
384	-16021194.000000000	
385	-15972217.000000000	
386	-15972082.000000000	
387	-16056215.000000000	
388	-16113659.000000000	
389	-16143196.000000000	
390	-16162951.000000000	
391	-16152000.000000000	
392	-16135091.000000000	
393	-16109407.000000000	
394	-16059500.000000000	
395	-16048409.000000000	
396	-16066042.000000000	
397	-16045989.000000000	
398	-16046343.000000000	
399	-16064991.000000000	
400	-16085727.000000000	
401	-16101159.000000000	
402	-16085370.000000000	
403	-16078710.000000000	
404	-16118647.000000000	
405	-16134019.000000000	
406	-16112914.000000000	
407	-16080438.000000000	
408	-16040075.000000000	
409	-16059112.000000000	
410	-16065378.000000000	
411	-16075278.000000000	
412	-16104158.000000000	
413	-16097405.000000000	
414	-16099538.000000000	
415	-16128038.000000000	
416	-16124640.000000000	
417	-16068961.000000000	
418	-16026641.000000000	
419	-16052410.000000000	
420	-16108892.000000000	
421	-16104158.000000000	
422	-16110563.000000000	
423	-16129716.000000000	
424	-16064732.000000000	
425	-16015989.000000000	
426	-16049738.000000000	
427	-16074279.000000000	
428	-16065144.000000000	
429	-16041172.000000000	
430	-16025155.000000000	
431	-16052890.000000000	
432	-16060513.000000000	
433	-16036609.000000000	
434	-16007926.000000000	
435	-15972179.000000000	
436	-15916546.000000000	
437	-15895240.000000000	
438	-15928197.000000000	
439	-15968833.000000000	
440	-16055574.000000000	
441	-16126840.000000000	
442	-16150518.000000000	
443	-16069079.000000000	
444	-15946714.000000000	
445	-15971029.000000000	
446	-16001376.000000000	
447	-15985976.000000000	
448	-15947741.000000000	
449	-15909041.000000000	
450	-15901939.000000000	
451	-15895345.000000000	
452	-15949073.000000000	
453	-16009734.000000000	
454	-16037927.000000000	
455	-16027953.000000000	
456	-16008330.000000000	
457	-15984025.000000000	
458	-15929615.000000000	
459	-15916513.000000000	
460	-15935368.000000000	
461	-15898533.000000000	
462	-15878271.000000000	
463	-15871242.000000000	
464	-15850768.000000000	
465	-15901964.000000000	
466	-15923689.000000000	
467	-15861537.000000000	
468	-15794507.000000000	
469	-15712833.000000000	
470	-15625790.000000000	
471	-15584958.000000000	
472	-15601177.000000000	
473	-15585429.000000000	
474	-15530435.000000000	
475	-15546300.000000000	
476	-15584407.000000000	
477	-15515162.000000000	
478	-15345486.000000000	
479	-15262583.000000000	
480	-15210795.000000000	
481	-15116372.000000000	
482	-15031762.000000000	
483	-15022787.000000000	
484	-15052775.000000000	
485	-15027102.000000000	
486	-14876937.000000000	
487	-14789904.000000000	
488	-14792545.000000000	
489	-14779060.000000000	
490	-14723627.000000000	
491	-14700111.000000000	
492	-14745767.000000000	
493	-14802351.000000000	
494	-14841729.000000000	
495	-14840734.000000000	
496	-14870638.000000000	
497	-14992717.000000000	
498	-15090597.000000000	
499	-15112566.000000000	
500	-15174427.000000000	
501	-15294881.000000000	
502	-15364182.000000000	
503	-15400620.000000000	
504	-15529165.000000000	
505	-15621227.000000000	
506	-15602246.000000000	
507	-15594363.000000000	
508	-15638992.000000000	
509	-15660179.000000000	
510	-15607689.000000000	
511	-15578986.000000000	
512	-15625580.000000000	
513	-15694869.000000000	
514	-15696151.000000000	
515	-15667405.000000000	
516	-15639030.000000000	
517	-15576987.000000000	
518	-15461532.000000000	
519	-15420365.000000000	
520	-15457832.000000000	
521	-15489876.000000000	
522	-15542188.000000000	
523	-15575250.000000000	
524	-15566333.000000000	
525	-15535143.000000000	
526	-15546304.000000000	
527	-15603054.000000000	
528	-15628446.000000000	
529	-15651562.000000000	
530	-15670494.000000000	
531	-15653043.000000000	
532	-15591572.000000000	
533	-15496719.000000000	
534	-15466009.000000000	
535	-15447969.000000000	
536	-15436912.000000000	
537	-15454775.000000000	
538	-15411353.000000000	
539	-15378335.000000000	
540	-15367033.000000000	
541	-15300342.000000000	
542	-15170759.000000000	
543	-15119642.000000000	
544	-15083329.000000000	
545	-15096243.000000000	
546	-15025811.000000000	
547	-14865997.000000000	
548	-14748644.000000000	
549	-14655290.000000000	
550	-14571789.000000000	
551	-14489060.000000000	
552	-14413662.000000000	
553	-14318046.000000000	
554	-14181848.000000000	
555	-14103249.000000000	
556	-14052020.000000000	
557	-14035216.000000000	
558	-14003849.000000000	
559	-13992367.000000000	
560	-14074360.000000000	
561	-14202494.000000000	
562	-14357588.000000000	
563	-14474714.000000000	
564	-14580492.000000000	
565	-14750636.000000000	
566	-14928894.000000000	
567	-15064020.000000000	
568	-15083777.000000000	
569	-15115094.000000000	
570	-15325267.000000000	
571	-15529548.000000000	
572	-15528560.000000000	
573	-15538535.000000000	
574	-15614840.000000000	
575	-15622009.000000000	
576	-15610560.000000000	
577	-15661289.000000000	
578	-15703717.000000000	
579	-15672326.000000000	
580	-15622191.000000000	
581	-15572808.000000000	
582	-15570972.000000000	
583	-15622177.000000000	
584	-15646293.000000000	
585	-15677566.000000000	
586	-15734899.000000000	
587	-15739048.000000000	
588	-15712043.000000000	
589	-15714339.000000000	
590	-15753368.000000000	
591	-15724191.000000000	
592	-15699010.000000000	
593	-15795980.000000000	
594	-15842238.000000000	
595	-15800909.000000000	
596	-15752653.000000000	
597	-15754992.000000000	
598	-15788227.000000000	
599	-15775549.000000000	
600	-15763006.000000000	
601	-15784516.000000000	
602	-15764257.000000000	
603	-15756793.000000000	
604	-15817554.000000000	
605	-15889275.000000000	
606	-15904214.000000000	
607	-15866873.000000000	
608	-15777565.000000000	
609	-15758490.000000000	
610	-15801358.000000000	
611	-15824581.000000000	
612	-15838959.000000000	
613	-15876879.000000000	
614	-15872966.000000000	
615	-15833761.000000000	
616	-15840001.000000000	
617	-15917526.000000000	
618	-15921872.000000000	
619	-15795227.000000000	
620	-15739285.000000000	
621	-15784305.000000000	
622	-15797282.000000000	
623	-15794342.000000000	
624	-15789862.000000000	
625	-15737131.000000000	
626	-15706566.000000000	
627	-15760362.000000000	
628	-15788190.000000000	
629	-15769122.000000000	
630	-15793947.000000000	
631	-15813234.000000000	
632	-15817160.000000000	
633	-15833207.000000000	
634	-15784097.000000000	
635	-15689683.000000000	
636	-15682716.000000000	
637	-15757533.000000000	
638	-15804991.000000000	
639	-15758483.000000000	
640	-15735704.000000000	
641	-15795065.000000000	
642	-15768987.000000000	
643	-15651906.000000000	
644	-15629257.000000000	
645	-15726535.000000000	
646	-15760060.000000000	
647	-15684276.000000000	
648	-15603915.000000000	
649	-15571441.000000000	
650	-15551243.000000000	
651	-15446900.000000000	
652	-15324789.000000000	
653	-15270048.000000000	
654	-15236252.000000000	
655	-15141404.000000000	
656	-15056423.000000000	
657	-14883251.000000000	
658	-14672919.000000000	
659	-14501311.000000000	
660	-14407477.000000000	
661	-14275079.000000000	
662	-14114526.000000000	
663	-13906947.000000000	
664	-13690592.000000000	
665	-13594176.000000000	
666	-13466396.000000000	
667	-13244183.000000000	
668	-13005337.000000000	
669	-12905661.000000000	
670	-12967000.000000000	
671	-13071187.000000000	
672	-13165158.000000000	
673	-13299140.000000000	
674	-13444251.000000000	
675	-13655356.000000000	
676	-13835547.000000000	
677	-14015256.000000000	
678	-14268095.000000000	
679	-14498020.000000000	
680	-14666592.000000000	
681	-14783021.000000000	
682	-14894593.000000000	
683	-14980475.000000000	
684	-15017465.000000000	
685	-15031944.000000000	
686	-15018084.000000000	
687	-14956643.000000000	
688	-14871270.000000000	
689	-14822506.000000000	
690	-14840378.000000000	
691	-14848828.000000000	
692	-14824287.000000000	
693	-14799148.000000000	
694	-14798512.000000000	
695	-14811312.000000000	
696	-14834613.000000000	
697	-14888768.000000000	
698	-14932788.000000000	
699	-14893024.000000000	
700	-14850014.000000000	
701	-14867384.000000000	
702	-14873660.000000000	
703	-14866792.000000000	
704	-14821777.000000000	
705	-14733656.000000000	
706	-14650124.000000000	
707	-14558567.000000000	
708	-14463068.000000000	
709	-14279857.000000000	
710	-14030952.000000000	
711	-13809008.000000000	
712	-13614955.000000000	
713	-13405515.000000000	
714	-13185013.000000000	
715	-12905715.000000000	
716	-12685503.000000000	
717	-12584857.000000000	
718	-12482078.000000000	
719	-12463691.000000000	
720	-12573510.000000000	
721	-12653896.000000000	
722	-12785139.000000000	
723	-13067287.000000000	
724	-13292731.000000000	
725	-13518736.000000000	
726	-13875607.000000000	
727	-14229010.000000000	
728	-14449418.000000000	
729	-14620431.000000000	
730	-14817345.000000000	
731	-14996316.000000000	
732	-15136583.000000000	
733	-15207312.000000000	
734	-15170244.000000000	
735	-15174688.000000000	
736	-15250557.000000000	
737	-15322537.000000000	
738	-15334223.000000000	
739	-15288562.000000000	
740	-15250978.000000000	
741	-15303091.000000000	
742	-15448967.000000000	
743	-15579019.000000000	
744	-15601109.000000000	
745	-15538803.000000000	
746	-15483340.000000000	
747	-15488639.000000000	
748	-15514031.000000000	
749	-15533868.000000000	
750	-15529045.000000000	
751	-15532236.000000000	
752	-15577326.000000000	
753	-15620399.000000000	
754	-15637951.000000000	
755	-15618299.000000000	
756	-15614508.000000000	
757	-15593694.000000000	
758	-15569238.000000000	
759	-15622101.000000000	
760	-15650340.000000000	
761	-15637106.000000000	
762	-15649004.000000000	
763	-15580153.000000000	
764	-15510278.000000000	
765	-15530425.000000000	
766	-15567506.000000000	
767	-15586867.000000000	
768	-15597217.000000000	
769	-15605282.000000000	
770	-15587738.000000000	
771	-15631307.000000000	
772	-15696466.000000000	
773	-15629357.000000000	
774	-15525070.000000000	
775	-15514395.000000000	
776	-15554236.000000000	
777	-15583922.000000000	
778	-15571379.000000000	
779	-15521191.000000000	
780	-15476565.000000000	
781	-15512954.000000000	
782	-15538469.000000000	
783	-15460603.000000000	
784	-15425786.000000000	
785	-15471351.000000000	
786	-15498407.000000000	
787	-15467004.000000000	
788	-15402617.000000000	
789	-15361672.000000000	
790	-15256027.000000000	
791	-15181823.000000000	
792	-15209896.000000000	
793	-15144754.000000000	
794	-14958216.000000000	
795	-14722355.000000000	
796	-14526466.000000000	
797	-14381345.000000000	
798	-14225161.000000000	
799	-13960509.000000000	
800	-13653655.000000000	
801	-13326360.000000000	
802	-13048295.000000000	
803	-12859581.000000000	
804	-12597614.000000000	
805	-12220232.000000000	
806	-11953915.000000000	
807	-11863504.000000000	
808	-11850703.000000000	
809	-11857654.000000000	
810	-12021108.000000000	
811	-12258291.000000000	
812	-12461123.000000000	
813	-12676371.000000000	
814	-12991599.000000000	
815	-13357765.000000000	
816	-13698973.000000000	
817	-13957654.000000000	
818	-14124943.000000000	
819	-14282770.000000000	
820	-14391551.000000000	
821	-14432385.000000000	
822	-14413278.000000000	
823	-14361794.000000000	
824	-14310254.000000000	
825	-14344508.000000000	
826	-14358031.000000000	
827	-14334054.000000000	
828	-14320092.000000000	
829	-14272528.000000000	
830	-14284464.000000000	
831	-14341508.000000000	
832	-14336555.000000000	
833	-14357734.000000000	
834	-14335108.000000000	
835	-14277340.000000000	
836	-14127665.000000000	
837	-13965207.000000000	
838	-13857257.000000000	
839	-13705269.000000000	
840	-13479614.000000000	
841	-13199161.000000000	
842	-12888769.000000000	
843	-12633927.000000000	
844	-12340510.000000000	
845	-12035986.000000000	
846	-11789034.000000000	
847	-11611502.000000000	
848	-11458551.000000000	
849	-11394084.000000000	
850	-11405049.000000000	
851	-11547588.000000000	
852	-11914387.000000000	
853	-12281959.000000000	
854	-12704958.000000000	
855	-13148264.000000000	
856	-13547538.000000000	
857	-13914556.000000000	
858	-14207425.000000000	
859	-14359012.000000000	
860	-14458413.000000000	
861	-14541193.000000000	
862	-14620773.000000000	
863	-14682938.000000000	
864	-14694874.000000000	
865	-14760621.000000000	
866	-14922541.000000000	
867	-14987990.000000000	
868	-15001954.000000000	
869	-15029766.000000000	
870	-14987649.000000000	
871	-14961493.000000000	
872	-15077544.000000000	
873	-15229278.000000000	
874	-15334435.000000000	
875	-15281443.000000000	
876	-15181999.000000000	
877	-15172727.000000000	
878	-15183523.000000000	
879	-15180571.000000000	
880	-15270906.000000000	
881	-15392156.000000000	
882	-15422238.000000000	
883	-15348132.000000000	
884	-15317872.000000000	
885	-15282290.000000000	
886	-15256588.000000000	
887	-15336366.000000000	
888	-15416656.000000000	
889	-15380051.000000000	
890	-15345108.000000000	
891	-15355052.000000000	
892	-15378307.000000000	
893	-15396573.000000000	
894	-15386758.000000000	
895	-15405273.000000000	
896	-15366007.000000000	
897	-15264589.000000000	
898	-15248413.000000000	
899	-15320440.000000000	
900	-15314475.000000000	
901	-15285879.000000000	
902	-15270742.000000000	
903	-15215234.000000000	
904	-15191303.000000000	
905	-15128755.000000000	
906	-15037235.000000000	
907	-15007877.000000000	
908	-14922160.000000000	
909	-14797103.000000000	
910	-14711007.000000000	
911	-14653236.000000000	
912	-14554676.000000000	
913	-14394725.000000000	
914	-14139700.000000000	
915	-13818981.000000000	
916	-13566910.000000000	
917	-13293494.000000000	
918	-12946065.000000000	
919	-12535491.000000000	
920	-12119280.000000000	
921	-11755297.000000000	
922	-11456201.000000000	
923	-11091268.000000000	
924	-10839370.000000000	
925	-10790905.000000000	
926	-10828532.000000000	
927	-10968099.000000000	
928	-11287452.000000000	
929	-11747944.000000000	
930	-12250088.000000000	
931	-12658030.000000000	
932	-12970779.000000000	
933	-13253483.000000000	
934	-13550566.000000000	
935	-13728533.000000000	
936	-13793560.000000000	
937	-13773545.000000000	
938	-13689619.000000000	
939	-13633029.000000000	
940	-13683040.000000000	
941	-13686536.000000000	
942	-13669397.000000000	
943	-13655957.000000000	
944	-13577540.000000000	
945	-13531200.000000000	
946	-13505734.000000000	
947	-13510304.000000000	
948	-13512735.000000000	
949	-13506293.000000000	
950	-13474504.000000000	
951	-13297655.000000000	
952	-12952606.000000000	
953	-12644810.000000000	
954	-12310983.000000000	
955	-11904670.000000000	
956	-11547547.000000000	
957	-11258404.000000000	
958	-10925518.000000000	
959	-10668668.000000000	
960	-10568402.000000000	
961	-10528336.000000000	
962	-10563188.000000000	
963	-10817395.000000000	
964	-11303930.000000000	
965	-11887950.000000000	
966	-12419408.000000000	
967	-12804899.000000000	
968	-13201948.000000000	
969	-13685952.000000000	
970	-13979782.000000000	
971	-14064774.000000000	
972	-14194870.000000000	
973	-14334943.000000000	
974	-14416173.000000000	
975	-14440375.000000000	
976	-14460434.000000000	
977	-14527035.000000000	
978	-14664971.000000000	
979	-14804481.000000000	
980	-14835660.000000000	
981	-14824006.000000000	
982	-14842917.000000000	
983	-14810753.000000000	
984	-14798937.000000000	
985	-14877522.000000000	
986	-15001974.000000000	
987	-14969005.000000000	
988	-14954032.000000000	
989	-15018834.000000000	
990	-15065551.000000000	
991	-15107032.000000000	
992	-15130795.000000000	
993	-15043539.000000000	
994	-14989316.000000000	
995	-15001425.000000000	
996	-15038414.000000000	
997	-15049371.000000000	
998	-15055782.000000000	
999	-15081939.000000000	
1000	-15117853.000000000	
1001	-15120201.000000000	
1002	-15016400.000000000	
1003	-14912846.000000000	
1004	-14888568.000000000	
1005	-14848815.000000000	
1006	-14810166.000000000	
1007	-14800053.000000000	
1008	-14758786.000000000	
1009	-14695677.000000000	
1010	-14658957.000000000	
1011	-14570512.000000000	
1012	-14445071.000000000	
1013	-14345482.000000000	
1014	-14302354.000000000	
1015	-14250942.000000000	
1016	-14107447.000000000	
1017	-13838942.000000000	
1018	-13509529.000000000	
1019	-13214027.000000000	
1020	-12904947.000000000	
1021	-12516898.000000000	
1022	-12109471.000000000	
1023	-11660275.000000000	
1024	-11205580.000000000	
1025	-10755284.000000000	
1026	-10347128.000000000	
1027	-10091124.000000000	
1028	-10035147.000000000	
1029	-10028711.000000000	
1030	-10195626.000000000	
1031	-10615075.000000000	
1032	-11106680.000000000	
1033	-11615909.000000000	
1034	-12085536.000000000	
1035	-12505413.000000000	
1036	-12853823.000000000	
1037	-13057779.000000000	
1038	-13143162.000000000	
1039	-13134287.000000000	
1040	-13069805.000000000	
1041	-13028629.000000000	
1042	-13022151.000000000	
1043	-12983188.000000000	
1044	-12989972.000000000	
1045	-12976244.000000000	
1046	-12884214.000000000	
1047	-12840175.000000000	
1048	-12807192.000000000	
1049	-12753641.000000000	
1050	-12679190.000000000	
1051	-12484680.000000000	
1052	-12190330.000000000	
1053	-11889358.000000000	
1054	-11539409.000000000	
1055	-11119395.000000000	
1056	-10664740.000000000	
1057	-10178898.000000000	
1058	-9795323.000000000	
1059	-9588970.000000000	
1060	-9609323.000000000	
1061	-9766988.000000000	
1062	-10132088.000000000	
1063	-10574114.000000000	
1064	-11052400.000000000	
1065	-11590637.000000000	
1066	-12103405.000000000	
1067	-12628210.000000000	
1068	-13052275.000000000	
1069	-13295600.000000000	
1070	-13537684.000000000	
1071	-13715763.000000000	
1072	-13758346.000000000	
1073	-13874450.000000000	
1074	-14019850.000000000	
1075	-14110718.000000000	
1076	-14138254.000000000	
1077	-14173932.000000000	
1078	-14334913.000000000	
1079	-14467177.000000000	
1080	-14566627.000000000	
1081	-14592485.000000000	
1082	-14514017.000000000	
1083	-14508897.000000000	
1084	-14545628.000000000	
1085	-14547114.000000000	
1086	-14548397.000000000	
1087	-14605913.000000000	
1088	-14652553.000000000	
1089	-14653156.000000000	
1090	-14611982.000000000	
1091	-14580366.000000000	
1092	-14608287.000000000	
1093	-14615552.000000000	
1094	-14603448.000000000	
1095	-14645902.000000000	
1096	-14617920.000000000	
1097	-14559378.000000000	
1098	-14579038.000000000	
1099	-14544224.000000000	
1100	-14447123.000000000	
1101	-14382662.000000000	
1102	-14368020.000000000	
1103	-14346890.000000000	
1104	-14271968.000000000	
1105	-14182072.000000000	
1106	-14101140.000000000	
1107	-13993029.000000000	
1108	-13841900.000000000	
1109	-13665468.000000000	
1110	-13446420.000000000	
1111	-13153349.000000000	
1112	-12822085.000000000	
1113	-12401013.000000000	
1114	-11906000.000000000	
1115	-11415330.000000000	
1116	-10905718.000000000	
1117	-10319736.000000000	
1118	-9820071.000000000	
1119	-9467344.000000000	
1120	-9217233.000000000	
1121	-9030270.000000000	
1122	-9082751.000000000	
1123	-9442256.000000000	
1124	-9919057.000000000	
1125	-10411300.000000000	
1126	-10949537.000000000	
1127	-11523704.000000000	
1128	-12007708.000000000	
1129	-12369561.000000000	
1130	-12512283.000000000	
1131	-12404132.000000000	
1132	-12325702.000000000	
1133	-12373139.000000000	
1134	-12369268.000000000	
1135	-12293222.000000000	
1136	-12253332.000000000	
1137	-12259018.000000000	
1138	-12220019.000000000	
1139	-12129909.000000000	
1140	-12030800.000000000	
1141	-11948967.000000000	
1142	-11816953.000000000	
1143	-11558306.000000000	
1144	-11234120.000000000	
1145	-10842572.000000000	
1146	-10369145.000000000	
1147	-9873021.000000000	
1148	-9486334.000000000	
1149	-9232169.000000000	
1150	-9122004.000000000	
1151	-9231870.000000000	
1152	-9618300.000000000	
1153	-10162846.000000000	
1154	-10789404.000000000	
1155	-11335505.000000000	
1156	-11835640.000000000	
1157	-12348103.000000000	
1158	-12722719.000000000	
1159	-12976879.000000000	
1160	-13225789.000000000	
1161	-13399366.000000000	
1162	-13511623.000000000	
1163	-13590774.000000000	
1164	-13593412.000000000	
1165	-13692384.000000000	
1166	-13881656.000000000	
1167	-13983252.000000000	
1168	-14011875.000000000	
1169	-14052743.000000000	
1170	-14085606.000000000	
1171	-14066286.000000000	
1172	-14085786.000000000	
1173	-14149018.000000000	
1174	-14190532.000000000	
1175	-14206361.000000000	
1176	-14230195.000000000	
1177	-14274090.000000000	
1178	-14347016.000000000	
1179	-14332045.000000000	
1180	-14284899.000000000	
1181	-14291130.000000000	
1182	-14230892.000000000	
1183	-14154813.000000000	
1184	-14152804.000000000	
1185	-14108351.000000000	
1186	-14080398.000000000	
1187	-14110987.000000000	
1188	-14058250.000000000	
1189	-13885245.000000000	
1190	-13762204.000000000	
1191	-13623842.000000000	
1192	-13509960.000000000	
1193	-13427314.000000000	
1194	-13247604.000000000	
1195	-12972954.000000000	
1196	-12703773.000000000	
1197	-12414115.000000000	
1198	-12108443.000000000	
1199	-11683013.000000000	
1200	-11165690.000000000	
1201	-10622288.000000000	
1202	-10094499.000000000	
1203	-9560911.000000000	
1204	-9060522.000000000	
1205	-8649169.000000000	
1206	-8414201.000000000	
1207	-8399443.000000000	
1208	-8576593.000000000	
1209	-9034837.000000000	
1210	-9593853.000000000	
1211	-10148945.000000000	
1212	-10805114.000000000	
1213	-11310282.000000000	
1214	-11565983.000000000	
1215	-11666255.000000000	
1216	-11681616.000000000	
1217	-11683780.000000000	
1218	-11681556.000000000	
1219	-11657375.000000000	
1220	-11626436.000000000	
1221	-11529462.000000000	
1222	-11451855.000000000	
1223	-11482536.000000000	
1224	-11431291.000000000	
1225	-11192354.000000000	
1226	-10906619.000000000	
1227	-10591994.000000000	
1228	-10199209.000000000	
1229	-9766696.000000000	
1230	-9274577.000000000	
1231	-8890663.000000000	
1232	-8629459.000000000	
1233	-8524158.000000000	
1234	-8639658.000000000	
1235	-8918777.000000000	
1236	-9341856.000000000	
1237	-9909282.000000000	
1238	-10533710.000000000	
1239	-11224135.000000000	
1240	-11815238.000000000	
1241	-12196891.000000000	
1242	-12475589.000000000	
1243	-12702367.000000000	
1244	-12831469.000000000	
1245	-12896701.000000000	
1246	-13044890.000000000	
1247	-13289619.000000000	
1248	-13397308.000000000	
1249	-13426416.000000000	
1250	-13570114.000000000	
1251	-13662318.000000000	
1252	-13614577.000000000	
1253	-13630405.000000000	
1254	-13747566.000000000	
1255	-13856920.000000000	
1256	-13875995.000000000	
1257	-13833416.000000000	
1258	-13772143.000000000	
1259	-13710956.000000000	
1260	-13674091.000000000	
1261	-13662061.000000000	
1262	-13676912.000000000	
1263	-13701573.000000000	
1264	-13726099.000000000	
1265	-13685312.000000000	
1266	-13537819.000000000	
1267	-13440286.000000000	
1268	-13419633.000000000	
1269	-13324145.000000000	
1270	-13210691.000000000	
1271	-13152239.000000000	
1272	-12997276.000000000	
1273	-12775583.000000000	
1274	-12609997.000000000	
1275	-12374303.000000000	
1276	-12023801.000000000	
1277	-11636771.000000000	
1278	-11263140.000000000	
1279	-10811219.000000000	
1280	-10304296.000000000	
1281	-9826385.000000000	
1282	-9330684.000000000	
1283	-8827433.000000000	
1284	-8448809.000000000	
1285	-8176465.500000000	
1286	-8059775.500000000	
1287	-8122281.500000000	
1288	-8485759.000000000	
1289	-9052328.000000000	
1290	-9642703.000000000	
1291	-10179110.000000000	
1292	-10649129.000000000	
1293	-10999927.000000000	
1294	-11145160.000000000	
1295	-11160611.000000000	
1296	-11149264.000000000	
1297	-11065594.000000000	
1298	-10974374.000000000	
1299	-11025533.000000000	
1300	-11069776.000000000	
1301	-10964003.000000000	
1302	-10723323.000000000	
1303	-10471804.000000000	
1304	-10270974.000000000	
1305	-10030972.000000000	
1306	-9642405.000000000	
1307	-9191463.000000000	
1308	-8777249.000000000	
1309	-8450464.000000000	
1310	-8243490.500000000	
1311	-8226855.500000000	
1312	-8413265.000000000	
1313	-8780924.000000000	
1314	-9327998.000000000	
1315	-9962195.000000000	
1316	-10604111.000000000	
1317	-11196797.000000000	
1318	-11704614.000000000	
1319	-12048034.000000000	
1320	-12256505.000000000	
1321	-12463047.000000000	
1322	-12614642.000000000	
1323	-12753010.000000000	
1324	-12900853.000000000	
1325	-13052957.000000000	
1326	-13146864.000000000	
1327	-13177372.000000000	
1328	-13169952.000000000	
1329	-13195596.000000000	
1330	-13269024.000000000	
1331	-13304776.000000000	
1332	-13299655.000000000	
1333	-13306059.000000000	
1334	-13386732.000000000	
1335	-13428537.000000000	
1336	-13419276.000000000	
1337	-13371843.000000000	
1338	-13292013.000000000	
1339	-13290994.000000000	
1340	-13352729.000000000	
1341	-13331304.000000000	
1342	-13246472.000000000	
1343	-13121638.000000000	
1344	-12945684.000000000	
1345	-12855110.000000000	
1346	-12832929.000000000	
1347	-12690249.000000000	
1348	-12394442.000000000	
1349	-12074575.000000000	
1350	-11901945.000000000	
1351	-11703923.000000000	
1352	-11370829.000000000	
1353	-10923043.000000000	
1354	-10422952.000000000	
1355	-9857320.000000000	
1356	-9283150.000000000	
1357	-8728142.000000000	
1358	-8330613.000000000	
1359	-8009166.500000000	
1360	-7817335.000000000	
1361	-7773649.000000000	
1362	-7991762.000000000	
1363	-8465106.000000000	
1364	-9083642.000000000	
1365	-9595642.000000000	
1366	-10073378.000000000	
1367	-10465827.000000000	
1368	-10726521.000000000	
1369	-10854817.000000000	
1370	-10808058.000000000	
1371	-10684753.000000000	
1372	-10651084.000000000	
1373	-10598559.000000000	
1374	-10429388.000000000	
1375	-10240466.000000000	
1376	-10162037.000000000	
1377	-10037963.000000000	
1378	-9795448.000000000	
1379	-9449890.000000000	
1380	-9022846.000000000	
1381	-8670334.000000000	
1382	-8431867.000000000	
1383	-8287736.000000000	
1384	-8288206.500000000	
1385	-8561533.000000000	
1386	-8983338.000000000	
1387	-9468667.000000000	
1388	-10075211.000000000	
1389	-10728143.000000000	
1390	-11309218.000000000	
1391	-11791777.000000000	
1392	-12081390.000000000	
1393	-12335302.000000000	
1394	-12566176.000000000	
1395	-12627998.000000000	
1396	-12661150.000000000	
1397	-12776909.000000000	
1398	-12908019.000000000	
1399	-13116698.000000000	
1400	-13246018.000000000	
1401	-13214994.000000000	
1402	-13216025.000000000	
1403	-13183383.000000000	
1404	-13140633.000000000	
1405	-13094083.000000000	
1406	-13031187.000000000	
1407	-12991898.000000000	
1408	-13025522.000000000	
1409	-13036957.000000000	
1410	-13086488.000000000	
1411	-13084480.000000000	
1412	-12945431.000000000	
1413	-12813681.000000000	
1414	-12733511.000000000	
1415	-12698271.000000000	
1416	-12635166.000000000	
1417	-12413646.000000000	
1418	-12154276.000000000	
1419	-11882701.000000000	
1420	-11607627.000000000	
1421	-11369122.000000000	
1422	-11027709.000000000	
1423	-10566086.000000000	
1424	-10085875.000000000	
1425	-9570215.000000000	
1426	-9088766.000000000	
1427	-8719273.000000000	
1428	-8321875.000000000	
1429	-7910057.000000000	
1430	-7756628.000000000	
1431	-7874216.000000000	
1432	-8146557.000000000	
1433	-8493052.000000000	
1434	-9012515.000000000	
1435	-9646188.000000000	
1436	-10204105.000000000	
1437	-10604829.000000000	
1438	-10804379.000000000	
1439	-10876961.000000000	
1440	-10857763.000000000	
1441	-10756474.000000000	
1442	-10725752.000000000	
1443	-10703435.000000000	
1444	-10607348.000000000	
1445	-10461733.000000000	
1446	-10302239.000000000	
1447	-10091427.000000000	
1448	-9866573.000000000	
1449	-9637369.000000000	
1450	-9403558.000000000	
1451	-9154125.000000000	
1452	-8921465.000000000	
1453	-8894373.000000000	
1454	-9131723.000000000	
1455	-9530574.000000000	
1456	-10022647.000000000	
1457	-10661790.000000000	
1458	-11259033.000000000	
1459	-11747822.000000000	
1460	-12192627.000000000	
1461	-12499739.000000000	
1462	-12613529.000000000	
1463	-12799350.000000000	
1464	-13013064.000000000	
1465	-13090888.000000000	
1466	-13140726.000000000	
1467	-13205573.000000000	
1468	-13257025.000000000	
1469	-13255152.000000000	
1470	-13251148.000000000	
1471	-13302553.000000000	
1472	-13334212.000000000	
1473	-13300970.000000000	
1474	-13277971.000000000	
1475	-13313807.000000000	
1476	-13300806.000000000	
1477	-13276998.000000000	
1478	-13251225.000000000	
1479	-13204679.000000000	
1480	-13148102.000000000	
1481	-13093444.000000000	
1482	-12977653.000000000	
1483	-12866888.000000000	
1484	-12912412.000000000	
1485	-12826910.000000000	
1486	-12622834.000000000	
1487	-12472644.000000000	
1488	-12303678.000000000	
1489	-12077927.000000000	
1490	-11801449.000000000	
1491	-11474123.000000000	
1492	-11089351.000000000	
1493	-10702962.000000000	
1494	-10404471.000000000	
1495	-10137381.000000000	
1496	-9846518.000000000	
1497	-9565861.000000000	
1498	-9450019.000000000	
1499	-9524561.000000000	
1500	-9752060.000000000	
1501	-10148686.000000000	
1502	-10567371.000000000	
1503	-10945856.000000000	
1504	-11280586.000000000	
1505	-11519770.000000000	
1506	-11632163.000000000	
1507	-11619022.000000000	
1508	-11553014.000000000	
1509	-11540301.000000000	
1510	-11459400.000000000	
1511	-11391648.000000000	
1512	-11388189.000000000	
1513	-11322359.000000000	
1514	-11148071.000000000	
1515	-10938106.000000000	
1516	-10748150.000000000	
1517	-10604531.000000000	
1518	-10425418.000000000	
1519	-10386845.000000000	
1520	-10583408.000000000	
1521	-10764060.000000000	
1522	-10935028.000000000	
1523	-11274997.000000000	
1524	-11713303.000000000	
1525	-12108995.000000000	
1526	-12404301.000000000	
1527	-12637384.000000000	
1528	-12799687.000000000	
1529	-12908357.000000000	
1530	-12955669.000000000	
1531	-12986629.000000000	
1532	-13023786.000000000	
1533	-13097186.000000000	
1534	-13155603.000000000	
1535	-13203647.000000000	
1536	-13190682.000000000	
1537	-13182707.000000000	
1538	-13182624.000000000	
1539	-13222120.000000000	
1540	-13310853.000000000	
1541	-13333006.000000000	
1542	-13283003.000000000	
1543	-13237860.000000000	
1544	-13243789.000000000	
1545	-13221777.000000000	
1546	-13141780.000000000	
1547	-13062126.000000000	
1548	-13050566.000000000	
1549	-12966082.000000000	
1550	-12830487.000000000	
1551	-12726847.000000000	
1552	-12602392.000000000	
1553	-12407025.000000000	
1554	-12282264.000000000	
1555	-12156184.000000000	
1556	-11969231.000000000	
1557	-11761316.000000000	
1558	-11587749.000000000	
1559	-11389135.000000000	
1560	-11126689.000000000	
1561	-11008458.000000000	
1562	-10984602.000000000	
1563	-10969108.000000000	
1564	-11047283.000000000	
1565	-11255372.000000000	
1566	-11510775.000000000	
1567	-11769248.000000000	
1568	-12005097.000000000	
1569	-12172944.000000000	
1570	-12221467.000000000	
1571	-12252234.000000000	
1572	-12238498.000000000	
1573	-12157218.000000000	
1574	-12061254.000000000	
1575	-11961150.000000000	
1576	-11912263.000000000	
1577	-11857471.000000000	
1578	-11701561.000000000	
1579	-11600197.000000000	
1580	-11544821.000000000	
1581	-11446178.000000000	
1582	-11446176.000000000	
1583	-11458888.000000000	
1584	-11446000.000000000	
1585	-11495960.000000000	
1586	-11603058.000000000	
1587	-11843613.000000000	
1588	-12125297.000000000	
1589	-12343963.000000000	
1590	-12596126.000000000	
1591	-12828822.000000000	
1592	-12861635.000000000	
1593	-12894536.000000000	
1594	-13014846.000000000	
1595	-13071340.000000000	
1596	-13128300.000000000	
1597	-13183599.000000000	
1598	-13214136.000000000	
1599	-13206886.000000000	
1600	-13177406.000000000	
1601	-13131842.000000000	
1602	-13138401.000000000	
1603	-13208287.000000000	
1604	-13148523.000000000	
1605	-13008141.000000000	
1606	-13034047.000000000	
1607	-13116267.000000000	
1608	-13119718.000000000	
1609	-13047308.000000000	
1610	-12925829.000000000	
1611	-12796688.000000000	
1612	-12732188.000000000	
1613	-12714791.000000000	
1614	-12653216.000000000	
1615	-12530283.000000000	
1616	-12419865.000000000	
1617	-12243649.000000000	
1618	-12012741.000000000	
1619	-11846387.000000000	
1620	-11722058.000000000	
1621	-11610063.000000000	
1622	-11507276.000000000	
1623	-11431622.000000000	
1624	-11363313.000000000	
1625	-11312070.000000000	
1626	-11322485.000000000	
1627	-11391134.000000000	
1628	-11562398.000000000	
1629	-11843171.000000000	
1630	-12005354.000000000	
1631	-12062028.000000000	
1632	-12093216.000000000	
1633	-12108233.000000000	
1634	-12047428.000000000	
1635	-11950486.000000000	
1636	-11893144.000000000	
1637	-11850832.000000000	
1638	-11839652.000000000	
1639	-11924727.000000000	
1640	-11919726.000000000	
1641	-11775852.000000000	
1642	-11667016.000000000	
1643	-11607240.000000000	
1644	-11542297.000000000	
1645	-11549467.000000000	
1646	-11645044.000000000	
1647	-11772060.000000000	
1648	-11888836.000000000	
1649	-12000456.000000000	
1650	-12110025.000000000	
1651	-12123894.000000000	
1652	-12119703.000000000	
1653	-12214166.000000000	
1654	-12302269.000000000	
1655	-12395805.000000000	
1656	-12438728.000000000	
1657	-12447004.000000000	
1658	-12400666.000000000	
1659	-12329712.000000000	
1660	-12274081.000000000	
1661	-12223259.000000000	
1662	-12201418.000000000	
1663	-12168929.000000000	
1664	-12114748.000000000	
1665	-12097938.000000000	
1666	-12068122.000000000	
1667	-11989017.000000000	
1668	-11982151.000000000	
1669	-11950071.000000000	
1670	-11802865.000000000	
1671	-11699956.000000000	
1672	-11662371.000000000	
1673	-11566068.000000000	
1674	-11422664.000000000	
1675	-11300801.000000000	
1676	-11162485.000000000	
1677	-10976591.000000000	
1678	-10777592.000000000	
1679	-10562764.000000000	
1680	-10394742.000000000	
1681	-10248993.000000000	
1682	-10094926.000000000	
1683	-9979897.000000000	
1684	-9896785.000000000	
1685	-9801289.000000000	
1686	-9669410.000000000	
1687	-9648466.000000000	
1688	-9761189.000000000	
1689	-9843917.000000000	
1690	-9924045.000000000	
1691	-9975888.000000000	
1692	-9975162.000000000	
1693	-9970852.000000000	
1694	-9877625.000000000	
1695	-9754788.000000000	
1696	-9626305.000000000	
1697	-9489093.000000000	
1698	-9348942.000000000	
1699	-9234940.000000000	
1700	-9110052.000000000	
1701	-8979279.000000000	
1702	-8828059.000000000	
1703	-8733597.000000000	
1704	-8782065.000000000	
1705	-8803878.000000000	
1706	-8792742.000000000	
1707	-8751098.000000000	
1708	-8769478.000000000	
1709	-8800368.000000000	
1710	-8752251.000000000	
1711	-8654075.000000000	
1712	-8553810.000000000	
1713	-8446328.000000000	
1714	-8363730.500000000	
1715	-8295629.500000000	
1716	-8285179.500000000	
1717	-8150480.000000000	
1718	-7936550.000000000	
1719	-7816403.500000000	
1720	-7736234.000000000	
1721	-7589329.000000000	
1722	-7359526.000000000	
1723	-7159676.500000000	
1724	-7023272.000000000	
1725	-6952444.500000000	
1726	-6827987.500000000	
1727	-6648530.500000000	
1728	-6539175.500000000	
1729	-6514515.500000000	
1730	-6444286.000000000	
1731	-6238122.000000000	
1732	-6011860.500000000	
1733	-5866878.000000000	
1734	-5827069.000000000	
1735	-5792251.000000000	
1736	-5687507.500000000	
1737	-5532202.000000000	
1738	-5353427.500000000	
1739	-5234215.000000000	
1740	-5140264.000000000	
1741	-4975741.500000000	
1742	-4764712.500000000	
1743	-4664360.000000000	
1744	-4629244.500000000	
1745	-4575016.000000000	
1746	-4572713.000000000	
1747	-4557865.500000000	
1748	-4486228.000000000	
1749	-4433871.500000000	
1750	-4350460.000000000	
1751	-4240078.500000000	
1752	-4040189.500000000	
1753	-3887442.750000000	
1754	-3841018.750000000	
1755	-3733501.250000000	
1756	-3582120.000000000	
1757	-3471827.250000000	
1758	-3330941.500000000	
1759	-3245182.250000000	
1760	-3191074.500000000	
1761	-3092813.250000000	
1762	-3015933.250000000	
1763	-2981928.750000000	
1764	-2922451.500000000	
1765	-2856574.250000000	
1766	-2801789.250000000	
1767	-2751058.500000000	
1768	-2622033.500000000	
1769	-2459601.000000000	
1770	-2349309.000000000	
1771	-2284755.000000000	
1772	-2195069.500000000	
1773	-2091858.375000000	
1774	-2004135.375000000	
1775	-1902416.625000000	
1776	-1772668.125000000	
1777	-1692412.500000000	
1778	-1669202.125000000	
1779	-1614076.750000000	
1780	-1488080.125000000	
1781	-1388924.500000000	
1782	-1337169.000000000	
1783	-1275729.750000000	
1784	-1213904.000000000	
1785	-1191844.875000000	
1786	-1152334.625000000	
1787	-1083080.375000000	
1788	-1046641.500000000	
1789	-1010379.812500000	
1790	-988621.125000000	
1791	-967798.750000000	
1792	-895434.812500000	
1793	-873032.375000000	
1794	-861810.500000000	
1795	-798661.312500000	
1796	-772376.062500000	
1797	-783942.125000000	
1798	-797119.187500000	
1799	-800653.062500000	
1800	-774621.437500000	
1801	-745397.812500000	
1802	-728968.875000000	
1803	-720216.000000000	
1804	-710753.250000000	
1805	-709466.375000000	
1806	-719746.000000000	
1807	-696959.187500000	
1808	-680399.187500000	
1809	-691009.625000000	
1810	-660461.437500000	
1811	-639130.375000000	
1812	-644415.875000000	
1813	-651021.687500000	
1814	-670399.375000000	
1815	-690720.062500000	
1816	-660935.375000000	
1817	-664728.625000000	
1818	-687469.625000000	
1819	-707778.312500000	
1820	-694975.312500000	
1821	-661522.875000000	
1822	-641301.250000000	
1823	-643520.125000000	
1824	-671983.312500000	
1825	-668270.687500000	
1826	-640790.625000000	
1827	-645347.187500000	
1828	-649694.812500000	
1829	-631013.875000000	
1830	-608069.812500000	
1831	-624578.875000000	
1832	-636602.437500000	
1833	-611042.000000000	
1834	-569137.437500000	
1835	-566009.875000000	
1836	-581403.625000000	
1837	-578132.062500000	
1838	-578729.375000000	
1839	-576382.562500000	
1840	-570109.562500000	
1841	-547026.250000000	
1842	-534139.250000000	
1843	-516093.937500000	
1844	-512509.718750000	
1845	-507946.968750000	
1846	-494240.906250000	
1847	-499860.281250000	
1848	-496781.500000000	
1849	-485807.750000000	
1850	-482254.031250000	
1851	-487287.968750000	
1852	-483532.968750000	
1853	-477690.437500000	
1854	-477044.125000000	
1855	-476739.031250000	
1856	-473013.281250000	
1857	-467629.812500000	
1858	-464289.156250000	
1859	-463035.406250000	
1860	-462986.437500000	
1861	-461435.781250000	
1862	-462478.062500000	
1863	-464702.156250000	
1864	-462613.875000000	
1865	-463565.968750000	
1866	-460054.562500000	
1867	-460305.687500000	
1868	-463438.031250000	
1869	-459702.906250000	
1870	-460668.031250000	
1871	-458939.250000000	
1872	-459159.718750000	
1873	-458538.531250000	
1874	-458733.937500000	
1875	-458441.906250000	
1876	-457453.531250000	
1877	-457253.343750000	
1878	-457486.562500000	
1879	-459575.468750000	
1880	-457113.281250000	
1881	-457797.718750000	
1882	-458876.625000000	
1883	-457116.656250000	
1884	-457530.250000000	
1885	-457342.625000000	
1886	-457806.281250000	
1887	-458053.843750000	
1888	-458977.906250000	
1889	-457450.750000000	
1890	-457166.468750000	
1891	-457328.468750000	
1892	-458363.000000000	
1893	-457189.750000000	
1894	-456956.843750000	
1895	-456641.937500000	
1896	-456122.500000000	
1897	-459470.062500000	
1898	-456670.218750000	
1899	-456240.531250000	
1900	-456339.500000000	
1901	-456487.531250000	
1902	-456312.968750000	
1903	-455629.406250000	
1904	-455320.937500000	
1905	-454925.625000000	
1906	-455154.562500000	
1907	-455046.062500000	
1908	-455179.250000000	
1909	-454725.937500000	
1910	-454728.406250000	
1911	-454199.562500000	
1912	-454093.062500000	
1913	-454103.531250000	
1914	-454371.937500000	
1915	-453943.812500000	
1916	-454082.468750000	
1917	-454489.375000000	
1918	-453818.156250000	
1919	-453701.781250000	
1920	-453630.812500000	
1921	-453745.250000000	
1922	-453278.718750000	
1923	-452916.187500000	
1924	-453539.562500000	
1925	-453551.937500000	
1926	-453377.031250000	
1927	-453772.593750000	
1928	-452857.937500000	
1929	-452659.968750000	
1930	-452383.375000000	
1931	-451623.812500000	
1932	-451750.406250000	
1933	-452000.031250000	
1934	-451531.843750000	
1935	-451459.812500000	
1936	-451624.937500000	
1937	-450711.156250000	
1938	-450177.781250000	
1939	-449354.250000000	
1940	-449223.250000000	
1941	-449094.781250000	
1942	-448627.656250000	
1943	-449575.250000000	
1944	-448923.625000000	
1945	-448647.437500000	
1946	-449125.312500000	
1947	-448049.281250000	
1948	-447620.031250000	
1949	-447069.062500000	
1950	-445954.625000000	
1951	-445111.906250000	
1952	-445415.750000000	
1953	-445257.312500000	
1954	-444796.218750000	
1955	-445313.468750000	
1956	-445396.562500000	
1957	-443705.593750000	
1958	-442877.093750000	
1959	-443187.781250000	
1960	-441587.031250000	
1961	-441814.562500000	
1962	-441636.250000000	
1963	-441241.375000000	
1964	-439334.031250000	
1965	-438827.906250000	
1966	-439164.468750000	
1967	-438279.343750000	
1968	-437501.218750000	
1969	-436909.250000000	
1970	-437458.593750000	
1971	-436279.656250000	
1972	-435199.875000000	
1973	-435643.781250000	
1974	-434870.343750000	
1975	-433389.625000000	
1976	-434564.343750000	
1977	-433680.375000000	
1978	-432103.406250000	
1979	-430339.468750000	
1980	-430256.843750000	
1981	-430257.093750000	
1982	-429573.781250000	
1983	-429397.468750000	
1984	-430056.312500000	
1985	-429947.843750000	
1986	-428755.312500000	
1987	-428715.781250000	
1988	-428452.187500000	
1989	-427762.531250000	
1990	-427374.281250000	
1991	-426613.843750000	
1992	-425673.406250000	
1993	-426219.218750000	
1994	-426086.312500000	
1995	-424397.343750000	
1996	-423327.125000000	
1997	-423286.906250000	
1998	-423470.281250000	
1999	-423694.437500000	
2000	-422975.281250000	
2001	-421658.218750000	
2002	-422296.031250000	
2003	-422311.593750000	
2004	-422071.625000000	
2005	-422036.781250000	
2006	-421019.343750000	
2007	-421389.062500000	
2008	-421625.562500000	
2009	-421181.500000000	
2010	-421332.625000000	
2011	-420106.718750000	
2012	-419478.437500000	
2013	-420242.500000000	
2014	-419233.375000000	
2015	-418685.125000000	
2016	-418302.437500000	
2017	-418580.281250000	
2018	-418898.687500000	
2019	-418988.156250000	
2020	-419498.531250000	
2021	-419321.656250000	
2022	-418236.468750000	
2023	-417861.343750000	
2024	-416695.156250000	
2025	-417268.718750000	
2026	-417087.718750000	
2027	-416759.750000000	
2028	-416818.781250000	
2029	-416619.000000000	
2030	-416695.312500000	
2031	-416702.062500000	
2032	-416044.437500000	
2033	-415770.343750000	
2034	-415229.625000000	
2035	-415792.375000000	
2036	-414786.187500000	
2037	-415629.656250000	
2038	-415699.812500000	
2039	-415212.562500000	
2040	-415418.062500000	
2041	-415265.125000000	
2042	-415266.937500000	
2043	-414709.968750000	
2044	-415269.343750000	
2045	-414971.281250000	
2046	-414846.781250000	
2047	-468927.968750000	
2048	-467894.781250000	
2049	-468833.343750000	
2050	-468621.625000000	
2051	-467587.750000000	
2052	-467797.031250000	
2053	-468270.937500000	
2054	-468732.375000000	
2055	-468746.156250000	
2056	-469364.875000000	
2057	-469483.812500000	
2058	-469433.343750000	
2059	-469397.937500000	
2060	-469737.250000000	
2061	-470435.937500000	
2062	-458398.343750000	
2063	-470344.375000000	
2064	-470410.437500000	
2065	-470326.468750000	
2066	-470554.906250000	
2067	-471250.156250000	
2068	-470954.750000000	
2069	-470830.125000000	
2070	-471473.125000000	
2071	-471491.687500000	
2072	-471587.718750000	
2073	-472195.812500000	
2074	-472750.250000000	
2075	-472815.843750000	
2076	-473296.531250000	
2077	-473203.968750000	
2078	-461244.343750000	
2079	-473955.125000000	
2080	-474019.687500000	
2081	-474445.562500000	
2082	-474665.343750000	
2083	-475070.375000000	
2084	-475189.000000000	
2085	-475663.156250000	
2086	-476267.125000000	
2087	-476470.750000000	
2088	-476403.500000000	
2089	-476960.656250000	
2090	-477013.000000000	
2091	-478062.781250000	
2092	-477907.125000000	
2093	-465288.781250000	
2094	-478174.031250000	
2095	-478685.187500000	
2096	-479044.468750000	
2097	-479808.656250000	
2098	-480168.781250000	
2099	-480308.281250000	
2100	-480562.250000000	
2101	-481336.187500000	
2102	-482002.687500000	
2103	-482108.968750000	
2104	-482452.187500000	
2105	-482963.687500000	
2106	-483108.281250000	
2107	-483874.500000000	
2108	-484143.687500000	
2109	-470568.343750000	
2110	-485167.437500000	
2111	-485396.531250000	
2112	-485923.281250000	
2113	-486549.875000000	
2114	-487218.468750000	
2115	-487606.781250000	
2116	-487891.718750000	
2117	-488337.343750000	
2118	-489206.343750000	
2119	-489391.437500000	
2120	-490055.843750000	
2121	-490627.500000000	
2122	-490916.531250000	
2123	-491475.906250000	
2124	-476839.625000000	
2125	-492448.468750000	
2126	-493108.468750000	
2127	-493677.593750000	
2128	-494163.937500000	
2129	-494910.031250000	
2130	-495346.562500000	
2131	-495936.093750000	
2132	-496484.375000000	
2133	-497240.500000000	
2134	-497878.500000000	
2135	-498493.718750000	
2136	-499182.437500000	
2137	-499732.375000000	
2138	-500217.875000000	
2139	-500791.906250000	
2140	-484842.093750000	
2141	-502093.406250000	
2142	-502695.687500000	
2143	-503370.000000000	
2144	-504073.093750000	
2145	-504834.937500000	
2146	-505456.812500000	
2147	-506203.812500000	
2148	-506923.906250000	
2149	-507799.781250000	
2150	-508427.062500000	
2151	-509177.468750000	
2152	-510002.781250000	
2153	-510697.062500000	
2154	-511617.062500000	
2155	-512258.812500000	
2156	-494615.687500000	
2157	-513806.687500000	
2158	-514646.437500000	
2159	-515482.625000000	
2160	-516235.406250000	
2161	-517212.218750000	
2162	-518076.968750000	
2163	-518950.000000000	
2164	-519884.343750000	
2165	-520875.687500000	
2166	-521815.406250000	
2167	-522729.656250000	
2168	-523690.500000000	
2169	-524693.437500000	
2170	-525695.250000000	
2171	-506175.906250000	
2172	-527510.812500000	
2173	-528557.875000000	
2174	-529611.937500000	
2175	-530695.625000000	
2176	-531786.062500000	
2177	-532893.000000000	
2178	-534032.875000000	
2179	-535141.375000000	
2180	-536299.187500000	
2181	-537411.750000000	
2182	-538686.250000000	
2183	-539906.062500000	
2184	-541188.750000000	
2185	-542486.687500000	
2186	-543738.937500000	
2187	-521732.125000000	
2188	-546105.875000000	
2189	-547470.562500000	
2190	-548846.000000000	
2191	-550226.625000000	
2192	-551652.500000000	
2193	-553124.875000000	
2194	-554617.312500000	
2195	-556095.125000000	
2196	-557624.937500000	
2197	-559182.375000000	
2198	-560761.250000000	
2199	-562362.062500000	
2200	-563998.750000000	
2201	-565696.562500000	
2202	-540810.437500000	
2203	-568890.187500000	
2204	-570674.375000000	
2205	-572530.812500000	
2206	-574377.125000000	
2207	-576144.062500000	
2208	-578228.875000000	
2209	-580095.250000000	
2210	-582232.187500000	
2211	-584310.625000000	
2212	-586468.750000000	
2213	-588524.312500000	
2214	-590734.625000000	
2215	-593144.500000000	
2216	-595435.812500000	
2217	-597828.187500000	
2218	-568762.062500000	
2219	-602356.000000000	
2220	-604898.062500000	
2221	-607507.125000000	
2222	-610203.687500000	
2223	-612981.187500000	
2224	-615849.250000000	
2225	-618755.062500000	
2226	-621720.875000000	
2227	-624768.062500000	
2228	-627947.562500000	
2229	-631170.312500000	
2230	-634499.250000000	
2231	-637950.250000000	
2232	-641453.375000000	
2233	-645047.500000000	
2234	-610212.437500000	
2235	-651966.500000000	
2236	-655886.375000000	
2237	-659922.250000000	
2238	-664113.562500000	
2239	-668414.375000000	
2240	-672854.062500000	
2241	-677437.750000000	
2242	-682143.125000000	
2243	-687023.500000000	
2244	-692087.312500000	
2245	-697301.562500000	
2246	-702682.750000000	
2247	-708265.437500000	
2248	-714042.000000000	
2249	-671232.750000000	
2250	-725196.687500000	
2251	-731607.625000000	
2252	-738253.125000000	
2253	-745163.437500000	
2254	-752334.500000000	
2255	-759791.875000000	
2256	-767535.437500000	
2257	-775605.000000000	
2258	-784028.937500000	
2259	-792841.562500000	
2260	-802036.687500000	
2261	-811623.312500000	
2262	-821655.437500000	
2263	-832158.875000000	
2264	-843181.375000000	
2265	-786715.812500000	
2266	-864858.500000000	
2267	-877548.750000000	
2268	-890929.937500000	
2269	-905036.500000000	
2270	-919928.812500000	
2271	-935695.812500000	
2272	-952427.250000000	
2273	-970179.250000000	
2274	-989066.375000000	
2275	-1009197.250000000	
2276	-1030695.312500000	
2277	-1053693.250000000	
2278	-1078387.125000000	
2279	-1104979.875000000	
2280	-1025783.312500000	
2281	-1159343.375000000	
2282	-1192566.750000000	
2283	-1228761.625000000	
2284	-1268323.375000000	
2285	-1311726.625000000	
2286	-1359558.125000000	
2287	-1412545.250000000	
2288	-1471632.250000000	
2289	-1537932.250000000	
2290	-1612746.500000000	
2291	-1697857.250000000	
2292	-1795614.875000000	
2293	-1908982.250000000	
2294	-2042073.250000000	
2295	-2200523.250000000	
2296	-2104653.000000000	
2297	-2585973.250000000	
2298	-2873946.250000000	
2299	-3248278.500000000	
2300	-3754706.750000000	
2301	-4478194.000000000	
2302	-5596267.000000000	
2303	-7552908.500000000	
2304	-11857593.000000000	
2305	-16777216.000000000	
2306	NaN	
