0	-16777216.000000000	
1	-16766101.000000000	
2	-16777031.000000000	
3	-16476704.000000000	
4	-16560163.000000000	
5	-16585998.000000000	
6	-16447674.000000000	
7	-16079915.000000000	
8	-16172239.000000000	
9	-16372661.000000000	
10	-16380780.000000000	
11	-16508361.000000000	
12	-16592670.000000000	
13	-16644339.000000000	
14	-16524712.000000000	
15	-16333207.000000000	
16	-16222089.000000000	
17	-16231408.000000000	
18	-16341001.000000000	
19	-16478808.000000000	
20	-16537754.000000000	
21	-16552135.000000000	
22	-16462745.000000000	
23	-16405612.000000000	
24	-16279285.000000000	
25	-16235376.000000000	
26	-16240265.000000000	
27	-16334177.000000000	
28	-16371003.000000000	
29	-16400887.000000000	
30	-16411625.000000000	
31	-16303095.000000000	
32	-16247255.000000000	
33	-16255382.000000000	
34	-16343568.000000000	
35	-16268879.000000000	
36	-16221137.000000000	
37	-16167260.000000000	
38	-16242625.000000000	
39	-16320862.000000000	
40	-16331941.000000000	
41	-16329185.000000000	
42	-16314408.000000000	
43	-16348033.000000000	
44	-16420591.000000000	
45	-16291164.000000000	
46	-16195548.000000000	
47	-16286445.000000000	
48	-16186583.000000000	
49	-16122004.000000000	
50	-16221197.000000000	
51	-16271638.000000000	
52	-16257351.000000000	
53	-16274538.000000000	
54	-16309065.000000000	
55	-16314501.000000000	
56	-16256603.000000000	
57	-16237261.000000000	
58	-16385967.000000000	
59	-16405474.000000000	
60	-16214183.000000000	
61	-16129233.000000000	
62	-16109098.000000000	
63	-16095798.000000000	
64	-16146561.000000000	
65	-16160381.000000000	
66	-16088475.000000000	
67	-16077114.000000000	
68	-16138904.000000000	
69	-16210884.000000000	
70	-16257454.000000000	
71	-16299682.000000000	
72	-16290937.000000000	
73	-16262038.000000000	
74	-16286599.000000000	
75	-16305879.000000000	
76	-16258078.000000000	
77	-16232074.000000000	
78	-16246490.000000000	
79	-16275562.000000000	
80	-16353015.000000000	
81	-16376536.000000000	
82	-16351430.000000000	
83	-16297019.000000000	
84	-16218224.000000000	
85	-16251097.000000000	
86	-16312579.000000000	
87	-16203927.000000000	
88	-16138351.000000000	
89	-16253588.000000000	
90	-16366399.000000000	
91	-16346430.000000000	
92	-16297592.000000000	
93	-16337486.000000000	
94	-16375717.000000000	
95	-16340148.000000000	
96	-16289494.000000000	
97	-16332657.000000000	
98	-16361033.000000000	
99	-16386893.000000000	
100	-16383595.000000000	
101	-16231532.000000000	
102	-16123870.000000000	
103	-16130371.000000000	
104	-16212069.000000000	
105	-16233236.000000000	
106	-16355538.000000000	
107	-16399555.000000000	
108	-16341536.000000000	
109	-16401326.000000000	
110	-16410576.000000000	
111	-16314008.000000000	
112	-16292210.000000000	
113	-16285893.000000000	
114	-16267357.000000000	
115	-16284911.000000000	
116	-16287060.000000000	
117	-16233030.000000000	
118	-16251379.000000000	
119	-16353148.000000000	
120	-16398438.000000000	
121	-16336455.000000000	
122	-16283457.000000000	
123	-16297234.000000000	
124	-16381994.000000000	
125	-16431118.000000000	
126	-16417508.000000000	
127	-16372528.000000000	
128	-16341579.000000000	
129	-16295987.000000000	
130	-16134126.000000000	
131	-16086169.000000000	
132	-16245169.000000000	
133	-16319141.000000000	
134	-16315072.000000000	
135	-16286105.000000000	
136	-16209784.000000000	
137	-16166418.000000000	
138	-16205145.000000000	
139	-16252180.000000000	
140	-16334256.000000000	
141	-16393667.000000000	
142	-16354782.000000000	
143	-16394269.000000000	
144	-16473211.000000000	
145	-16482239.000000000	
146	-16437430.000000000	
147	-16343925.000000000	
148	-16255524.000000000	
149	-16262327.000000000	
150	-16304879.000000000	
151	-16257844.000000000	
152	-16242208.000000000	
153	-16291790.000000000	
154	-16341238.000000000	
155	-16356780.000000000	
156	-16387684.000000000	
157	-16327947.000000000	
158	-16216367.000000000	
159	-16238457.000000000	
160	-16346638.000000000	
161	-16383064.000000000	
162	-16318230.000000000	
163	-16247982.000000000	
164	-16243795.000000000	
165	-16255971.000000000	
166	-16233044.000000000	
167	-16290520.000000000	
168	-16314557.000000000	
169	-16238652.000000000	
170	-16238245.000000000	
171	-16271975.000000000	
172	-16298304.000000000	
173	-16317144.000000000	
174	-16350943.000000000	
175	-16372364.000000000	
176	-16356074.000000000	
177	-16307004.000000000	
178	-16276917.000000000	
179	-16275511.000000000	
180	-16234743.000000000	
181	-16272800.000000000	
182	-16366300.000000000	
183	-16408022.000000000	
184	-16401120.000000000	
185	-16419639.000000000	
186	-16356695.000000000	
187	-16227749.000000000	
188	-16261874.000000000	
189	-16408977.000000000	
190	-16409659.000000000	
191	-16292943.000000000	
192	-16243714.000000000	
193	-16203451.000000000	
194	-16228216.000000000	
195	-16300146.000000000	
196	-16365256.000000000	
197	-16378335.000000000	
198	-16388894.000000000	
199	-16358535.000000000	
200	-16316860.000000000	
201	-16301824.000000000	
202	-16331905.000000000	
203	-16381736.000000000	
204	-16388017.000000000	
205	-16406024.000000000	
206	-16406475.000000000	
207	-16384861.000000000	
208	-16360277.000000000	
209	-16364847.000000000	
210	-16361490.000000000	
211	-16298294.000000000	
212	-16302396.000000000	
213	-16381722.000000000	
214	-16387636.000000000	
215	-16336362.000000000	
216	-16294252.000000000	
217	-16289960.000000000	
218	-16304509.000000000	
219	-16287945.000000000	
220	-16261292.000000000	
221	-16304724.000000000	
222	-16394811.000000000	
223	-16419185.000000000	
224	-16314768.000000000	
225	-16275421.000000000	
226	-16344471.000000000	
227	-16352750.000000000	
228	-16282571.000000000	
229	-16243740.000000000	
230	-16286881.000000000	
231	-16330099.000000000	
232	-16352001.000000000	
233	-16370449.000000000	
234	-16411871.000000000	
235	-16396956.000000000	
236	-16272554.000000000	
237	-16215673.000000000	
238	-16263018.000000000	
239	-16336203.000000000	
240	-16363079.000000000	
241	-16363887.000000000	
242	-16339270.000000000	
243	-16317530.000000000	
244	-16320982.000000000	
245	-16355961.000000000	
246	-16306671.000000000	
247	-16237088.000000000	
248	-16234449.000000000	
249	-16291555.000000000	
250	-16326461.000000000	
251	-16342780.000000000	
252	-16333959.000000000	
253	-16304976.000000000	
254	-16290166.000000000	
255	-16321145.000000000	
256	-16330423.000000000	
257	-16333983.000000000	
258	-16321855.000000000	
259	-16300442.000000000	
260	-16225806.000000000	
261	-16188453.000000000	
262	-16207748.000000000	
263	-16242242.000000000	
264	-16276997.000000000	
265	-16320691.000000000	
266	-16312232.000000000	
267	-16287142.000000000	
268	-16264370.000000000	
269	-16225954.000000000	
270	-16255009.000000000	
271	-16299341.000000000	
272	-16313384.000000000	
273	-16339799.000000000	
274	-16338529.000000000	
275	-16285795.000000000	
276	-16258306.000000000	
277	-16283082.000000000	
278	-16289828.000000000	
279	-16232969.000000000	
280	-16230673.000000000	
281	-16242698.000000000	
282	-16230829.000000000	
283	-16242472.000000000	
284	-16265515.000000000	
285	-16280072.000000000	
286	-16282159.000000000	
287	-16314628.000000000	
288	-16332507.000000000	
289	-16263340.000000000	
290	-16268983.000000000	
291	-16314335.000000000	
292	-16284780.000000000	
293	-16235244.000000000	
294	-16270095.000000000	
295	-16313255.000000000	
296	-16333145.000000000	
297	-16341224.000000000	
298	-16315883.000000000	
299	-16249811.000000000	
300	-16206796.000000000	
301	-16219208.000000000	
302	-16220927.000000000	
303	-16187745.000000000	
304	-16138477.000000000	
305	-16171076.000000000	
306	-16210915.000000000	
307	-16214660.000000000	
308	-16174116.000000000	
309	-16128328.000000000	
310	-16161011.000000000	
311	-16187820.000000000	
312	-16163732.000000000	
313	-16150289.000000000	
314	-16168541.000000000	
315	-16164911.000000000	
316	-16137868.000000000	
317	-16100413.000000000	
318	-16066744.000000000	
319	-16063999.000000000	
320	-16047887.000000000	
321	-15984529.000000000	
322	-15995543.000000000	
323	-16030561.000000000	
324	-16034056.000000000	
325	-16051860.000000000	
326	-16028269.000000000	
327	-15963970.000000000	
328	-15936275.000000000	
329	-15947287.000000000	
330	-15938328.000000000	
331	-15933556.000000000	
332	-15938282.000000000	
333	-15898856.000000000	
334	-15860665.000000000	
335	-15877602.000000000	
336	-15868601.000000000	
337	-15815277.000000000	
338	-15846588.000000000	
339	-15851794.000000000	
340	-15869040.000000000	
341	-15882392.000000000	
342	-15850945.000000000	
343	-15831453.000000000	
344	-15791610.000000000	
345	-15720003.000000000	
346	-15689474.000000000	
347	-15694561.000000000	
348	-15737787.000000000	
349	-15787280.000000000	
350	-15846006.000000000	
351	-15871473.000000000	
352	-15876166.000000000	
353	-15929254.000000000	
354	-15892553.000000000	
355	-15815141.000000000	
356	-15748962.000000000	
357	-15767709.000000000	
358	-15876756.000000000	
359	-15965973.000000000	
360	-16006046.000000000	
361	-16025098.000000000	
362	-15997018.000000000	
363	-15922557.000000000	
364	-15922652.000000000	
365	-15980857.000000000	
366	-16042084.000000000	
367	-16027667.000000000	
368	-16005790.000000000	
369	-15996657.000000000	
370	-15992970.000000000	
371	-16020952.000000000	
372	-16053267.000000000	
373	-16022338.000000000	
374	-16051646.000000000	
375	-16132783.000000000	
376	-16111853.000000000	
377	-16000727.000000000	
378	-15960056.000000000	
379	-15990052.000000000	
380	-16048873.000000000	
381	-16113976.000000000	
382	-16132057.000000000	
383	-16095408.000000000	
384	-16097854.000000000	
385	-16088718.000000000	
386	-16078251.000000000	
387	-16078052.000000000	
388	-16047153.000000000	
389	-16018631.000000000	
390	-16051276.000000000	
391	-16064375.000000000	
392	-16077550.000000000	
393	-16100832.000000000	
394	-16097374.000000000	
395	-16055123.000000000	
396	-16028386.000000000	
397	-16069442.000000000	
398	-16100447.000000000	
399	-16093870.000000000	
400	-16112005.000000000	
401	-16130018.000000000	
402	-16105237.000000000	
403	-16052642.000000000	
404	-15984934.000000000	
405	-15962639.000000000	
406	-16017087.000000000	
407	-16075035.000000000	
408	-16148090.000000000	
409	-16168482.000000000	
410	-16115096.000000000	
411	-16079256.000000000	
412	-16105158.000000000	
413	-16107590.000000000	
414	-16051956.000000000	
415	-16034294.000000000	
416	-16035828.000000000	
417	-16003442.000000000	
418	-16000250.000000000	
419	-16014793.000000000	
420	-16070568.000000000	
421	-16137088.000000000	
422	-16115582.000000000	
423	-16092539.000000000	
424	-16044118.000000000	
425	-15981942.000000000	
426	-16002332.000000000	
427	-16090299.000000000	
428	-16120127.000000000	
429	-16052811.000000000	
430	-16014252.000000000	
431	-16044318.000000000	
432	-16064517.000000000	
433	-16079130.000000000	
434	-16059678.000000000	
435	-16050969.000000000	
436	-16034547.000000000	
437	-15965096.000000000	
438	-15929196.000000000	
439	-15921428.000000000	
440	-15910519.000000000	
441	-16004214.000000000	
442	-16081692.000000000	
443	-16054809.000000000	
444	-15979755.000000000	
445	-15931705.000000000	
446	-15965878.000000000	
447	-16044566.000000000	
448	-16067526.000000000	
449	-15981339.000000000	
450	-15941190.000000000	
451	-15962514.000000000	
452	-15941470.000000000	
453	-15937605.000000000	
454	-15964707.000000000	
455	-15972861.000000000	
456	-15988902.000000000	
457	-15967479.000000000	
458	-15949121.000000000	
459	-15988288.000000000	
460	-16029342.000000000	
461	-16028062.000000000	
462	-16022845.000000000	
463	-16025129.000000000	
464	-16019721.000000000	
465	-15997463.000000000	
466	-15945802.000000000	
467	-15913379.000000000	
468	-15936419.000000000	
469	-15990175.000000000	
470	-15985052.000000000	
471	-15915122.000000000	
472	-15850773.000000000	
473	-15857340.000000000	
474	-15868941.000000000	
475	-15858199.000000000	
476	-15868607.000000000	
477	-15907949.000000000	
478	-15939915.000000000	
479	-15935268.000000000	
480	-15917775.000000000	
481	-15902813.000000000	
482	-15898489.000000000	
483	-15929038.000000000	
484	-15981553.000000000	
485	-15965168.000000000	
486	-15876127.000000000	
487	-15722248.000000000	
488	-15694639.000000000	
489	-15757348.000000000	
490	-15771728.000000000	
491	-15720791.000000000	
492	-15662167.000000000	
493	-15585626.000000000	
494	-15563173.000000000	
495	-15573114.000000000	
496	-15522776.000000000	
497	-15488818.000000000	
498	-15391791.000000000	
499	-15260083.000000000	
500	-15247712.000000000	
501	-15280045.000000000	
502	-15221669.000000000	
503	-15123704.000000000	
504	-15016700.000000000	
505	-14874592.000000000	
506	-14734312.000000000	
507	-14627467.000000000	
508	-14586211.000000000	
509	-14527331.000000000	
510	-14461483.000000000	
511	-14400776.000000000	
512	-14281878.000000000	
513	-14199796.000000000	
514	-14257980.000000000	
515	-14346037.000000000	
516	-14348259.000000000	
517	-14312459.000000000	
518	-14255543.000000000	
519	-14225763.000000000	
520	-14296679.000000000	
521	-14378175.000000000	
522	-14434878.000000000	
523	-14480733.000000000	
524	-14523910.000000000	
525	-14625163.000000000	
526	-14804156.000000000	
527	-14981473.000000000	
528	-15143483.000000000	
529	-15248231.000000000	
530	-15276476.000000000	
531	-15324123.000000000	
532	-15370687.000000000	
533	-15372569.000000000	
534	-15420437.000000000	
535	-15493279.000000000	
536	-15517265.000000000	
537	-15492106.000000000	
538	-15432229.000000000	
539	-15368987.000000000	
540	-15336343.000000000	
541	-15304858.000000000	
542	-15332307.000000000	
543	-15336824.000000000	
544	-15401993.000000000	
545	-15413441.000000000	
546	-15377346.000000000	
547	-15402257.000000000	
548	-15403713.000000000	
549	-15396260.000000000	
550	-15371743.000000000	
551	-15348274.000000000	
552	-15407241.000000000	
553	-15519541.000000000	
554	-15516807.000000000	
555	-15483524.000000000	
556	-15451392.000000000	
557	-15399042.000000000	
558	-15339551.000000000	
559	-15384347.000000000	
560	-15457650.000000000	
561	-15413761.000000000	
562	-15339003.000000000	
563	-15336961.000000000	
564	-15391270.000000000	
565	-15413820.000000000	
566	-15409119.000000000	
567	-15382210.000000000	
568	-15385160.000000000	
569	-15393822.000000000	
570	-15322400.000000000	
571	-15212293.000000000	
572	-15140070.000000000	
573	-15079088.000000000	
574	-14994823.000000000	
575	-14860253.000000000	
576	-14823779.000000000	
577	-14822069.000000000	
578	-14714773.000000000	
579	-14569228.000000000	
580	-14435035.000000000	
581	-14289042.000000000	
582	-14090900.000000000	
583	-13892968.000000000	
584	-13739201.000000000	
585	-13661169.000000000	
586	-13567169.000000000	
587	-13404734.000000000	
588	-13282888.000000000	
589	-13251315.000000000	
590	-13258181.000000000	
591	-13247129.000000000	
592	-13190976.000000000	
593	-13236372.000000000	
594	-13412286.000000000	
595	-13571051.000000000	
596	-13711070.000000000	
597	-13854392.000000000	
598	-14036317.000000000	
599	-14162274.000000000	
600	-14286190.000000000	
601	-14515140.000000000	
602	-14734773.000000000	
603	-14886962.000000000	
604	-15028391.000000000	
605	-15099393.000000000	
606	-15150002.000000000	
607	-15155581.000000000	
608	-15124526.000000000	
609	-15149791.000000000	
610	-15195142.000000000	
611	-15254305.000000000	
612	-15324494.000000000	
613	-15325353.000000000	
614	-15286106.000000000	
615	-15282392.000000000	
616	-15333632.000000000	
617	-15399507.000000000	
618	-15390114.000000000	
619	-15395625.000000000	
620	-15507717.000000000	
621	-15525506.000000000	
622	-15447130.000000000	
623	-15428276.000000000	
624	-15473846.000000000	
625	-15527339.000000000	
626	-15521252.000000000	
627	-15452892.000000000	
628	-15445244.000000000	
629	-15553018.000000000	
630	-15636526.000000000	
631	-15560363.000000000	
632	-15457782.000000000	
633	-15517973.000000000	
634	-15653865.000000000	
635	-15654133.000000000	
636	-15579047.000000000	
637	-15548548.000000000	
638	-15562738.000000000	
639	-15586931.000000000	
640	-15629513.000000000	
641	-15628832.000000000	
642	-15565050.000000000	
643	-15540355.000000000	
644	-15560529.000000000	
645	-15584108.000000000	
646	-15674387.000000000	
647	-15752770.000000000	
648	-15718689.000000000	
649	-15629859.000000000	
650	-15584552.000000000	
651	-15601269.000000000	
652	-15623238.000000000	
653	-15618757.000000000	
654	-15624844.000000000	
655	-15606771.000000000	
656	-15560826.000000000	
657	-15559616.000000000	
658	-15563546.000000000	
659	-15484659.000000000	
660	-15413422.000000000	
661	-15419684.000000000	
662	-15443305.000000000	
663	-15419034.000000000	
664	-15422578.000000000	
665	-15479885.000000000	
666	-15512873.000000000	
667	-15425748.000000000	
668	-15424932.000000000	
669	-15507326.000000000	
670	-15504981.000000000	
671	-15497469.000000000	
672	-15453167.000000000	
673	-15387126.000000000	
674	-15349962.000000000	
675	-15292451.000000000	
676	-15328045.000000000	
677	-15291282.000000000	
678	-15164649.000000000	
679	-15163145.000000000	
680	-15125945.000000000	
681	-14918325.000000000	
682	-14786908.000000000	
683	-14713055.000000000	
684	-14600759.000000000	
685	-14413069.000000000	
686	-14220821.000000000	
687	-14077975.000000000	
688	-13868558.000000000	
689	-13599331.000000000	
690	-13301264.000000000	
691	-13034649.000000000	
692	-12862835.000000000	
693	-12626032.000000000	
694	-12310975.000000000	
695	-12143859.000000000	
696	-12103845.000000000	
697	-12066641.000000000	
698	-12032078.000000000	
699	-12056223.000000000	
700	-12221507.000000000	
701	-12431605.000000000	
702	-12622963.000000000	
703	-12851785.000000000	
704	-13071346.000000000	
705	-13324150.000000000	
706	-13682670.000000000	
707	-13962479.000000000	
708	-14147133.000000000	
709	-14311747.000000000	
710	-14427797.000000000	
711	-14466323.000000000	
712	-14506380.000000000	
713	-14516921.000000000	
714	-14605163.000000000	
715	-14736319.000000000	
716	-14716827.000000000	
717	-14596673.000000000	
718	-14501139.000000000	
719	-14491062.000000000	
720	-14574424.000000000	
721	-14587918.000000000	
722	-14527847.000000000	
723	-14520930.000000000	
724	-14566106.000000000	
725	-14496081.000000000	
726	-14464983.000000000	
727	-14517551.000000000	
728	-14577934.000000000	
729	-14600978.000000000	
730	-14521748.000000000	
731	-14443790.000000000	
732	-14489747.000000000	
733	-14603752.000000000	
734	-14635473.000000000	
735	-14585383.000000000	
736	-14457602.000000000	
737	-14334166.000000000	
738	-14299740.000000000	
739	-14249660.000000000	
740	-14080865.000000000	
741	-13837660.000000000	
742	-13622084.000000000	
743	-13413955.000000000	
744	-13206976.000000000	
745	-12972183.000000000	
746	-12606312.000000000	
747	-12171759.000000000	
748	-11901685.000000000	
749	-11722355.000000000	
750	-11549133.000000000	
751	-11497548.000000000	
752	-11459708.000000000	
753	-11409527.000000000	
754	-11509235.000000000	
755	-11670862.000000000	
756	-11935137.000000000	
757	-12308677.000000000	
758	-12637721.000000000	
759	-12930883.000000000	
760	-13257409.000000000	
761	-13520491.000000000	
762	-13801581.000000000	
763	-14096951.000000000	
764	-14275648.000000000	
765	-14408378.000000000	
766	-14555657.000000000	
767	-14668897.000000000	
768	-14670479.000000000	
769	-14629900.000000000	
770	-14692182.000000000	
771	-14803420.000000000	
772	-14846554.000000000	
773	-14907538.000000000	
774	-14987282.000000000	
775	-15006429.000000000	
776	-15044616.000000000	
777	-15085781.000000000	
778	-15092730.000000000	
779	-15102534.000000000	
780	-15127741.000000000	
781	-15139737.000000000	
782	-15185407.000000000	
783	-15213226.000000000	
784	-15215019.000000000	
785	-15226589.000000000	
786	-15231749.000000000	
787	-15257862.000000000	
788	-15311702.000000000	
789	-15333835.000000000	
790	-15284861.000000000	
791	-15233325.000000000	
792	-15252489.000000000	
793	-15301550.000000000	
794	-15292499.000000000	
795	-15305637.000000000	
796	-15339299.000000000	
797	-15319894.000000000	
798	-15268949.000000000	
799	-15195047.000000000	
800	-15125467.000000000	
801	-15081420.000000000	
802	-15123952.000000000	
803	-15223459.000000000	
804	-15257808.000000000	
805	-15209000.000000000	
806	-15250346.000000000	
807	-15310681.000000000	
808	-15215752.000000000	
809	-15060791.000000000	
810	-15005492.000000000	
811	-15049615.000000000	
812	-15159178.000000000	
813	-15173333.000000000	
814	-15136759.000000000	
815	-15095203.000000000	
816	-15039750.000000000	
817	-14947675.000000000	
818	-14834149.000000000	
819	-14738954.000000000	
820	-14652080.000000000	
821	-14522889.000000000	
822	-14435676.000000000	
823	-14322748.000000000	
824	-14160961.000000000	
825	-13941741.000000000	
826	-13676831.000000000	
827	-13419337.000000000	
828	-13132997.000000000	
829	-12780523.000000000	
830	-12375664.000000000	
831	-11954546.000000000	
832	-11539782.000000000	
833	-11095073.000000000	
834	-10781048.000000000	
835	-10665632.000000000	
836	-10655013.000000000	
837	-10598733.000000000	
838	-10595915.000000000	
839	-10756727.000000000	
840	-11076776.000000000	
841	-11432104.000000000	
842	-11812861.000000000	
843	-12244468.000000000	
844	-12655262.000000000	
845	-12990614.000000000	
846	-13341587.000000000	
847	-13536436.000000000	
848	-13616680.000000000	
849	-13687219.000000000	
850	-13678655.000000000	
851	-13625404.000000000	
852	-13688673.000000000	
853	-13835455.000000000	
854	-13856062.000000000	
855	-13811681.000000000	
856	-13799011.000000000	
857	-13802431.000000000	
858	-13811946.000000000	
859	-13791425.000000000	
860	-13787328.000000000	
861	-13731774.000000000	
862	-13724434.000000000	
863	-13737798.000000000	
864	-13752983.000000000	
865	-13810884.000000000	
866	-13867678.000000000	
867	-13827312.000000000	
868	-13760067.000000000	
869	-13662982.000000000	
870	-13542280.000000000	
871	-13278832.000000000	
872	-12953677.000000000	
873	-12660639.000000000	
874	-12291998.000000000	
875	-11869680.000000000	
876	-11540421.000000000	
877	-11161550.000000000	
878	-10765133.000000000	
879	-10461476.000000000	
880	-10233296.000000000	
881	-10066719.000000000	
882	-9944264.000000000	
883	-9971186.000000000	
884	-10230432.000000000	
885	-10577745.000000000	
886	-10994890.000000000	
887	-11518282.000000000	
888	-12056910.000000000	
889	-12529612.000000000	
890	-12914077.000000000	
891	-13205615.000000000	
892	-13465068.000000000	
893	-13702975.000000000	
894	-13918444.000000000	
895	-14058606.000000000	
896	-14204306.000000000	
897	-14318780.000000000	
898	-14344632.000000000	
899	-14380896.000000000	
900	-14396167.000000000	
901	-14486502.000000000	
902	-14622273.000000000	
903	-14713915.000000000	
904	-14750758.000000000	
905	-14743369.000000000	
906	-14679775.000000000	
907	-14703280.000000000	
908	-14772271.000000000	
909	-14875136.000000000	
910	-14874673.000000000	
911	-14866869.000000000	
912	-14905873.000000000	
913	-14881034.000000000	
914	-14820405.000000000	
915	-14853213.000000000	
916	-14857858.000000000	
917	-14864294.000000000	
918	-14883455.000000000	
919	-14894647.000000000	
920	-14943711.000000000	
921	-14946427.000000000	
922	-14905487.000000000	
923	-14890823.000000000	
924	-14866224.000000000	
925	-14842595.000000000	
926	-14890258.000000000	
927	-14917050.000000000	
928	-14888374.000000000	
929	-14845880.000000000	
930	-14818613.000000000	
931	-14876765.000000000	
932	-14878983.000000000	
933	-14718212.000000000	
934	-14607153.000000000	
935	-14605575.000000000	
936	-14578186.000000000	
937	-14535128.000000000	
938	-14415876.000000000	
939	-14227206.000000000	
940	-14091102.000000000	
941	-13954490.000000000	
942	-13784552.000000000	
943	-13504279.000000000	
944	-13083199.000000000	
945	-12730856.000000000	
946	-12372763.000000000	
947	-11957920.000000000	
948	-11469565.000000000	
949	-10920403.000000000	
950	-10363004.000000000	
951	-9877116.000000000	
952	-9459882.000000000	
953	-9266858.000000000	
954	-9316991.000000000	
955	-9442472.000000000	
956	-9615738.000000000	
957	-10012409.000000000	
958	-10538961.000000000	
959	-11084073.000000000	
960	-11653242.000000000	
961	-12159603.000000000	
962	-12591557.000000000	
963	-12849218.000000000	
964	-12937118.000000000	
965	-13011488.000000000	
966	-13128221.000000000	
967	-13179885.000000000	
968	-13133346.000000000	
969	-13156644.000000000	
970	-13244530.000000000	
971	-13262021.000000000	
972	-13233610.000000000	
973	-13253278.000000000	
974	-13251225.000000000	
975	-13183086.000000000	
976	-13215343.000000000	
977	-13250369.000000000	
978	-13201866.000000000	
979	-13216370.000000000	
980	-13265091.000000000	
981	-13191841.000000000	
982	-13008070.000000000	
983	-12734066.000000000	
984	-12424337.000000000	
985	-12045998.000000000	
986	-11601936.000000000	
987	-11126212.000000000	
988	-10614082.000000000	
989	-10122146.000000000	
990	-9731834.000000000	
991	-9331707.000000000	
992	-8924882.000000000	
993	-8752980.000000000	
994	-8838741.000000000	
995	-9080190.000000000	
996	-9500837.000000000	
997	-10020976.000000000	
998	-10551709.000000000	
999	-11104624.000000000	
1000	-11771288.000000000	
1001	-12343010.000000000	
1002	-12736618.000000000	
1003	-13059056.000000000	
1004	-13334171.000000000	
1005	-13513075.000000000	
1006	-13574936.000000000	
1007	-13592340.000000000	
1008	-13657491.000000000	
1009	-13767534.000000000	
1010	-13898256.000000000	
1011	-14004539.000000000	
1012	-14025069.000000000	
1013	-14072084.000000000	
1014	-14191285.000000000	
1015	-14275933.000000000	
1016	-14323686.000000000	
1017	-14415505.000000000	
1018	-14420749.000000000	
1019	-14377110.000000000	
1020	-14415892.000000000	
1021	-14447934.000000000	
1022	-14491230.000000000	
1023	-14516817.000000000	
1024	-14513756.000000000	
1025	-14536081.000000000	
1026	-14524384.000000000	
1027	-14475905.000000000	
1028	-14457472.000000000	
1029	-14505006.000000000	
1030	-14502113.000000000	
1031	-14410296.000000000	
1032	-14455950.000000000	
1033	-14507359.000000000	
1034	-14512106.000000000	
1035	-14474557.000000000	
1036	-14481205.000000000	
1037	-14499256.000000000	
1038	-14506725.000000000	
1039	-14471493.000000000	
1040	-14350784.000000000	
1041	-14167476.000000000	
1042	-14011578.000000000	
1043	-13925304.000000000	
1044	-13823841.000000000	
1045	-13651994.000000000	
1046	-13466785.000000000	
1047	-13214881.000000000	
1048	-12792218.000000000	
1049	-12293783.000000000	
1050	-11760321.000000000	
1051	-11184021.000000000	
1052	-10527906.000000000	
1053	-9851688.000000000	
1054	-9285415.000000000	
1055	-8797481.000000000	
1056	-8336552.000000000	
1057	-8130302.500000000	
1058	-8295466.000000000	
1059	-8634921.000000000	
1060	-9081165.000000000	
1061	-9744930.000000000	
1062	-10393846.000000000	
1063	-10977820.000000000	
1064	-11524427.000000000	
1065	-12007870.000000000	
1066	-12317591.000000000	
1067	-12459042.000000000	
1068	-12473679.000000000	
1069	-12483486.000000000	
1070	-12442353.000000000	
1071	-12438978.000000000	
1072	-12451183.000000000	
1073	-12405524.000000000	
1074	-12429679.000000000	
1075	-12467138.000000000	
1076	-12480925.000000000	
1077	-12551620.000000000	
1078	-12572398.000000000	
1079	-12542795.000000000	
1080	-12583587.000000000	
1081	-12589008.000000000	
1082	-12467919.000000000	
1083	-12145957.000000000	
1084	-11693434.000000000	
1085	-11218595.000000000	
1086	-10784934.000000000	
1087	-10284497.000000000	
1088	-9671162.000000000	
1089	-9105615.000000000	
1090	-8641704.000000000	
1091	-8247805.000000000	
1092	-7981053.500000000	
1093	-8016886.000000000	
1094	-8369952.000000000	
1095	-8815058.000000000	
1096	-9372842.000000000	
1097	-10110501.000000000	
1098	-10865742.000000000	
1099	-11502499.000000000	
1100	-11981892.000000000	
1101	-12318746.000000000	
1102	-12609913.000000000	
1103	-12811083.000000000	
1104	-12943520.000000000	
1105	-13166658.000000000	
1106	-13332633.000000000	
1107	-13425988.000000000	
1108	-13565380.000000000	
1109	-13773848.000000000	
1110	-13894771.000000000	
1111	-13940592.000000000	
1112	-14000747.000000000	
1113	-14044510.000000000	
1114	-14045202.000000000	
1115	-14069866.000000000	
1116	-14122214.000000000	
1117	-14100067.000000000	
1118	-14094101.000000000	
1119	-14186004.000000000	
1120	-14201016.000000000	
1121	-14150159.000000000	
1122	-14137440.000000000	
1123	-14145201.000000000	
1124	-14197087.000000000	
1125	-14166926.000000000	
1126	-14037356.000000000	
1127	-13993997.000000000	
1128	-14089999.000000000	
1129	-14078611.000000000	
1130	-13936323.000000000	
1131	-13829698.000000000	
1132	-13865880.000000000	
1133	-13947115.000000000	
1134	-13873344.000000000	
1135	-13734207.000000000	
1136	-13589998.000000000	
1137	-13470154.000000000	
1138	-13292225.000000000	
1139	-13057597.000000000	
1140	-12820028.000000000	
1141	-12427495.000000000	
1142	-11852565.000000000	
1143	-11305628.000000000	
1144	-10751400.000000000	
1145	-10086695.000000000	
1146	-9334227.000000000	
1147	-8593448.000000000	
1148	-7929213.500000000	
1149	-7557801.500000000	
1150	-7429546.000000000	
1151	-7534676.500000000	
1152	-7996285.000000000	
1153	-8714792.000000000	
1154	-9526140.000000000	
1155	-10213833.000000000	
1156	-10764061.000000000	
1157	-11237070.000000000	
1158	-11605242.000000000	
1159	-11819935.000000000	
1160	-11883807.000000000	
1161	-11992867.000000000	
1162	-12091466.000000000	
1163	-12064330.000000000	
1164	-12017775.000000000	
1165	-12010391.000000000	
1166	-11994742.000000000	
1167	-11999187.000000000	
1168	-12049953.000000000	
1169	-12074909.000000000	
1170	-12047386.000000000	
1171	-12013512.000000000	
1172	-11946234.000000000	
1173	-11797236.000000000	
1174	-11448357.000000000	
1175	-10945232.000000000	
1176	-10364965.000000000	
1177	-9758883.000000000	
1178	-9088424.000000000	
1179	-8398885.000000000	
1180	-7827836.500000000	
1181	-7444392.500000000	
1182	-7203284.000000000	
1183	-7217359.500000000	
1184	-7544270.500000000	
1185	-8102266.000000000	
1186	-8859263.000000000	
1187	-9749928.000000000	
1188	-10538192.000000000	
1189	-11144439.000000000	
1190	-11621752.000000000	
1191	-12010697.000000000	
1192	-12251253.000000000	
1193	-12410148.000000000	
1194	-12569166.000000000	
1195	-12744693.000000000	
1196	-12908197.000000000	
1197	-13109540.000000000	
1198	-13262834.000000000	
1199	-13313012.000000000	
1200	-13322307.000000000	
1201	-13404438.000000000	
1202	-13513405.000000000	
1203	-13533197.000000000	
1204	-13514719.000000000	
1205	-13560040.000000000	
1206	-13617259.000000000	
1207	-13687738.000000000	
1208	-13660049.000000000	
1209	-13564517.000000000	
1210	-13594727.000000000	
1211	-13612230.000000000	
1212	-13592861.000000000	
1213	-13655064.000000000	
1214	-13725069.000000000	
1215	-13735399.000000000	
1216	-13690732.000000000	
1217	-13579364.000000000	
1218	-13484554.000000000	
1219	-13428627.000000000	
1220	-13345903.000000000	
1221	-13263218.000000000	
1222	-13209290.000000000	
1223	-13097158.000000000	
1224	-12918091.000000000	
1225	-12634310.000000000	
1226	-12252530.000000000	
1227	-11792760.000000000	
1228	-11245432.000000000	
1229	-10567548.000000000	
1230	-9812180.000000000	
1231	-8983165.000000000	
1232	-8140921.000000000	
1233	-7398655.500000000	
1234	-6851711.500000000	
1235	-6522964.500000000	
1236	-6538792.500000000	
1237	-6915966.500000000	
1238	-7602045.000000000	
1239	-8462930.000000000	
1240	-9361787.000000000	
1241	-10175351.000000000	
1242	-10738627.000000000	
1243	-10974312.000000000	
1244	-11076169.000000000	
1245	-11133383.000000000	
1246	-11181041.000000000	
1247	-11267395.000000000	
1248	-11318559.000000000	
1249	-11214841.000000000	
1250	-11161849.000000000	
1251	-11266553.000000000	
1252	-11284559.000000000	
1253	-11222603.000000000	
1254	-11277300.000000000	
1255	-11303974.000000000	
1256	-11086716.000000000	
1257	-10778663.000000000	
1258	-10450128.000000000	
1259	-9921020.000000000	
1260	-9264210.000000000	
1261	-8589992.000000000	
1262	-7859284.000000000	
1263	-7178963.500000000	
1264	-6731988.500000000	
1265	-6496639.000000000	
1266	-6527529.500000000	
1267	-6892329.500000000	
1268	-7560959.000000000	
1269	-8410024.000000000	
1270	-9252946.000000000	
1271	-10089381.000000000	
1272	-10828408.000000000	
1273	-11375393.000000000	
1274	-11716639.000000000	
1275	-11806245.000000000	
1276	-11989369.000000000	
1277	-12265036.000000000	
1278	-12566430.000000000	
1279	-12802125.000000000	
1280	-12892963.000000000	
1281	-12961822.000000000	
1282	-13094037.000000000	
1283	-13155773.000000000	
1284	-13145161.000000000	
1285	-13197512.000000000	
1286	-13281775.000000000	
1287	-13359768.000000000	
1288	-13378334.000000000	
1289	-13393781.000000000	
1290	-13354649.000000000	
1291	-13293378.000000000	
1292	-13342445.000000000	
1293	-13417542.000000000	
1294	-13454905.000000000	
1295	-13456021.000000000	
1296	-13327078.000000000	
1297	-13233640.000000000	
1298	-13232116.000000000	
1299	-13185827.000000000	
1300	-13019722.000000000	
1301	-12892235.000000000	
1302	-12851059.000000000	
1303	-12691357.000000000	
1304	-12363297.000000000	
1305	-12015526.000000000	
1306	-11611255.000000000	
1307	-11097511.000000000	
1308	-10513829.000000000	
1309	-9877199.000000000	
1310	-9090472.000000000	
1311	-8126078.500000000	
1312	-7131300.500000000	
1313	-6424485.000000000	
1314	-6065662.000000000	
1315	-5984169.500000000	
1316	-6223699.000000000	
1317	-6823465.000000000	
1318	-7662335.000000000	
1319	-8536786.000000000	
1320	-9359910.000000000	
1321	-10018810.000000000	
1322	-10475688.000000000	
1323	-10728525.000000000	
1324	-10883747.000000000	
1325	-10882128.000000000	
1326	-10794066.000000000	
1327	-10810323.000000000	
1328	-10864636.000000000	
1329	-10847997.000000000	
1330	-10795175.000000000	
1331	-10745553.000000000	
1332	-10749609.000000000	
1333	-10826960.000000000	
1334	-10688803.000000000	
1335	-10322212.000000000	
1336	-9872463.000000000	
1337	-9292883.000000000	
1338	-8571855.000000000	
1339	-7831589.500000000	
1340	-7142309.500000000	
1341	-6537597.000000000	
1342	-6196943.000000000	
1343	-6168569.500000000	
1344	-6394834.500000000	
1345	-6977275.000000000	
1346	-7910141.000000000	
1347	-8920616.000000000	
1348	-9767420.000000000	
1349	-10448167.000000000	
1350	-11029201.000000000	
1351	-11386616.000000000	
1352	-11702808.000000000	
1353	-12005958.000000000	
1354	-12275486.000000000	
1355	-12426656.000000000	
1356	-12473545.000000000	
1357	-12573760.000000000	
1358	-12817551.000000000	
1359	-13026367.000000000	
1360	-13130346.000000000	
1361	-13217604.000000000	
1362	-13225120.000000000	
1363	-13142856.000000000	
1364	-13123814.000000000	
1365	-13151811.000000000	
1366	-13206085.000000000	
1367	-13181729.000000000	
1368	-13147073.000000000	
1369	-13121211.000000000	
1370	-13069081.000000000	
1371	-12988107.000000000	
1372	-12932301.000000000	
1373	-12899270.000000000	
1374	-12904813.000000000	
1375	-12817259.000000000	
1376	-12662043.000000000	
1377	-12449219.000000000	
1378	-12190585.000000000	
1379	-11885946.000000000	
1380	-11546482.000000000	
1381	-11125665.000000000	
1382	-10637520.000000000	
1383	-10029599.000000000	
1384	-9233907.000000000	
1385	-8359071.000000000	
1386	-7477285.500000000	
1387	-6685992.500000000	
1388	-6142037.000000000	
1389	-5933439.500000000	
1390	-6042835.000000000	
1391	-6571305.000000000	
1392	-7381414.500000000	
1393	-8288424.000000000	
1394	-9142228.000000000	
1395	-9784783.000000000	
1396	-10294051.000000000	
1397	-10589093.000000000	
1398	-10662734.000000000	
1399	-10709240.000000000	
1400	-10794619.000000000	
1401	-10854139.000000000	
1402	-10880119.000000000	
1403	-10845345.000000000	
1404	-10791420.000000000	
1405	-10844872.000000000	
1406	-10801007.000000000	
1407	-10516258.000000000	
1408	-10200871.000000000	
1409	-9803602.000000000	
1410	-9315879.000000000	
1411	-8694226.000000000	
1412	-8024529.500000000	
1413	-7383423.000000000	
1414	-6810323.000000000	
1415	-6414504.000000000	
1416	-6402597.000000000	
1417	-6747387.500000000	
1418	-7394941.000000000	
1419	-8279719.500000000	
1420	-9271119.000000000	
1421	-10167717.000000000	
1422	-10841810.000000000	
1423	-11276157.000000000	
1424	-11580797.000000000	
1425	-11802913.000000000	
1426	-12026997.000000000	
1427	-12297628.000000000	
1428	-12491928.000000000	
1429	-12521704.000000000	
1430	-12523637.000000000	
1431	-12548760.000000000	
1432	-12659360.000000000	
1433	-12729802.000000000	
1434	-12838637.000000000	
1435	-12905491.000000000	
1436	-12912493.000000000	
1437	-12983535.000000000	
1438	-12991477.000000000	
1439	-12935148.000000000	
1440	-12910609.000000000	
1441	-12912283.000000000	
1442	-12881733.000000000	
1443	-12829246.000000000	
1444	-12763454.000000000	
1445	-12615017.000000000	
1446	-12404209.000000000	
1447	-12227493.000000000	
1448	-11983313.000000000	
1449	-11698512.000000000	
1450	-11526514.000000000	
1451	-11278711.000000000	
1452	-10829850.000000000	
1453	-10230561.000000000	
1454	-9586511.000000000	
1455	-8880464.000000000	
1456	-8092628.000000000	
1457	-7424509.000000000	
1458	-6889506.500000000	
1459	-6562595.000000000	
1460	-6604319.000000000	
1461	-7073996.500000000	
1462	-7839176.000000000	
1463	-8761077.000000000	
1464	-9667450.000000000	
1465	-10425212.000000000	
1466	-10922278.000000000	
1467	-11172469.000000000	
1468	-11243550.000000000	
1469	-11255541.000000000	
1470	-11233063.000000000	
1471	-11216677.000000000	
1472	-11178451.000000000	
1473	-11181095.000000000	
1474	-11195468.000000000	
1475	-11138468.000000000	
1476	-11037301.000000000	
1477	-10857340.000000000	
1478	-10589307.000000000	
1479	-10197884.000000000	
1480	-9702228.000000000	
1481	-9209214.000000000	
1482	-8757074.000000000	
1483	-8426579.000000000	
1484	-8284113.000000000	
1485	-8347857.500000000	
1486	-8669607.000000000	
1487	-9191845.000000000	
1488	-9887733.000000000	
1489	-10678426.000000000	
1490	-11406277.000000000	
1491	-11966110.000000000	
1492	-12288118.000000000	
1493	-12511942.000000000	
1494	-12747157.000000000	
1495	-12908097.000000000	
1496	-13004908.000000000	
1497	-13013654.000000000	
1498	-13108881.000000000	
1499	-13236150.000000000	
1500	-13249690.000000000	
1501	-13286677.000000000	
1502	-13382895.000000000	
1503	-13393390.000000000	
1504	-13314926.000000000	
1505	-13259194.000000000	
1506	-13274043.000000000	
1507	-13243494.000000000	
1508	-13248709.000000000	
1509	-13242743.000000000	
1510	-13149975.000000000	
1511	-13131030.000000000	
1512	-13159534.000000000	
1513	-13002862.000000000	
1514	-12857032.000000000	
1515	-12826953.000000000	
1516	-12735176.000000000	
1517	-12472859.000000000	
1518	-12146337.000000000	
1519	-11834744.000000000	
1520	-11438502.000000000	
1521	-10949241.000000000	
1522	-10478883.000000000	
1523	-10024441.000000000	
1524	-9524004.000000000	
1525	-9083091.000000000	
1526	-8820986.000000000	
1527	-8860453.000000000	
1528	-9137703.000000000	
1529	-9613179.000000000	
1530	-10151335.000000000	
1531	-10750373.000000000	
1532	-11353970.000000000	
1533	-11748223.000000000	
1534	-11831979.000000000	
1535	-11873606.000000000	
1536	-11923232.000000000	
1537	-11919948.000000000	
1538	-11959373.000000000	
1539	-11996624.000000000	
1540	-11951775.000000000	
1541	-11930563.000000000	
1542	-11839938.000000000	
1543	-11726361.000000000	
1544	-11562572.000000000	
1545	-11414180.000000000	
1546	-11178101.000000000	
1547	-10799990.000000000	
1548	-10360909.000000000	
1549	-10094328.000000000	
1550	-10024695.000000000	
1551	-10084941.000000000	
1552	-10352973.000000000	
1553	-10773070.000000000	
1554	-11219738.000000000	
1555	-11703192.000000000	
1556	-12184345.000000000	
1557	-12526148.000000000	
1558	-12703858.000000000	
1559	-12832881.000000000	
1560	-12990108.000000000	
1561	-13094044.000000000	
1562	-13216156.000000000	
1563	-13265603.000000000	
1564	-13255488.000000000	
1565	-13214189.000000000	
1566	-13249950.000000000	
1567	-13318125.000000000	
1568	-13320130.000000000	
1569	-13276736.000000000	
1570	-13244808.000000000	
1571	-13298316.000000000	
1572	-13422359.000000000	
1573	-13487260.000000000	
1574	-13376703.000000000	
1575	-13211882.000000000	
1576	-13128050.000000000	
1577	-13074974.000000000	
1578	-12998930.000000000	
1579	-12870109.000000000	
1580	-12706321.000000000	
1581	-12523891.000000000	
1582	-12357923.000000000	
1583	-12164853.000000000	
1584	-11910092.000000000	
1585	-11633951.000000000	
1586	-11285622.000000000	
1587	-10839721.000000000	
1588	-10438953.000000000	
1589	-10161700.000000000	
1590	-9979299.000000000	
1591	-9950416.000000000	
1592	-10151502.000000000	
1593	-10517917.000000000	
1594	-10938616.000000000	
1595	-11371809.000000000	
1596	-11770570.000000000	
1597	-12110370.000000000	
1598	-12329250.000000000	
1599	-12299337.000000000	
1600	-12200821.000000000	
1601	-12154907.000000000	
1602	-12132632.000000000	
1603	-12179007.000000000	
1604	-12180757.000000000	
1605	-12056090.000000000	
1606	-11926002.000000000	
1607	-11877961.000000000	
1608	-11799667.000000000	
1609	-11529970.000000000	
1610	-11257292.000000000	
1611	-11069597.000000000	
1612	-10888135.000000000	
1613	-10753612.000000000	
1614	-10753148.000000000	
1615	-10883322.000000000	
1616	-11125155.000000000	
1617	-11452188.000000000	
1618	-11828718.000000000	
1619	-12154010.000000000	
1620	-12357321.000000000	
1621	-12529441.000000000	
1622	-12672027.000000000	
1623	-12737603.000000000	
1624	-12804549.000000000	
1625	-12795757.000000000	
1626	-12745314.000000000	
1627	-12727282.000000000	
1628	-12752027.000000000	
1629	-12817727.000000000	
1630	-12834534.000000000	
1631	-12778170.000000000	
1632	-12745541.000000000	
1633	-12678604.000000000	
1634	-12625481.000000000	
1635	-12612858.000000000	
1636	-12523255.000000000	
1637	-12394660.000000000	
1638	-12304633.000000000	
1639	-12297500.000000000	
1640	-12274969.000000000	
1641	-12162551.000000000	
1642	-12058917.000000000	
1643	-11935650.000000000	
1644	-11683233.000000000	
1645	-11453946.000000000	
1646	-11260025.000000000	
1647	-11014304.000000000	
1648	-10758307.000000000	
1649	-10583716.000000000	
1650	-10412704.000000000	
1651	-10240974.000000000	
1652	-10191143.000000000	
1653	-10315383.000000000	
1654	-10498888.000000000	
1655	-10706426.000000000	
1656	-10932598.000000000	
1657	-11145074.000000000	
1658	-11376886.000000000	
1659	-11512944.000000000	
1660	-11477921.000000000	
1661	-11389948.000000000	
1662	-11304824.000000000	
1663	-11235909.000000000	
1664	-11188677.000000000	
1665	-11144906.000000000	
1666	-11088165.000000000	
1667	-11036454.000000000	
1668	-10966740.000000000	
1669	-10749260.000000000	
1670	-10519715.000000000	
1671	-10433018.000000000	
1672	-10339493.000000000	
1673	-10221734.000000000	
1674	-10177448.000000000	
1675	-10080635.000000000	
1676	-10067147.000000000	
1677	-10332616.000000000	
1678	-10658718.000000000	
1679	-10835872.000000000	
1680	-10942881.000000000	
1681	-10970446.000000000	
1682	-10931919.000000000	
1683	-10915148.000000000	
1684	-10881659.000000000	
1685	-10830674.000000000	
1686	-10759245.000000000	
1687	-10705102.000000000	
1688	-10736632.000000000	
1689	-10683426.000000000	
1690	-10523726.000000000	
1691	-10418169.000000000	
1692	-10356817.000000000	
1693	-10345811.000000000	
1694	-10317011.000000000	
1695	-10203432.000000000	
1696	-10098593.000000000	
1697	-9998280.000000000	
1698	-9832738.000000000	
1699	-9634047.000000000	
1700	-9518460.000000000	
1701	-9391395.000000000	
1702	-9167100.000000000	
1703	-8863995.000000000	
1704	-8576041.000000000	
1705	-8382235.500000000	
1706	-8203076.500000000	
1707	-7865978.500000000	
1708	-7518931.000000000	
1709	-7282211.500000000	
1710	-7123403.500000000	
1711	-6973225.000000000	
1712	-6895188.500000000	
1713	-6865876.000000000	
1714	-6941865.000000000	
1715	-7073107.000000000	
1716	-7208873.500000000	
1717	-7181181.500000000	
1718	-7072383.500000000	
1719	-6973651.500000000	
1720	-6854651.000000000	
1721	-6711205.000000000	
1722	-6527530.000000000	
1723	-6306343.500000000	
1724	-6177534.000000000	
1725	-6011348.500000000	
1726	-5768787.500000000	
1727	-5524692.000000000	
1728	-5270186.000000000	
1729	-5072892.000000000	
1730	-4862972.000000000	
1731	-4670121.500000000	
1732	-4574761.000000000	
1733	-4545533.500000000	
1734	-4546772.000000000	
1735	-4523560.000000000	
1736	-4492414.500000000	
1737	-4423167.000000000	
1738	-4352682.000000000	
1739	-4336383.000000000	
1740	-4344276.000000000	
1741	-4242302.000000000	
1742	-4116520.000000000	
1743	-3977599.000000000	
1744	-3813032.750000000	
1745	-3688446.500000000	
1746	-3617576.250000000	
1747	-3563988.250000000	
1748	-3496873.500000000	
1749	-3393151.000000000	
1750	-3288617.500000000	
1751	-3179047.250000000	
1752	-3121232.500000000	
1753	-3122472.750000000	
1754	-2975870.000000000	
1755	-2778921.250000000	
1756	-2704851.750000000	
1757	-2656467.750000000	
1758	-2523092.000000000	
1759	-2380712.000000000	
1760	-2290941.000000000	
1761	-2189694.250000000	
1762	-2021075.500000000	
1763	-1896868.250000000	
1764	-1819429.125000000	
1765	-1711997.875000000	
1766	-1609426.625000000	
1767	-1569448.250000000	
1768	-1559805.625000000	
1769	-1521234.375000000	
1770	-1494610.875000000	
1771	-1453437.500000000	
1772	-1394813.375000000	
1773	-1274578.500000000	
1774	-1184763.375000000	
1775	-1122811.500000000	
1776	-1026256.875000000	
1777	-929830.750000000	
1778	-874407.437500000	
1779	-829394.062500000	
1780	-787664.875000000	
1781	-702586.062500000	
1782	-656252.187500000	
1783	-617936.812500000	
1784	-597329.312500000	
1785	-593147.500000000	
1786	-579622.500000000	
1787	-559782.500000000	
1788	-546682.625000000	
1789	-542712.875000000	
1790	-525005.437500000	
1791	-528118.312500000	
1792	-511951.437500000	
1793	-510111.375000000	
1794	-500214.687500000	
1795	-496287.375000000	
1796	-493215.375000000	
1797	-484213.656250000	
1798	-479473.875000000	
1799	-483097.343750000	
1800	-482071.906250000	
1801	-470166.343750000	
1802	-462484.187500000	
1803	-467306.812500000	
1804	-469907.656250000	
1805	-464059.750000000	
1806	-461617.031250000	
1807	-464254.375000000	
1808	-462246.906250000	
1809	-461374.375000000	
1810	-458787.250000000	
1811	-454334.468750000	
1812	-455776.343750000	
1813	-453580.062500000	
1814	-452565.906250000	
1815	-452515.312500000	
1816	-453806.531250000	
1817	-451238.468750000	
1818	-451177.531250000	
1819	-450686.187500000	
1820	-450566.375000000	
1821	-450299.031250000	
1822	-450481.843750000	
1823	-450525.218750000	
1824	-451255.375000000	
1825	-450095.468750000	
1826	-449201.218750000	
1827	-449446.812500000	
1828	-448882.218750000	
1829	-448772.875000000	
1830	-449058.875000000	
1831	-448778.218750000	
1832	-449132.843750000	
1833	-450345.687500000	
1834	-448927.312500000	
1835	-449083.687500000	
1836	-448828.500000000	
1837	-448659.218750000	
1838	-449114.687500000	
1839	-449066.937500000	
1840	-448966.625000000	
1841	-448862.875000000	
1842	-449458.687500000	
1843	-449419.468750000	
1844	-450552.718750000	
1845	-450298.875000000	
1846	-450516.968750000	
1847	-451046.468750000	
1848	-450687.343750000	
1849	-450489.000000000	
1850	-450286.875000000	
1851	-451584.843750000	
1852	-451178.500000000	
1853	-451120.468750000	
1854	-451975.218750000	
1855	-451245.218750000	
1856	-451117.281250000	
1857	-450765.500000000	
1858	-451402.562500000	
1859	-451491.156250000	
1860	-450576.500000000	
1861	-450511.968750000	
1862	-450068.718750000	
1863	-449720.500000000	
1864	-449501.062500000	
1865	-449258.593750000	
1866	-448889.875000000	
1867	-448522.625000000	
1868	-447590.875000000	
1869	-447072.687500000	
1870	-447150.218750000	
1871	-446649.812500000	
1872	-446290.875000000	
1873	-445515.000000000	
1874	-444994.812500000	
1875	-444855.062500000	
1876	-444461.781250000	
1877	-444206.812500000	
1878	-444089.750000000	
1879	-443863.812500000	
1880	-444666.812500000	
1881	-444440.875000000	
1882	-444606.875000000	
1883	-443603.750000000	
1884	-443457.437500000	
1885	-443911.812500000	
1886	-443523.875000000	
1887	-443680.750000000	
1888	-443418.656250000	
1889	-443571.875000000	
1890	-443610.187500000	
1891	-443234.000000000	
1892	-443785.937500000	
1893	-443601.812500000	
1894	-443858.156250000	
1895	-443063.312500000	
1896	-443416.875000000	
1897	-443657.093750000	
1898	-443500.593750000	
1899	-443230.906250000	
1900	-442654.437500000	
1901	-442552.562500000	
1902	-442911.093750000	
1903	-443177.125000000	
1904	-442709.218750000	
1905	-442613.062500000	
1906	-442637.093750000	
1907	-443130.343750000	
1908	-443304.000000000	
1909	-442837.156250000	
1910	-442768.531250000	
1911	-442318.281250000	
1912	-441894.156250000	
1913	-441470.750000000	
1914	-441226.843750000	
1915	-441465.468750000	
1916	-441222.750000000	
1917	-441519.875000000	
1918	-441526.375000000	
1919	-440672.468750000	
1920	-440332.593750000	
1921	-440187.843750000	
1922	-439829.531250000	
1923	-440169.406250000	
1924	-439024.500000000	
1925	-439311.250000000	
1926	-439204.562500000	
1927	-438830.062500000	
1928	-438347.906250000	
1929	-438809.000000000	
1930	-438415.312500000	
1931	-438236.562500000	
1932	-438321.843750000	
1933	-437975.625000000	
1934	-437065.000000000	
1935	-435823.375000000	
1936	-436362.437500000	
1937	-436317.531250000	
1938	-435877.625000000	
1939	-435603.281250000	
1940	-434942.531250000	
1941	-433603.093750000	
1942	-433347.187500000	
1943	-433888.250000000	
1944	-433278.750000000	
1945	-433288.812500000	
1946	-432706.312500000	
1947	-431795.375000000	
1948	-431554.312500000	
1949	-431413.468750000	
1950	-429450.937500000	
1951	-429388.500000000	
1952	-428111.062500000	
1953	-428067.875000000	
1954	-428401.125000000	
1955	-427803.500000000	
1956	-427781.375000000	
1957	-426941.718750000	
1958	-426675.281250000	
1959	-426578.031250000	
1960	-425006.937500000	
1961	-425154.843750000	
1962	-424755.156250000	
1963	-424283.375000000	
1964	-423133.281250000	
1965	-423082.375000000	
1966	-422505.281250000	
1967	-421491.593750000	
1968	-421696.031250000	
1969	-421110.437500000	
1970	-419808.000000000	
1971	-419077.437500000	
1972	-418202.593750000	
1973	-418711.031250000	
1974	-418820.187500000	
1975	-417902.562500000	
1976	-417298.875000000	
1977	-417082.937500000	
1978	-416683.968750000	
1979	-415963.812500000	
1980	-415821.843750000	
1981	-414911.218750000	
1982	-414099.218750000	
1983	-414129.625000000	
1984	-413699.281250000	
1985	-413298.000000000	
1986	-412765.437500000	
1987	-412787.718750000	
1988	-412538.781250000	
1989	-412435.031250000	
1990	-412029.281250000	
1991	-411767.406250000	
1992	-411575.250000000	
1993	-411489.218750000	
1994	-410876.562500000	
1995	-409882.000000000	
1996	-410150.250000000	
1997	-409799.437500000	
1998	-409430.218750000	
1999	-409433.000000000	
2000	-408870.750000000	
2001	-408893.843750000	
2002	-408659.968750000	
2003	-408469.500000000	
2004	-408717.562500000	
2005	-408793.500000000	
2006	-408576.750000000	
2007	-408990.937500000	
2008	-408301.125000000	
2009	-408337.937500000	
2010	-408360.000000000	
2011	-408101.968750000	
2012	-408242.906250000	
2013	-408218.718750000	
2014	-407818.093750000	
2015	-407919.187500000	
2016	-407655.156250000	
2017	-407880.062500000	
2018	-407623.906250000	
2019	-407655.718750000	
2020	-407573.968750000	
2021	-407047.875000000	
2022	-407096.156250000	
2023	-407316.437500000	
2024	-407007.500000000	
2025	-407063.906250000	
2026	-406888.312500000	
2027	-406758.218750000	
2028	-406563.500000000	
2029	-406632.000000000	
2030	-406746.343750000	
2031	-406417.031250000	
2032	-406452.156250000	
2033	-406466.156250000	
2034	-406490.000000000	
2035	-406390.687500000	
2036	-406497.093750000	
2037	-406367.875000000	
2038	-406365.656250000	
2039	-406158.343750000	
2040	-406354.468750000	
2041	-406346.093750000	
2042	-406424.906250000	
2043	-406313.812500000	
2044	-406265.406250000	
2045	-406334.968750000	
2046	-406378.031250000	
2047	-459653.468750000	
2048	-460082.781250000	
2049	-460240.375000000	
2050	-460482.187500000	
2051	-449776.625000000	
2052	-460899.281250000	
2053	-461290.468750000	
2054	-461453.875000000	
2055	-450694.406250000	
2056	-461968.000000000	
2057	-462291.781250000	
2058	-462800.093750000	
2059	-451677.000000000	
2060	-463001.843750000	
2061	-463222.843750000	
2062	-463556.531250000	
2063	-452443.500000000	
2064	-464068.531250000	
2065	-464348.437500000	
2066	-464569.500000000	
2067	-453297.906250000	
2068	-465091.187500000	
2069	-465481.437500000	
2070	-465703.437500000	
2071	-454320.781250000	
2072	-466298.062500000	
2073	-466571.125000000	
2074	-466947.343750000	
2075	-455214.781250000	
2076	-467439.406250000	
2077	-467861.718750000	
2078	-468112.156250000	
2079	-456312.312500000	
2080	-468713.625000000	
2081	-469024.843750000	
2082	-469451.000000000	
2083	-457541.156250000	
2084	-470117.531250000	
2085	-470481.343750000	
2086	-470840.031250000	
2087	-458653.156250000	
2088	-471510.593750000	
2089	-471960.531250000	
2090	-472296.500000000	
2091	-459950.375000000	
2092	-473082.437500000	
2093	-473469.968750000	
2094	-473941.218750000	
2095	-461232.906250000	
2096	-474670.937500000	
2097	-475072.687500000	
2098	-475490.625000000	
2099	-462634.531250000	
2100	-476174.312500000	
2101	-476663.468750000	
2102	-477024.687500000	
2103	-463959.281250000	
2104	-477940.156250000	
2105	-478247.343750000	
2106	-478662.531250000	
2107	-465340.812500000	
2108	-479468.156250000	
2109	-479884.750000000	
2110	-480307.093750000	
2111	-480770.718750000	
2112	-467096.218750000	
2113	-481554.375000000	
2114	-481997.656250000	
2115	-482377.500000000	
2116	-468495.875000000	
2117	-483258.281250000	
2118	-483732.937500000	
2119	-484216.906250000	
2120	-470012.968750000	
2121	-485120.937500000	
2122	-485632.937500000	
2123	-486071.125000000	
2124	-471619.875000000	
2125	-487071.000000000	
2126	-487645.156250000	
2127	-488222.093750000	
2128	-473452.812500000	
2129	-489301.968750000	
2130	-489819.562500000	
2131	-490411.781250000	
2132	-475426.687500000	
2133	-491456.781250000	
2134	-492118.343750000	
2135	-492743.468750000	
2136	-477362.406250000	
2137	-493932.031250000	
2138	-494545.250000000	
2139	-495175.312500000	
2140	-479460.593750000	
2141	-496413.000000000	
2142	-497055.906250000	
2143	-497715.781250000	
2144	-481679.750000000	
2145	-498949.625000000	
2146	-499618.250000000	
2147	-500313.687500000	
2148	-483802.656250000	
2149	-501537.687500000	
2150	-502218.437500000	
2151	-502933.843750000	
2152	-485968.531250000	
2153	-504243.375000000	
2154	-504891.281250000	
2155	-505680.625000000	
2156	-488329.125000000	
2157	-506890.781250000	
2158	-507706.718750000	
2159	-508488.093750000	
2160	-490768.625000000	
2161	-509964.312500000	
2162	-510796.718750000	
2163	-511629.312500000	
2164	-493449.187500000	
2165	-513189.406250000	
2166	-514061.312500000	
2167	-514966.812500000	
2168	-496353.718750000	
2169	-516678.281250000	
2170	-517644.093750000	
2171	-518641.531250000	
2172	-519646.406250000	
2173	-500330.562500000	
2174	-521476.437500000	
2175	-522502.718750000	
2176	-523555.531250000	
2177	-503816.000000000	
2178	-525564.937500000	
2179	-526695.250000000	
2180	-527837.500000000	
2181	-507558.343750000	
2182	-529995.500000000	
2183	-531200.937500000	
2184	-532442.250000000	
2185	-511558.468750000	
2186	-534724.562500000	
2187	-535877.437500000	
2188	-537233.437500000	
2189	-515603.125000000	
2190	-539631.625000000	
2191	-540987.125000000	
2192	-542356.812500000	
2193	-520153.281250000	
2194	-544929.812500000	
2195	-546280.750000000	
2196	-547854.562500000	
2197	-524955.062500000	
2198	-550638.250000000	
2199	-552206.687500000	
2200	-553793.062500000	
2201	-530148.875000000	
2202	-556802.250000000	
2203	-558481.250000000	
2204	-560184.875000000	
2205	-535736.187500000	
2206	-563408.000000000	
2207	-565217.875000000	
2208	-567061.375000000	
2209	-541738.312500000	
2210	-570522.312500000	
2211	-572470.812500000	
2212	-574464.750000000	
2213	-548213.750000000	
2214	-578208.250000000	
2215	-580314.437500000	
2216	-582458.250000000	
2217	-555210.125000000	
2218	-586526.250000000	
2219	-588812.625000000	
2220	-591140.000000000	
2221	-562820.437500000	
2222	-595561.000000000	
2223	-598049.562500000	
2224	-600590.937500000	
2225	-571109.375000000	
2226	-605430.125000000	
2227	-608145.437500000	
2228	-610937.312500000	
2229	-580202.500000000	
2230	-616232.687500000	
2231	-619230.625000000	
2232	-622295.187500000	
2233	-625425.625000000	
2234	-592927.562500000	
2235	-631411.625000000	
2236	-634805.812500000	
2237	-638285.437500000	
2238	-604246.500000000	
2239	-644910.187500000	
2240	-648668.062500000	
2241	-652530.312500000	
2242	-616802.250000000	
2243	-659914.125000000	
2244	-664110.375000000	
2245	-668439.750000000	
2246	-630841.437500000	
2247	-676720.500000000	
2248	-681432.562500000	
2249	-686300.625000000	
2250	-646632.500000000	
2251	-695641.062500000	
2252	-700993.562500000	
2253	-706539.500000000	
2254	-664588.250000000	
2255	-717167.312500000	
2256	-723272.250000000	
2257	-729598.125000000	
2258	-685069.000000000	
2259	-741808.625000000	
2260	-748851.250000000	
2261	-756166.937500000	
2262	-708749.500000000	
2263	-770365.437500000	
2264	-778563.562500000	
2265	-787100.937500000	
2266	-736389.437500000	
2267	-803759.812500000	
2268	-813427.312500000	
2269	-823543.562500000	
2270	-769064.312500000	
2271	-843371.750000000	
2272	-854956.437500000	
2273	-867118.437500000	
2274	-808309.250000000	
2275	-891110.437500000	
2276	-905210.562500000	
2277	-920121.687500000	
2278	-856303.812500000	
2279	-949760.937500000	
2280	-967335.687500000	
2281	-986020.500000000	
2282	-916347.937500000	
2283	-1023594.812500000	
2284	-1046097.937500000	
2285	-1070221.625000000	
2286	-993640.625000000	
2287	-1119285.000000000	
2288	-1149092.625000000	
2289	-1181426.875000000	
2290	-1096876.500000000	
2291	-1248304.625000000	
2292	-1289713.625000000	
2293	-1335278.500000000	
2294	-1385632.250000000	
2295	-1289704.000000000	
2296	-1493160.000000000	
2297	-1562097.000000000	
2298	-1640119.000000000	
2299	-1536251.625000000	
2300	-1813585.000000000	
2301	-1929894.375000000	
2302	-2066762.875000000	
2303	-1965631.750000000	
2304	-2392523.500000000	
2305	-2629432.000000000	
2306	-2929515.500000000	
2307	-2901480.000000000	
2308	-3754835.250000000	
2309	-4478306.500000000	
2310	-5596354.000000000	
2311	-6528051.000000000	
2312	-10814134.000000000	
2313	-16777216.000000000	
2314	NaN	
