0	-16777216.000000000	
1	-16777216.000000000	
2	-16777216.000000000	
3	-16777216.000000000	
4	-16777216.000000000	
5	-16777216.000000000	
6	-16777197.000000000	
7	-16732812.000000000	
8	-16657709.000000000	
9	-16656492.000000000	
10	-16716355.000000000	
11	-16737319.000000000	
12	-16761487.000000000	
13	-16777216.000000000	
14	-16749622.000000000	
15	-16585967.000000000	
16	-16422305.000000000	
17	-16560350.000000000	
18	-16707122.000000000	
19	-16710794.000000000	
20	-16743622.000000000	
21	-16772478.000000000	
22	-16768177.000000000	
23	-16718882.000000000	
24	-16669599.000000000	
25	-16660045.000000000	
26	-16614661.000000000	
27	-16511980.000000000	
28	-16423314.000000000	
29	-16405268.000000000	
30	-16469141.000000000	
31	-16454411.000000000	
32	-16414933.000000000	
33	-16415498.000000000	
34	-16238145.000000000	
35	-15989338.000000000	
36	-15999664.000000000	
37	-16163660.000000000	
38	-16220051.000000000	
39	-16170416.000000000	
40	-16067305.000000000	
41	-16055496.000000000	
42	-16169295.000000000	
43	-16268322.000000000	
44	-16241363.000000000	
45	-16174209.000000000	
46	-16124433.000000000	
47	-16135172.000000000	
48	-16244772.000000000	
49	-16231771.000000000	
50	-16193842.000000000	
51	-16244276.000000000	
52	-16233595.000000000	
53	-16055034.000000000	
54	-15932180.000000000	
55	-16042100.000000000	
56	-16198669.000000000	
57	-16235868.000000000	
58	-16234410.000000000	
59	-16251196.000000000	
60	-16251504.000000000	
61	-16258242.000000000	
62	-16220703.000000000	
63	-16098025.000000000	
64	-16103205.000000000	
65	-16121588.000000000	
66	-16094136.000000000	
67	-16070340.000000000	
68	-16041499.000000000	
69	-16036286.000000000	
70	-16015471.000000000	
71	-15989329.000000000	
72	-15990066.000000000	
73	-15999434.000000000	
74	-15954878.000000000	
75	-15926159.000000000	
76	-15977722.000000000	
77	-16076311.000000000	
78	-16077209.000000000	
79	-16022247.000000000	
80	-16037681.000000000	
81	-15987817.000000000	
82	-15932962.000000000	
83	-15958115.000000000	
84	-15934010.000000000	
85	-15889143.000000000	
86	-15949548.000000000	
87	-15977743.000000000	
88	-15938503.000000000	
89	-15911166.000000000	
90	-15812460.000000000	
91	-15786807.000000000	
92	-15970613.000000000	
93	-16079022.000000000	
94	-15985481.000000000	
95	-15838763.000000000	
96	-15799902.000000000	
97	-15929316.000000000	
98	-15914026.000000000	
99	-15781517.000000000	
100	-15793479.000000000	
101	-15872297.000000000	
102	-15902499.000000000	
103	-15808683.000000000	
104	-15753894.000000000	
105	-15764520.000000000	
106	-15646071.000000000	
107	-15505207.000000000	
108	-15468560.000000000	
109	-15424799.000000000	
110	-15493553.000000000	
111	-15525525.000000000	
112	-15524356.000000000	
113	-15551233.000000000	
114	-15571593.000000000	
115	-15480708.000000000	
116	-15484436.000000000	
117	-15550986.000000000	
118	-15461970.000000000	
119	-15379257.000000000	
120	-15423327.000000000	
121	-15492932.000000000	
122	-15530194.000000000	
123	-15514246.000000000	
124	-15516617.000000000	
125	-15583522.000000000	
126	-15643672.000000000	
127	-15693496.000000000	
128	-15723524.000000000	
129	-15699939.000000000	
130	-15725854.000000000	
131	-15793910.000000000	
132	-15816231.000000000	
133	-15792486.000000000	
134	-15818587.000000000	
135	-15812569.000000000	
136	-15785301.000000000	
137	-15769645.000000000	
138	-15731009.000000000	
139	-15714143.000000000	
140	-15718415.000000000	
141	-15688658.000000000	
142	-15566614.000000000	
143	-15546363.000000000	
144	-15555507.000000000	
145	-15492540.000000000	
146	-15412412.000000000	
147	-15379388.000000000	
148	-15331691.000000000	
149	-15288874.000000000	
150	-15289546.000000000	
151	-15222734.000000000	
152	-15180881.000000000	
153	-15158329.000000000	
154	-15081120.000000000	
155	-14989384.000000000	
156	-14950496.000000000	
157	-14953418.000000000	
158	-14928768.000000000	
159	-14855079.000000000	
160	-14774916.000000000	
161	-14712615.000000000	
162	-14726628.000000000	
163	-14699544.000000000	
164	-14538893.000000000	
165	-14444364.000000000	
166	-14428322.000000000	
167	-14329746.000000000	
168	-14175806.000000000	
169	-14111779.000000000	
170	-14027143.000000000	
171	-13915040.000000000	
172	-13882190.000000000	
173	-13885052.000000000	
174	-13876181.000000000	
175	-13829279.000000000	
176	-13741859.000000000	
177	-13651284.000000000	
178	-13672302.000000000	
179	-13671349.000000000	
180	-13643482.000000000	
181	-13628149.000000000	
182	-13588145.000000000	
183	-13578984.000000000	
184	-13633366.000000000	
185	-13656134.000000000	
186	-13646340.000000000	
187	-13674779.000000000	
188	-13760906.000000000	
189	-13789524.000000000	
190	-13752470.000000000	
191	-13788488.000000000	
192	-13855091.000000000	
193	-13871409.000000000	
194	-13910368.000000000	
195	-14021072.000000000	
196	-14098255.000000000	
197	-14131123.000000000	
198	-14177767.000000000	
199	-14176261.000000000	
200	-14141263.000000000	
201	-14201871.000000000	
202	-14333132.000000000	
203	-14391941.000000000	
204	-14457439.000000000	
205	-14545105.000000000	
206	-14635001.000000000	
207	-14750776.000000000	
208	-14871438.000000000	
209	-14936257.000000000	
210	-14952664.000000000	
211	-15030517.000000000	
212	-15108656.000000000	
213	-15154632.000000000	
214	-15240958.000000000	
215	-15348047.000000000	
216	-15447130.000000000	
217	-15517854.000000000	
218	-15547422.000000000	
219	-15598041.000000000	
220	-15637014.000000000	
221	-15666232.000000000	
222	-15728950.000000000	
223	-15798519.000000000	
224	-15822117.000000000	
225	-15833126.000000000	
226	-15894044.000000000	
227	-15985296.000000000	
228	-16052295.000000000	
229	-16143823.000000000	
230	-16229251.000000000	
231	-16250155.000000000	
232	-16259038.000000000	
233	-16325359.000000000	
234	-16411549.000000000	
235	-16431657.000000000	
236	-16401222.000000000	
237	-16373195.000000000	
238	-16381598.000000000	
239	-16430290.000000000	
240	-16475053.000000000	
241	-16472644.000000000	
242	-16483763.000000000	
243	-16521253.000000000	
244	-16542415.000000000	
245	-16554473.000000000	
246	-16565765.000000000	
247	-16567647.000000000	
248	-16577813.000000000	
249	-16610000.000000000	
250	-16638314.000000000	
251	-16622981.000000000	
252	-16605714.000000000	
253	-16630063.000000000	
254	-16647980.000000000	
255	-16642473.000000000	
256	-16634584.000000000	
257	-16636573.000000000	
258	-16663033.000000000	
259	-16669510.000000000	
260	-16666362.000000000	
261	-16665489.000000000	
262	-16669858.000000000	
263	-16682659.000000000	
264	-16686642.000000000	
265	-16695554.000000000	
266	-16695811.000000000	
267	-16687172.000000000	
268	-16700501.000000000	
269	-16713795.000000000	
270	-16714751.000000000	
271	-16705737.000000000	
272	-16695579.000000000	
273	-16696339.000000000	
274	-16717296.000000000	
275	-16732452.000000000	
276	-16733940.000000000	
277	-16741792.000000000	
278	-16743480.000000000	
279	-16737775.000000000	
280	-16736464.000000000	
281	-16721773.000000000	
282	-16711243.000000000	
283	-16718090.000000000	
284	-16706793.000000000	
285	-16709425.000000000	
286	-16733217.000000000	
287	-16736451.000000000	
288	-16730958.000000000	
289	-16716351.000000000	
290	-16695026.000000000	
291	-16698890.000000000	
292	-16727068.000000000	
293	-16743216.000000000	
294	-16731040.000000000	
295	-16719948.000000000	
296	-16719391.000000000	
297	-16716571.000000000	
298	-16733928.000000000	
299	-16729218.000000000	
300	-16704294.000000000	
301	-16697417.000000000	
302	-16727554.000000000	
303	-16746757.000000000	
304	-16752331.000000000	
305	-16749921.000000000	
306	-16749879.000000000	
307	-16740781.000000000	
308	-16740400.000000000	
309	-16751897.000000000	
310	-16751292.000000000	
311	-16746920.000000000	
312	-16737643.000000000	
313	-16727822.000000000	
314	-16731410.000000000	
315	-16736584.000000000	
316	-16732116.000000000	
317	-16731499.000000000	
318	-16733494.000000000	
319	-16735015.000000000	
320	-16741695.000000000	
321	-16746880.000000000	
322	-16740597.000000000	
323	-16709962.000000000	
324	-16693663.000000000	
325	-16713697.000000000	
326	-16726966.000000000	
327	-16732738.000000000	
328	-16737603.000000000	
329	-16731887.000000000	
330	-16732031.000000000	
331	-16726267.000000000	
332	-16736772.000000000	
333	-16754268.000000000	
334	-16756623.000000000	
335	-16743925.000000000	
336	-16722237.000000000	
337	-16720152.000000000	
338	-16731758.000000000	
339	-16730219.000000000	
340	-16717687.000000000	
341	-16728796.000000000	
342	-16734969.000000000	
343	-16734697.000000000	
344	-16744084.000000000	
345	-16743006.000000000	
346	-16721881.000000000	
347	-16721156.000000000	
348	-16741082.000000000	
349	-16751862.000000000	
350	-16739840.000000000	
351	-16720557.000000000	
352	-16722498.000000000	
353	-16738358.000000000	
354	-16744367.000000000	
355	-16749345.000000000	
356	-16750986.000000000	
357	-16748399.000000000	
358	-16728218.000000000	
359	-16708151.000000000	
360	-16715093.000000000	
361	-16724629.000000000	
362	-16729473.000000000	
363	-16729672.000000000	
364	-16736567.000000000	
365	-16744657.000000000	
366	-16742526.000000000	
367	-16748126.000000000	
368	-16753673.000000000	
369	-16743601.000000000	
370	-16708775.000000000	
371	-16693800.000000000	
372	-16692625.000000000	
373	-16717622.000000000	
374	-16732241.000000000	
375	-16737264.000000000	
376	-16742418.000000000	
377	-16742470.000000000	
378	-16747835.000000000	
379	-16751206.000000000	
380	-16745605.000000000	
381	-16736507.000000000	
382	-16722152.000000000	
383	-16718461.000000000	
384	-16726425.000000000	
385	-16727520.000000000	
386	-16721821.000000000	
387	-16721077.000000000	
388	-16730113.000000000	
389	-16742818.000000000	
390	-16756106.000000000	
391	-16759532.000000000	
392	-16753748.000000000	
393	-16746099.000000000	
394	-16744357.000000000	
395	-16734619.000000000	
396	-16724451.000000000	
397	-16727558.000000000	
398	-16730225.000000000	
399	-16729351.000000000	
400	-16737059.000000000	
401	-16735869.000000000	
402	-16732456.000000000	
403	-16722942.000000000	
404	-16700438.000000000	
405	-16686566.000000000	
406	-16710097.000000000	
407	-16720163.000000000	
408	-16722466.000000000	
409	-16727331.000000000	
410	-16735015.000000000	
411	-16742438.000000000	
412	-16742182.000000000	
413	-16729251.000000000	
414	-16721614.000000000	
415	-16723066.000000000	
416	-16722513.000000000	
417	-16728782.000000000	
418	-16743587.000000000	
419	-16751981.000000000	
420	-16751044.000000000	
421	-16743247.000000000	
422	-16721491.000000000	
423	-16714578.000000000	
424	-16732669.000000000	
425	-16741884.000000000	
426	-16734458.000000000	
427	-16728399.000000000	
428	-16727845.000000000	
429	-16721062.000000000	
430	-16719524.000000000	
431	-16736037.000000000	
432	-16740176.000000000	
433	-16733474.000000000	
434	-16744484.000000000	
435	-16759589.000000000	
436	-16753830.000000000	
437	-16737533.000000000	
438	-16733991.000000000	
439	-16735057.000000000	
440	-16737744.000000000	
441	-16748240.000000000	
442	-16752454.000000000	
443	-16737474.000000000	
444	-16722552.000000000	
445	-16718068.000000000	
446	-16719946.000000000	
447	-16717002.000000000	
448	-16732280.000000000	
449	-16748622.000000000	
450	-16749050.000000000	
451	-16749736.000000000	
452	-16749309.000000000	
453	-16738172.000000000	
454	-16734205.000000000	
455	-16731089.000000000	
456	-16715687.000000000	
457	-16713001.000000000	
458	-16730706.000000000	
459	-16741798.000000000	
460	-16741328.000000000	
461	-16739579.000000000	
462	-16751784.000000000	
463	-16753660.000000000	
464	-16743377.000000000	
465	-16747941.000000000	
466	-16754984.000000000	
467	-16751273.000000000	
468	-16742526.000000000	
469	-16737832.000000000	
470	-16747389.000000000	
471	-16752636.000000000	
472	-16751100.000000000	
473	-16745466.000000000	
474	-16730277.000000000	
475	-16706683.000000000	
476	-16692687.000000000	
477	-16712782.000000000	
478	-16740133.000000000	
479	-16731047.000000000	
480	-16740645.000000000	
481	-16743589.000000000	
482	-16728146.000000000	
483	-16732577.000000000	
484	-16734795.000000000	
485	-16720847.000000000	
486	-16726395.000000000	
487	-16750033.000000000	
488	-16749010.000000000	
489	-16730531.000000000	
490	-16725541.000000000	
491	-16717477.000000000	
492	-16715642.000000000	
493	-16724730.000000000	
494	-16727762.000000000	
495	-16731899.000000000	
496	-16731090.000000000	
497	-16714491.000000000	
498	-16708347.000000000	
499	-16723622.000000000	
500	-16729382.000000000	
501	-16720634.000000000	
502	-16724900.000000000	
503	-16751397.000000000	
504	-16763728.000000000	
505	-16752078.000000000	
506	-16737317.000000000	
507	-16736374.000000000	
508	-16733297.000000000	
509	-16726601.000000000	
510	-16728358.000000000	
511	-16729554.000000000	
512	-16731814.000000000	
513	-16739706.000000000	
514	-16741245.000000000	
515	-16742946.000000000	
516	-16751733.000000000	
517	-16748068.000000000	
518	-16738983.000000000	
519	-16745810.000000000	
520	-16740305.000000000	
521	-16725374.000000000	
522	-16720761.000000000	
523	-16717162.000000000	
524	-16726462.000000000	
525	-16741539.000000000	
526	-16746919.000000000	
527	-16745981.000000000	
528	-16735571.000000000	
529	-16730452.000000000	
530	-16737875.000000000	
531	-16735866.000000000	
532	-16737869.000000000	
533	-16735482.000000000	
534	-16728530.000000000	
535	-16733223.000000000	
536	-16739666.000000000	
537	-16739966.000000000	
538	-16746878.000000000	
539	-16754722.000000000	
540	-16749900.000000000	
541	-16747001.000000000	
542	-16743207.000000000	
543	-16730962.000000000	
544	-16730148.000000000	
545	-16739324.000000000	
546	-16741885.000000000	
547	-16739283.000000000	
548	-16733350.000000000	
549	-16728870.000000000	
550	-16734502.000000000	
551	-16741415.000000000	
552	-16740435.000000000	
553	-16738810.000000000	
554	-16731600.000000000	
555	-16731303.000000000	
556	-16735656.000000000	
557	-16743847.000000000	
558	-16744656.000000000	
559	-16734759.000000000	
560	-16726353.000000000	
561	-16720208.000000000	
562	-16723875.000000000	
563	-16736849.000000000	
564	-16733562.000000000	
565	-16706341.000000000	
566	-16712870.000000000	
567	-16734031.000000000	
568	-16739662.000000000	
569	-16724299.000000000	
570	-16715127.000000000	
571	-16704291.000000000	
572	-16718844.000000000	
573	-16734034.000000000	
574	-16739751.000000000	
575	-16746150.000000000	
576	-16751911.000000000	
577	-16756819.000000000	
578	-16747942.000000000	
579	-16735015.000000000	
580	-16736507.000000000	
581	-16743590.000000000	
582	-16748670.000000000	
583	-16749610.000000000	
584	-16741417.000000000	
585	-16735954.000000000	
586	-16745681.000000000	
587	-16749820.000000000	
588	-16725329.000000000	
589	-16702376.000000000	
590	-16705489.000000000	
591	-16717691.000000000	
592	-16723538.000000000	
593	-16726011.000000000	
594	-16729038.000000000	
595	-16742096.000000000	
596	-16745721.000000000	
597	-16746658.000000000	
598	-16745040.000000000	
599	-16731259.000000000	
600	-16724989.000000000	
601	-16732198.000000000	
602	-16734971.000000000	
603	-16741585.000000000	
604	-16752591.000000000	
605	-16753957.000000000	
606	-16751994.000000000	
607	-16751525.000000000	
608	-16751142.000000000	
609	-16755152.000000000	
610	-16758479.000000000	
611	-16757542.000000000	
612	-16748628.000000000	
613	-16745511.000000000	
614	-16755069.000000000	
615	-16754765.000000000	
616	-16744399.000000000	
617	-16731387.000000000	
618	-16721020.000000000	
619	-16717140.000000000	
620	-16716629.000000000	
621	-16720637.000000000	
622	-16730956.000000000	
623	-16739265.000000000	
624	-16741145.000000000	
625	-16734071.000000000	
626	-16725032.000000000	
627	-16711592.000000000	
628	-16719781.000000000	
629	-16734543.000000000	
630	-16736635.000000000	
631	-16732069.000000000	
632	-16737403.000000000	
633	-16742225.000000000	
634	-16742313.000000000	
635	-16744744.000000000	
636	-16746707.000000000	
637	-16752425.000000000	
638	-16757759.000000000	
639	-16747946.000000000	
640	-16729171.000000000	
641	-16717694.000000000	
642	-16721448.000000000	
643	-16724776.000000000	
644	-16730491.000000000	
645	-16739023.000000000	
646	-16746878.000000000	
647	-16749990.000000000	
648	-16749776.000000000	
649	-16745162.000000000	
650	-16744991.000000000	
651	-16746694.000000000	
652	-16736334.000000000	
653	-16723364.000000000	
654	-16728699.000000000	
655	-16741709.000000000	
656	-16742776.000000000	
657	-16734541.000000000	
658	-16721188.000000000	
659	-16725073.000000000	
660	-16739409.000000000	
661	-16748200.000000000	
662	-16748370.000000000	
663	-16736252.000000000	
664	-16717603.000000000	
665	-16717731.000000000	
666	-16725366.000000000	
667	-16722341.000000000	
668	-16737319.000000000	
669	-16747642.000000000	
670	-16744741.000000000	
671	-16739792.000000000	
672	-16744911.000000000	
673	-16753363.000000000	
674	-16744873.000000000	
675	-16738388.000000000	
676	-16748413.000000000	
677	-16741542.000000000	
678	-16733607.000000000	
679	-16745252.000000000	
680	-16742862.000000000	
681	-16719909.000000000	
682	-16720549.000000000	
683	-16731813.000000000	
684	-16717689.000000000	
685	-16711791.000000000	
686	-16724718.000000000	
687	-16742266.000000000	
688	-16749266.000000000	
689	-16743933.000000000	
690	-16733950.000000000	
691	-16713888.000000000	
692	-16713928.000000000	
693	-16717947.000000000	
694	-16710954.000000000	
695	-16704553.000000000	
696	-16705056.000000000	
697	-16718621.000000000	
698	-16715727.000000000	
699	-16711550.000000000	
700	-16730153.000000000	
701	-16735270.000000000	
702	-16730534.000000000	
703	-16726141.000000000	
704	-16718845.000000000	
705	-16728146.000000000	
706	-16735266.000000000	
707	-16727033.000000000	
708	-16731470.000000000	
709	-16744099.000000000	
710	-16744441.000000000	
711	-16736806.000000000	
712	-16726907.000000000	
713	-16728998.000000000	
714	-16740434.000000000	
715	-16739923.000000000	
716	-16725117.000000000	
717	-16710481.000000000	
718	-16713169.000000000	
719	-16727634.000000000	
720	-16737788.000000000	
721	-16738297.000000000	
722	-16731087.000000000	
723	-16727035.000000000	
724	-16724433.000000000	
725	-16723238.000000000	
726	-16722342.000000000	
727	-16726653.000000000	
728	-16723197.000000000	
729	-16714236.000000000	
730	-16726950.000000000	
731	-16723495.000000000	
732	-16704809.000000000	
733	-16705489.000000000	
734	-16700624.000000000	
735	-16698447.000000000	
736	-16703482.000000000	
737	-16701473.000000000	
738	-16693666.000000000	
739	-16700114.000000000	
740	-16696616.000000000	
741	-16666835.000000000	
742	-16642258.000000000	
743	-16650491.000000000	
744	-16652669.000000000	
745	-16635346.000000000	
746	-16628988.000000000	
747	-16632699.000000000	
748	-16618664.000000000	
749	-16580135.000000000	
750	-16552699.000000000	
751	-16543486.000000000	
752	-16527914.000000000	
753	-16489982.000000000	
754	-16438823.000000000	
755	-16394737.000000000	
756	-16352886.000000000	
757	-16295974.000000000	
758	-16222931.000000000	
759	-16122706.000000000	
760	-16017188.000000000	
761	-15911759.000000000	
762	-15768659.000000000	
763	-15592573.000000000	
764	-15392979.000000000	
765	-15225555.000000000	
766	-15082494.000000000	
767	-14932479.000000000	
768	-14757371.000000000	
769	-14553764.000000000	
770	-14347518.000000000	
771	-14192640.000000000	
772	-14050901.000000000	
773	-13926655.000000000	
774	-13808596.000000000	
775	-13707003.000000000	
776	-13654395.000000000	
777	-13636309.000000000	
778	-13656789.000000000	
779	-13697108.000000000	
780	-13790548.000000000	
781	-13962111.000000000	
782	-14109823.000000000	
783	-14258474.000000000	
784	-14445909.000000000	
785	-14665599.000000000	
786	-14895401.000000000	
787	-15139454.000000000	
788	-15394601.000000000	
789	-15593641.000000000	
790	-15732564.000000000	
791	-15924480.000000000	
792	-16113620.000000000	
793	-16218794.000000000	
794	-16273107.000000000	
795	-16344999.000000000	
796	-16419112.000000000	
797	-16447606.000000000	
798	-16476450.000000000	
799	-16504733.000000000	
800	-16507217.000000000	
801	-16534054.000000000	
802	-16552914.000000000	
803	-16533800.000000000	
804	-16525097.000000000	
805	-16537129.000000000	
806	-16563753.000000000	
807	-16586448.000000000	
808	-16596858.000000000	
809	-16611152.000000000	
810	-16632442.000000000	
811	-16640453.000000000	
812	-16635629.000000000	
813	-16637683.000000000	
814	-16651900.000000000	
815	-16653992.000000000	
816	-16667644.000000000	
817	-16690044.000000000	
818	-16704979.000000000	
819	-16709116.000000000	
820	-16699386.000000000	
821	-16688209.000000000	
822	-16683132.000000000	
823	-16675837.000000000	
824	-16666322.000000000	
825	-16673704.000000000	
826	-16699986.000000000	
827	-16714834.000000000	
828	-16704552.000000000	
829	-16684284.000000000	
830	-16685179.000000000	
831	-16690939.000000000	
832	-16694567.000000000	
833	-16701905.000000000	
834	-16697892.000000000	
835	-16685649.000000000	
836	-16692857.000000000	
837	-16688036.000000000	
838	-16688929.000000000	
839	-16700196.000000000	
840	-16719655.000000000	
841	-16727078.000000000	
842	-16719990.000000000	
843	-16704030.000000000	
844	-16715771.000000000	
845	-16732796.000000000	
846	-16722642.000000000	
847	-16701778.000000000	
848	-16697768.000000000	
849	-16724091.000000000	
850	-16735782.000000000	
851	-16719611.000000000	
852	-16724987.000000000	
853	-16743719.000000000	
854	-16744132.000000000	
855	-16731931.000000000	
856	-16720586.000000000	
857	-16697937.000000000	
858	-16692816.000000000	
859	-16707281.000000000	
860	-16715216.000000000	
861	-16692645.000000000	
862	-16694226.000000000	
863	-16694780.000000000	
864	-16723325.000000000	
865	-16714275.000000000	
866	-16702925.000000000	
867	-16714873.000000000	
868	-16735524.000000000	
869	-16726776.000000000	
870	-16706594.000000000	
871	-16690597.000000000	
872	-16689149.000000000	
873	-16713298.000000000	
874	-16725202.000000000	
875	-16720808.000000000	
876	-16731217.000000000	
877	-16733606.000000000	
878	-16721786.000000000	
879	-16728271.000000000	
880	-16735695.000000000	
881	-16733266.000000000	
882	-16727891.000000000	
883	-16725331.000000000	
884	-16723751.000000000	
885	-16713717.000000000	
886	-16702751.000000000	
887	-16715552.000000000	
888	-16732410.000000000	
889	-16720467.000000000	
890	-16703483.000000000	
891	-16704419.000000000	
892	-16708643.000000000	
893	-16697422.000000000	
894	-16691153.000000000	
895	-16692519.000000000	
896	-16706472.000000000	
897	-16722131.000000000	
898	-16720724.000000000	
899	-16721747.000000000	
900	-16729981.000000000	
901	-16720381.000000000	
902	-16710099.000000000	
903	-16706642.000000000	
904	-16692093.000000000	
905	-16672339.000000000	
906	-16689704.000000000	
907	-16704594.000000000	
908	-16683772.000000000	
909	-16680487.000000000	
910	-16704634.000000000	
911	-16717604.000000000	
912	-16703612.000000000	
913	-16698833.000000000	
914	-16703784.000000000	
915	-16690558.000000000	
916	-16666367.000000000	
917	-16680873.000000000	
918	-16708347.000000000	
919	-16717946.000000000	
920	-16714405.000000000	
921	-16696442.000000000	
922	-16686376.000000000	
923	-16700498.000000000	
924	-16709028.000000000	
925	-16710687.000000000	
926	-16705738.000000000	
927	-16700922.000000000	
928	-16707749.000000000	
929	-16709798.000000000	
930	-16704978.000000000	
931	-16694991.000000000	
932	-16687823.000000000	
933	-16690511.000000000	
934	-16682277.000000000	
935	-16675537.000000000	
936	-16684158.000000000	
937	-16688078.000000000	
938	-16683385.000000000	
939	-16667258.000000000	
940	-16611068.000000000	
941	-16577832.000000000	
942	-16596265.000000000	
943	-16612644.000000000	
944	-16591952.000000000	
945	-16565283.000000000	
946	-16551972.000000000	
947	-16533881.000000000	
948	-16489425.000000000	
949	-16406311.000000000	
950	-16297247.000000000	
951	-16180469.000000000	
952	-16051355.000000000	
953	-15877838.000000000	
954	-15660157.000000000	
955	-15383250.000000000	
956	-15047251.000000000	
957	-14711973.000000000	
958	-14299087.000000000	
959	-13796521.000000000	
960	-13314261.000000000	
961	-12849408.000000000	
962	-12345685.000000000	
963	-11804288.000000000	
964	-11281493.000000000	
965	-10794409.000000000	
966	-10365866.000000000	
967	-9997056.000000000	
968	-9647018.000000000	
969	-9373952.000000000	
970	-9267968.000000000	
971	-9297749.000000000	
972	-9398229.000000000	
973	-9597994.000000000	
974	-9969792.000000000	
975	-10494421.000000000	
976	-11099818.000000000	
977	-11745323.000000000	
978	-12399957.000000000	
979	-13045419.000000000	
980	-13677653.000000000	
981	-14233770.000000000	
982	-14736724.000000000	
983	-15184852.000000000	
984	-15514922.000000000	
985	-15734611.000000000	
986	-15918846.000000000	
987	-16044372.000000000	
988	-16099582.000000000	
989	-16128638.000000000	
990	-16157311.000000000	
991	-16183125.000000000	
992	-16209108.000000000	
993	-16239998.000000000	
994	-16300755.000000000	
995	-16359931.000000000	
996	-16405490.000000000	
997	-16439666.000000000	
998	-16492280.000000000	
999	-16525690.000000000	
1000	-16530807.000000000	
1001	-16566258.000000000	
1002	-16599671.000000000	
1003	-16589179.000000000	
1004	-16590845.000000000	
1005	-16622716.000000000	
1006	-16633202.000000000	
1007	-16615707.000000000	
1008	-16614559.000000000	
1009	-16609870.000000000	
1010	-16623856.000000000	
1011	-16651379.000000000	
1012	-16666020.000000000	
1013	-16668752.000000000	
1014	-16660604.000000000	
1015	-16653778.000000000	
1016	-16665212.000000000	
1017	-16675625.000000000	
1018	-16659625.000000000	
1019	-16647286.000000000	
1020	-16666570.000000000	
1021	-16683040.000000000	
1022	-16678096.000000000	
1023	-16665124.000000000	
1024	-16671822.000000000	
1025	-16688762.000000000	
1026	-16704334.000000000	
1027	-16710820.000000000	
1028	-16705358.000000000	
1029	-16701562.000000000	
1030	-16696355.000000000	
1031	-16674594.000000000	
1032	-16678438.000000000	
1033	-16695974.000000000	
1034	-16721189.000000000	
1035	-16717988.000000000	
1036	-16711803.000000000	
1037	-16706045.000000000	
1038	-16694440.000000000	
1039	-16699219.000000000	
1040	-16705532.000000000	
1041	-16708428.000000000	
1042	-16701684.000000000	
1043	-16697507.000000000	
1044	-16706855.000000000	
1045	-16700071.000000000	
1046	-16686674.000000000	
1047	-16699985.000000000	
1048	-16696699.000000000	
1049	-16677969.000000000	
1050	-16693159.000000000	
1051	-16702163.000000000	
1052	-16698919.000000000	
1053	-16694479.000000000	
1054	-16663842.000000000	
1055	-16642080.000000000	
1056	-16648697.000000000	
1057	-16698615.000000000	
1058	-16718411.000000000	
1059	-16720122.000000000	
1060	-16712183.000000000	
1061	-16696697.000000000	
1062	-16680526.000000000	
1063	-16681124.000000000	
1064	-16695503.000000000	
1065	-16696911.000000000	
1066	-16688633.000000000	
1067	-16699514.000000000	
1068	-16714960.000000000	
1069	-16698405.000000000	
1070	-16676349.000000000	
1071	-16674726.000000000	
1072	-16663971.000000000	
1073	-16651812.000000000	
1074	-16671397.000000000	
1075	-16698408.000000000	
1076	-16692134.000000000	
1077	-16681211.000000000	
1078	-16688279.000000000	
1079	-16676467.000000000	
1080	-16640889.000000000	
1081	-16635815.000000000	
1082	-16650064.000000000	
1083	-16648571.000000000	
1084	-16645969.000000000	
1085	-16626216.000000000	
1086	-16624507.000000000	
1087	-16654331.000000000	
1088	-16657575.000000000	
1089	-16643198.000000000	
1090	-16644818.000000000	
1091	-16621353.000000000	
1092	-16579965.000000000	
1093	-16561320.000000000	
1094	-16533630.000000000	
1095	-16509182.000000000	
1096	-16489128.000000000	
1097	-16426278.000000000	
1098	-16348323.000000000	
1099	-16215077.000000000	
1100	-16032509.000000000	
1101	-15884444.000000000	
1102	-15685361.000000000	
1103	-15397964.000000000	
1104	-15057063.000000000	
1105	-14560124.000000000	
1106	-13949608.000000000	
1107	-13298686.000000000	
1108	-12577024.000000000	
1109	-11787050.000000000	
1110	-10967083.000000000	
1111	-10153813.000000000	
1112	-9294464.000000000	
1113	-8464811.000000000	
1114	-7751680.000000000	
1115	-7100842.500000000	
1116	-6613973.500000000	
1117	-6336723.500000000	
1118	-6264064.000000000	
1119	-6385065.000000000	
1120	-6684202.500000000	
1121	-7265920.000000000	
1122	-8061952.000000000	
1123	-9002069.000000000	
1124	-10045227.000000000	
1125	-11095765.000000000	
1126	-12054400.000000000	
1127	-12909781.000000000	
1128	-13681492.000000000	
1129	-14298707.000000000	
1130	-14706985.000000000	
1131	-14987050.000000000	
1132	-15205248.000000000	
1133	-15357695.000000000	
1134	-15484074.000000000	
1135	-15623166.000000000	
1136	-15752362.000000000	
1137	-15846739.000000000	
1138	-15953827.000000000	
1139	-16087626.000000000	
1140	-16199549.000000000	
1141	-16293717.000000000	
1142	-16365737.000000000	
1143	-16409214.000000000	
1144	-16463399.000000000	
1145	-16512552.000000000	
1146	-16533286.000000000	
1147	-16537425.000000000	
1148	-16548265.000000000	
1149	-16573012.000000000	
1150	-16583253.000000000	
1151	-16604329.000000000	
1152	-16607483.000000000	
1153	-16604793.000000000	
1154	-16628646.000000000	
1155	-16641275.000000000	
1156	-16637136.000000000	
1157	-16623953.000000000	
1158	-16612047.000000000	
1159	-16626813.000000000	
1160	-16646822.000000000	
1161	-16647718.000000000	
1162	-16657660.000000000	
1163	-16663464.000000000	
1164	-16660562.000000000	
1165	-16659365.000000000	
1166	-16661369.000000000	
1167	-16658513.000000000	
1168	-16658259.000000000	
1169	-16659538.000000000	
1170	-16663375.000000000	
1171	-16676730.000000000	
1172	-16673020.000000000	
1173	-16657960.000000000	
1174	-16662779.000000000	
1175	-16677839.000000000	
1176	-16670459.000000000	
1177	-16654670.000000000	
1178	-16658422.000000000	
1179	-16665124.000000000	
1180	-16679376.000000000	
1181	-16652115.000000000	
1182	-16626386.000000000	
1183	-16636626.000000000	
1184	-16671655.000000000	
1185	-16677328.000000000	
1186	-16694780.000000000	
1187	-16705401.000000000	
1188	-16702155.000000000	
1189	-16686878.000000000	
1190	-16671481.000000000	
1191	-16671185.000000000	
1192	-16680996.000000000	
1193	-16682744.000000000	
1194	-16672505.000000000	
1195	-16680872.000000000	
1196	-16696445.000000000	
1197	-16686503.000000000	
1198	-16651260.000000000	
1199	-16632699.000000000	
1200	-16646053.000000000	
1201	-16661587.000000000	
1202	-16665170.000000000	
1203	-16669223.000000000	
1204	-16670672.000000000	
1205	-16655995.000000000	
1206	-16643622.000000000	
1207	-16644688.000000000	
1208	-16651558.000000000	
1209	-16664698.000000000	
1210	-16648401.000000000	
1211	-16616489.000000000	
1212	-16616446.000000000	
1213	-16631036.000000000	
1214	-16634064.000000000	
1215	-16614567.000000000	
1216	-16593277.000000000	
1217	-16592635.000000000	
1218	-16601168.000000000	
1219	-16581755.000000000	
1220	-16520738.000000000	
1221	-16454304.000000000	
1222	-16407588.000000000	
1223	-16359676.000000000	
1224	-16278141.000000000	
1225	-16135547.000000000	
1226	-15943377.000000000	
1227	-15663871.000000000	
1228	-15301630.000000000	
1229	-14897704.000000000	
1230	-14309373.000000000	
1231	-13543466.000000000	
1232	-12701269.000000000	
1233	-11748352.000000000	
1234	-10730624.000000000	
1235	-9656491.000000000	
1236	-8501035.000000000	
1237	-7355904.000000000	
1238	-6205696.000000000	
1239	-5227520.000000000	
1240	-4626261.500000000	
1241	-4370944.000000000	
1242	-4356992.000000000	
1243	-4552192.000000000	
1244	-4970709.500000000	
1245	-5629312.000000000	
1246	-6576042.500000000	
1247	-7800576.000000000	
1248	-9104171.000000000	
1249	-10408192.000000000	
1250	-11581355.000000000	
1251	-12594133.000000000	
1252	-13428864.000000000	
1253	-14014078.000000000	
1254	-14384422.000000000	
1255	-14604413.000000000	
1256	-14755839.000000000	
1257	-14962048.000000000	
1258	-15208051.000000000	
1259	-15454065.000000000	
1260	-15700133.000000000	
1261	-15884283.000000000	
1262	-16049188.000000000	
1263	-16148091.000000000	
1264	-16187346.000000000	
1265	-16267006.000000000	
1266	-16323412.000000000	
1267	-16329129.000000000	
1268	-16360702.000000000	
1269	-16401617.000000000	
1270	-16450125.000000000	
1271	-16488102.000000000	
1272	-16505767.000000000	
1273	-16527517.000000000	
1274	-16520136.000000000	
1275	-16535586.000000000	
1276	-16557951.000000000	
1277	-16559269.000000000	
1278	-16573092.000000000	
1279	-16591186.000000000	
1280	-16618494.000000000	
1281	-16621309.000000000	
1282	-16601166.000000000	
1283	-16588323.000000000	
1284	-16594640.000000000	
1285	-16635132.000000000	
1286	-16669521.000000000	
1287	-16664232.000000000	
1288	-16650920.000000000	
1289	-16664914.000000000	
1290	-16681895.000000000	
1291	-16674168.000000000	
1292	-16655736.000000000	
1293	-16641744.000000000	
1294	-16642301.000000000	
1295	-16630526.000000000	
1296	-16620244.000000000	
1297	-16626942.000000000	
1298	-16636286.000000000	
1299	-16635771.000000000	
1300	-16636155.000000000	
1301	-16635087.000000000	
1302	-16643358.000000000	
1303	-16645874.000000000	
1304	-16638875.000000000	
1305	-16645537.000000000	
1306	-16658128.000000000	
1307	-16663460.000000000	
1308	-16662903.000000000	
1309	-16659491.000000000	
1310	-16648272.000000000	
1311	-16645796.000000000	
1312	-16652411.000000000	
1313	-16670033.000000000	
1314	-16678182.000000000	
1315	-16669005.000000000	
1316	-16652662.000000000	
1317	-16631198.000000000	
1318	-16634319.000000000	
1319	-16616102.000000000	
1320	-16584145.000000000	
1321	-16592379.000000000	
1322	-16616016.000000000	
1323	-16630989.000000000	
1324	-16618533.000000000	
1325	-16589135.000000000	
1326	-16561871.000000000	
1327	-16549581.000000000	
1328	-16541565.000000000	
1329	-16502609.000000000	
1330	-16468858.000000000	
1331	-16440829.000000000	
1332	-16371411.000000000	
1333	-16274769.000000000	
1334	-16165629.000000000	
1335	-15998804.000000000	
1336	-15763924.000000000	
1337	-15484927.000000000	
1338	-15141332.000000000	
1339	-14629163.000000000	
1340	-13954517.000000000	
1341	-13131008.000000000	
1342	-12153258.000000000	
1343	-11051690.000000000	
1344	-9786667.000000000	
1345	-8438229.000000000	
1346	-7046485.500000000	
1347	-5652906.500000000	
1348	-4530218.500000000	
1349	-3864490.750000000	
1350	-3593898.750000000	
1351	-3571754.750000000	
1352	-3711232.000000000	
1353	-4066005.250000000	
1354	-4651520.000000000	
1355	-5549866.500000000	
1356	-6770645.000000000	
1357	-8263850.500000000	
1358	-9752917.000000000	
1359	-11062613.000000000	
1360	-12118523.000000000	
1361	-12911781.000000000	
1362	-13487187.000000000	
1363	-13863465.000000000	
1364	-14156457.000000000	
1365	-14495828.000000000	
1366	-14846847.000000000	
1367	-15130025.000000000	
1368	-15375700.000000000	
1369	-15613055.000000000	
1370	-15789866.000000000	
1371	-15929252.000000000	
1372	-16064802.000000000	
1373	-16152187.000000000	
1374	-16207016.000000000	
1375	-16266022.000000000	
1376	-16308129.000000000	
1377	-16320758.000000000	
1378	-16370889.000000000	
1379	-16432205.000000000	
1380	-16480379.000000000	
1381	-16503248.000000000	
1382	-16514298.000000000	
1383	-16516304.000000000	
1384	-16521211.000000000	
1385	-16522789.000000000	
1386	-16523347.000000000	
1387	-16553214.000000000	
1388	-16569171.000000000	
1389	-16543058.000000000	
1390	-16542374.000000000	
1391	-16581116.000000000	
1392	-16621138.000000000	
1393	-16624296.000000000	
1394	-16608721.000000000	
1395	-16612132.000000000	
1396	-16634832.000000000	
1397	-16642129.000000000	
1398	-16641021.000000000	
1399	-16651688.000000000	
1400	-16651260.000000000	
1401	-16627195.000000000	
1402	-16617725.000000000	
1403	-16617171.000000000	
1404	-16619812.000000000	
1405	-16614905.000000000	
1406	-16612471.000000000	
1407	-16636796.000000000	
1408	-16656126.000000000	
1409	-16648573.000000000	
1410	-16638673.000000000	
1411	-16620328.000000000	
1412	-16617511.000000000	
1413	-16622546.000000000	
1414	-16623100.000000000	
1415	-16600784.000000000	
1416	-16574629.000000000	
1417	-16590758.000000000	
1418	-16623912.000000000	
1419	-16628773.000000000	
1420	-16599464.000000000	
1421	-16573735.000000000	
1422	-16569596.000000000	
1423	-16549713.000000000	
1424	-16537384.000000000	
1425	-16538578.000000000	
1426	-16529275.000000000	
1427	-16494331.000000000	
1428	-16445562.000000000	
1429	-16407036.000000000	
1430	-16366292.000000000	
1431	-16300926.000000000	
1432	-16218921.000000000	
1433	-16109651.000000000	
1434	-15961596.000000000	
1435	-15766139.000000000	
1436	-15500453.000000000	
1437	-15102205.000000000	
1438	-14564864.000000000	
1439	-13863081.000000000	
1440	-12983807.000000000	
1441	-11916373.000000000	
1442	-10641835.000000000	
1443	-9144107.000000000	
1444	-7554346.500000000	
1445	-6014037.500000000	
1446	-4622293.500000000	
1447	-3628416.000000000	
1448	-3111509.250000000	
1449	-2978090.750000000	
1450	-3142954.750000000	
1451	-3546496.000000000	
1452	-4083157.250000000	
1453	-4735744.000000000	
1454	-5637546.500000000	
1455	-6832896.000000000	
1456	-8276522.500000000	
1457	-9698346.000000000	
1458	-10927786.000000000	
1459	-11892692.000000000	
1460	-12585043.000000000	
1461	-13118718.000000000	
1462	-13553833.000000000	
1463	-13942436.000000000	
1464	-14340730.000000000	
1465	-14699217.000000000	
1466	-14996777.000000000	
1467	-15255977.000000000	
1468	-15446653.000000000	
1469	-15628156.000000000	
1470	-15765927.000000000	
1471	-15832102.000000000	
1472	-15901092.000000000	
1473	-16016165.000000000	
1474	-16156968.000000000	
1475	-16204842.000000000	
1476	-16215891.000000000	
1477	-16291581.000000000	
1478	-16350929.000000000	
1479	-16353661.000000000	
1480	-16362322.000000000	
1481	-16406012.000000000	
1482	-16447314.000000000	
1483	-16460114.000000000	
1484	-16461351.000000000	
1485	-16458618.000000000	
1486	-16491983.000000000	
1487	-16527013.000000000	
1488	-16531751.000000000	
1489	-16530130.000000000	
1490	-16536319.000000000	
1491	-16534612.000000000	
1492	-16516777.000000000	
1493	-16537468.000000000	
1494	-16571347.000000000	
1495	-16562302.000000000	
1496	-16566611.000000000	
1497	-16558417.000000000	
1498	-16553511.000000000	
1499	-16581242.000000000	
1500	-16583589.000000000	
1501	-16545448.000000000	
1502	-16549968.000000000	
1503	-16557731.000000000	
1504	-16560849.000000000	
1505	-16559527.000000000	
1506	-16563792.000000000	
1507	-16550821.000000000	
1508	-16539131.000000000	
1509	-16551377.000000000	
1510	-16542546.000000000	
1511	-16520616.000000000	
1512	-16515112.000000000	
1513	-16501585.000000000	
1514	-16515366.000000000	
1515	-16540112.000000000	
1516	-16502776.000000000	
1517	-16436517.000000000	
1518	-16387454.000000000	
1519	-16351914.000000000	
1520	-16347087.000000000	
1521	-16382500.000000000	
1522	-16354681.000000000	
1523	-16243621.000000000	
1524	-16130642.000000000	
1525	-15986985.000000000	
1526	-15788671.000000000	
1527	-15556820.000000000	
1528	-15204519.000000000	
1529	-14669095.000000000	
1530	-13961727.000000000	
1531	-13071147.000000000	
1532	-11920171.000000000	
1533	-10511360.000000000	
1534	-8926336.000000000	
1535	-7256490.500000000	
1536	-5548498.000000000	
1537	-4003498.250000000	
1538	-3112533.250000000	
1539	-2902528.000000000	
1540	-3024981.250000000	
1541	-3285546.750000000	
1542	-3725397.250000000	
1543	-4388991.500000000	
1544	-5185151.000000000	
1545	-6111445.000000000	
1546	-7254570.500000000	
1547	-8691200.000000000	
1548	-10100523.000000000	
1549	-11196202.000000000	
1550	-11996544.000000000	
1551	-12553898.000000000	
1552	-12979797.000000000	
1553	-13472512.000000000	
1554	-14000298.000000000	
1555	-14431872.000000000	
1556	-14801147.000000000	
1557	-15108302.000000000	
1558	-15319675.000000000	
1559	-15497554.000000000	
1560	-15685927.000000000	
1561	-15810853.000000000	
1562	-15889914.000000000	
1563	-15979000.000000000	
1564	-16074448.000000000	
1565	-16155513.000000000	
1566	-16226215.000000000	
1567	-16251686.000000000	
1568	-16258641.000000000	
1569	-16309369.000000000	
1570	-16369531.000000000	
1571	-16410278.000000000	
1572	-16420221.000000000	
1573	-16400724.000000000	
1574	-16395860.000000000	
1575	-16442833.000000000	
1576	-16485926.000000000	
1577	-16517288.000000000	
1578	-16534353.000000000	
1579	-16520743.000000000	
1580	-16493563.000000000	
1581	-16513234.000000000	
1582	-16527825.000000000	
1583	-16502010.000000000	
1584	-16497520.000000000	
1585	-16511085.000000000	
1586	-16505292.000000000	
1587	-16508796.000000000	
1588	-16525309.000000000	
1589	-16529490.000000000	
1590	-16557350.000000000	
1591	-16596515.000000000	
1592	-16595273.000000000	
1593	-16562808.000000000	
1594	-16551631.000000000	
1595	-16546168.000000000	
1596	-16518694.000000000	
1597	-16500081.000000000	
1598	-16481562.000000000	
1599	-16455332.000000000	
1600	-16444326.000000000	
1601	-16430973.000000000	
1602	-16418471.000000000	
1603	-16409254.000000000	
1604	-16382632.000000000	
1605	-16327679.000000000	
1606	-16256298.000000000	
1607	-16173183.000000000	
1608	-16085544.000000000	
1609	-15983955.000000000	
1610	-15846910.000000000	
1611	-15637332.000000000	
1612	-15296170.000000000	
1613	-14840994.000000000	
1614	-14219258.000000000	
1615	-13336227.000000000	
1616	-12194389.000000000	
1617	-10809771.000000000	
1618	-9215232.000000000	
1619	-7469610.500000000	
1620	-5610026.500000000	
1621	-3953151.750000000	
1622	-3021781.250000000	
1623	-2813824.000000000	
1624	-2972117.250000000	
1625	-3326293.250000000	
1626	-3777536.000000000	
1627	-4316800.000000000	
1628	-4956842.500000000	
1629	-5721173.000000000	
1630	-6701652.500000000	
1631	-8005459.500000000	
1632	-9415551.000000000	
1633	-10570837.000000000	
1634	-11460479.000000000	
1635	-12164693.000000000	
1636	-12703231.000000000	
1637	-13224788.000000000	
1638	-13768362.000000000	
1639	-14196863.000000000	
1640	-14564862.000000000	
1641	-14932394.000000000	
1642	-15222692.000000000	
1643	-15430733.000000000	
1644	-15587106.000000000	
1645	-15707216.000000000	
1646	-15818492.000000000	
1647	-15939709.000000000	
1648	-16037118.000000000	
1649	-16117716.000000000	
1650	-16177960.000000000	
1651	-16200743.000000000	
1652	-16236370.000000000	
1653	-16301992.000000000	
1654	-16369619.000000000	
1655	-16377983.000000000	
1656	-16380457.000000000	
1657	-16419282.000000000	
1658	-16418467.000000000	
1659	-16418845.000000000	
1660	-16457931.000000000	
1661	-16484806.000000000	
1662	-16502000.000000000	
1663	-16507124.000000000	
1664	-16503795.000000000	
1665	-16501492.000000000	
1666	-16488870.000000000	
1667	-16478418.000000000	
1668	-16493053.000000000	
1669	-16505811.000000000	
1670	-16512851.000000000	
1671	-16499624.000000000	
1672	-16485497.000000000	
1673	-16505424.000000000	
1674	-16513360.000000000	
1675	-16510584.000000000	
1676	-16493903.000000000	
1677	-16483110.000000000	
1678	-16467879.000000000	
1679	-16452261.000000000	
1680	-16465232.000000000	
1681	-16455376.000000000	
1682	-16404348.000000000	
1683	-16362793.000000000	
1684	-16330877.000000000	
1685	-16261032.000000000	
1686	-16179753.000000000	
1687	-16125993.000000000	
1688	-16065320.000000000	
1689	-15918077.000000000	
1690	-15653289.000000000	
1691	-15289257.000000000	
1692	-14801578.000000000	
1693	-14125696.000000000	
1694	-13227349.000000000	
1695	-12144469.000000000	
1696	-10841899.000000000	
1697	-9317888.000000000	
1698	-7607210.500000000	
1699	-5718101.500000000	
1700	-3970133.250000000	
1701	-3089194.750000000	
1702	-2988672.000000000	
1703	-3174229.250000000	
1704	-3552722.750000000	
1705	-3978749.000000000	
1706	-4467667.500000000	
1707	-5106901.000000000	
1708	-5840554.500000000	
1709	-6701140.500000000	
1710	-7840333.000000000	
1711	-9137058.000000000	
1712	-10249768.000000000	
1713	-11147819.000000000	
1714	-11878101.000000000	
1715	-12526507.000000000	
1716	-13163263.000000000	
1717	-13701674.000000000	
1718	-14159572.000000000	
1719	-14576591.000000000	
1720	-14908625.000000000	
1721	-15160915.000000000	
1722	-15389866.000000000	
1723	-15575125.000000000	
1724	-15702996.000000000	
1725	-15817301.000000000	
1726	-15929299.000000000	
1727	-15998249.000000000	
1728	-16057805.000000000	
1729	-16144460.000000000	
1730	-16203126.000000000	
1731	-16228515.000000000	
1732	-16251048.000000000	
1733	-16306128.000000000	
1734	-16369272.000000000	
1735	-16404306.000000000	
1736	-16423507.000000000	
1737	-16447913.000000000	
1738	-16458879.000000000	
1739	-16464681.000000000	
1740	-16471123.000000000	
1741	-16470525.000000000	
1742	-16476709.000000000	
1743	-16472531.000000000	
1744	-16462036.000000000	
1745	-16461523.000000000	
1746	-16479187.000000000	
1747	-16493523.000000000	
1748	-16490194.000000000	
1749	-16480553.000000000	
1750	-16440659.000000000	
1751	-16455592.000000000	
1752	-16477353.000000000	
1753	-16456740.000000000	
1754	-16431523.000000000	
1755	-16397648.000000000	
1756	-16345257.000000000	
1757	-16311167.000000000	
1758	-16299646.000000000	
1759	-16241875.000000000	
1760	-16165418.000000000	
1761	-16123731.000000000	
1762	-16061736.000000000	
1763	-15920639.000000000	
1764	-15726292.000000000	
1765	-15444266.000000000	
1766	-15032789.000000000	
1767	-14454016.000000000	
1768	-13659733.000000000	
1769	-12722603.000000000	
1770	-11643435.000000000	
1771	-10274005.000000000	
1772	-8606805.000000000	
1773	-6847402.500000000	
1774	-5104682.500000000	
1775	-3706154.750000000	
1776	-3324970.000000000	
1777	-3432531.500000000	
1778	-3681919.000000000	
1779	-4051413.250000000	
1780	-4525993.500000000	
1781	-5103315.500000000	
1782	-5809876.500000000	
1783	-6582272.000000000	
1784	-7455232.000000000	
1785	-8565076.000000000	
1786	-9782996.000000000	
1787	-10737749.000000000	
1788	-11490346.000000000	
1789	-12175316.000000000	
1790	-12793684.000000000	
1791	-13379069.000000000	
1792	-13948670.000000000	
1793	-14365779.000000000	
1794	-14640255.000000000	
1795	-14917375.000000000	
1796	-15213822.000000000	
1797	-15428777.000000000	
1798	-15586814.000000000	
1799	-15728124.000000000	
1800	-15835088.000000000	
1801	-15923749.000000000	
1802	-16023593.000000000	
1803	-16125268.000000000	
1804	-16198356.000000000	
1805	-16230825.000000000	
1806	-16268968.000000000	
1807	-16320552.000000000	
1808	-16355408.000000000	
1809	-16376571.000000000	
1810	-16387410.000000000	
1811	-16395474.000000000	
1812	-16422526.000000000	
1813	-16421375.000000000	
1814	-16416809.000000000	
1815	-16431144.000000000	
1816	-16428114.000000000	
1817	-16438862.000000000	
1818	-16454479.000000000	
1819	-16434684.000000000	
1820	-16436514.000000000	
1821	-16457334.000000000	
1822	-16448464.000000000	
1823	-16429734.000000000	
1824	-16388776.000000000	
1825	-16341161.000000000	
1826	-16334675.000000000	
1827	-16336382.000000000	
1828	-16309031.000000000	
1829	-16253480.000000000	
1830	-16169982.000000000	
1831	-16124192.000000000	
1832	-16071926.000000000	
1833	-15948965.000000000	
1834	-15776466.000000000	
1835	-15553151.000000000	
1836	-15250304.000000000	
1837	-14800040.000000000	
1838	-14140756.000000000	
1839	-13313705.000000000	
1840	-12345429.000000000	
1841	-11204480.000000000	
1842	-9852672.000000000	
1843	-8252116.500000000	
1844	-6459776.000000000	
1845	-4729257.500000000	
1846	-3721684.750000000	
1847	-3581738.000000000	
1848	-3801001.500000000	
1849	-4129834.000000000	
1850	-4494208.000000000	
1851	-4945408.000000000	
1852	-5471743.000000000	
1853	-6054782.500000000	
1854	-6784808.000000000	
1855	-7635326.500000000	
1856	-8657704.000000000	
1857	-9748051.000000000	
1858	-10668544.000000000	
1859	-11518078.000000000	
1860	-12295678.000000000	
1861	-12986665.000000000	
1862	-13546025.000000000	
1863	-13981008.000000000	
1864	-14373069.000000000	
1865	-14671058.000000000	
1866	-14886098.000000000	
1867	-15139452.000000000	
1868	-15374972.000000000	
1869	-15490256.000000000	
1870	-15588305.000000000	
1871	-15727271.000000000	
1872	-15874941.000000000	
1873	-15991759.000000000	
1874	-16049615.000000000	
1875	-16084560.000000000	
1876	-16132519.000000000	
1877	-16180818.000000000	
1878	-16221053.000000000	
1879	-16229757.000000000	
1880	-16218920.000000000	
1881	-16252370.000000000	
1882	-16287613.000000000	
1883	-16321363.000000000	
1884	-16360998.000000000	
1885	-16360273.000000000	
1886	-16317906.000000000	
1887	-16298532.000000000	
1888	-16323619.000000000	
1889	-16324434.000000000	
1890	-16301438.000000000	
1891	-16317522.000000000	
1892	-16314322.000000000	
1893	-16287357.000000000	
1894	-16271230.000000000	
1895	-16246013.000000000	
1896	-16200232.000000000	
1897	-16166610.000000000	
1898	-16119504.000000000	
1899	-16025470.000000000	
1900	-15913213.000000000	
1901	-15769085.000000000	
1902	-15517609.000000000	
1903	-15162195.000000000	
1904	-14713255.000000000	
1905	-14179837.000000000	
1906	-13527167.000000000	
1907	-12643113.000000000	
1908	-11527679.000000000	
1909	-10261376.000000000	
1910	-8802773.000000000	
1911	-7148288.000000000	
1912	-5461887.500000000	
1913	-4260052.500000000	
1914	-3914751.750000000	
1915	-4054485.250000000	
1916	-4317951.000000000	
1917	-4626175.500000000	
1918	-4998997.000000000	
1919	-5407274.500000000	
1920	-5857620.500000000	
1921	-6428712.500000000	
1922	-7102206.500000000	
1923	-7952723.500000000	
1924	-9043967.000000000	
1925	-10086741.000000000	
1926	-11006377.000000000	
1927	-11837012.000000000	
1928	-12545834.000000000	
1929	-13115687.000000000	
1930	-13606395.000000000	
1931	-14011262.000000000	
1932	-14307412.000000000	
1933	-14624213.000000000	
1934	-14952106.000000000	
1935	-15201662.000000000	
1936	-15392125.000000000	
1937	-15497554.000000000	
1938	-15564457.000000000	
1939	-15664040.000000000	
1940	-15758716.000000000	
1941	-15821012.000000000	
1942	-15888596.000000000	
1943	-15965225.000000000	
1944	-16031187.000000000	
1945	-16067279.000000000	
1946	-16066679.000000000	
1947	-16051662.000000000	
1948	-16086227.000000000	
1949	-16142546.000000000	
1950	-16139432.000000000	
1951	-16104361.000000000	
1952	-16114766.000000000	
1953	-16122361.000000000	
1954	-16095053.000000000	
1955	-16096718.000000000	
1956	-16127100.000000000	
1957	-16119678.000000000	
1958	-16057385.000000000	
1959	-15995005.000000000	
1960	-15935528.000000000	
1961	-15846867.000000000	
1962	-15775315.000000000	
1963	-15695612.000000000	
1964	-15557885.000000000	
1965	-15378473.000000000	
1966	-15129385.000000000	
1967	-14826279.000000000	
1968	-14459047.000000000	
1969	-13940052.000000000	
1970	-13285248.000000000	
1971	-12533205.000000000	
1972	-11612928.000000000	
1973	-10481408.000000000	
1974	-9163349.000000000	
1975	-7739733.000000000	
1976	-6268160.000000000	
1977	-4991743.000000000	
1978	-4358186.000000000	
1979	-4334805.000000000	
1980	-4533248.000000000	
1981	-4802132.500000000	
1982	-5113002.000000000	
1983	-5495977.500000000	
1984	-5909845.000000000	
1985	-6424660.500000000	
1986	-7066111.000000000	
1987	-7820841.500000000	
1988	-8690388.000000000	
1989	-9642665.000000000	
1990	-10565290.000000000	
1991	-11404755.000000000	
1992	-12109951.000000000	
1993	-12665170.000000000	
1994	-13141672.000000000	
1995	-13546026.000000000	
1996	-13853269.000000000	
1997	-14085802.000000000	
1998	-14329045.000000000	
1999	-14580138.000000000	
2000	-14764842.000000000	
2001	-14928255.000000000	
2002	-15075626.000000000	
2003	-15128444.000000000	
2004	-15156178.000000000	
2005	-15238184.000000000	
2006	-15319294.000000000	
2007	-15375186.000000000	
2008	-15368616.000000000	
2009	-15325268.000000000	
2010	-15326889.000000000	
2011	-15376298.000000000	
2012	-15429631.000000000	
2013	-15437737.000000000	
2014	-15423273.000000000	
2015	-15415673.000000000	
2016	-15385463.000000000	
2017	-15358159.000000000	
2018	-15317798.000000000	
2019	-15204989.000000000	
2020	-15075155.000000000	
2021	-15018441.000000000	
2022	-14975264.000000000	
2023	-14945614.000000000	
2024	-14868771.000000000	
2025	-14706638.000000000	
2026	-14516136.000000000	
2027	-14281854.000000000	
2028	-13991850.000000000	
2029	-13636381.000000000	
2030	-13165422.000000000	
2031	-12608679.000000000	
2032	-11946624.000000000	
2033	-11139115.000000000	
2034	-10123648.000000000	
2035	-8894635.000000000	
2036	-7575808.000000000	
2037	-6136064.000000000	
2038	-4751272.500000000	
2039	-4163624.750000000	
2040	-4207402.000000000	
2041	-4398933.500000000	
2042	-4630911.500000000	
2043	-4879701.000000000	
2044	-5128277.500000000	
2045	-5391018.500000000	
2046	-5728554.000000000	
2047	-6106240.000000000	
2048	-6475016.500000000	
2049	-6905639.500000000	
2050	-7347512.500000000	
2051	-7879926.500000000	
2052	-8529485.000000000	
2053	-9166115.000000000	
2054	-9789790.000000000	
2055	-10353598.000000000	
2056	-10744236.000000000	
2057	-11012234.000000000	
2058	-11262803.000000000	
2059	-11472450.000000000	
2060	-11614425.000000000	
2061	-11705135.000000000	
2062	-11805562.000000000	
2063	-11892983.000000000	
2064	-11927551.000000000	
2065	-11937552.000000000	
2066	-11924999.000000000	
2067	-11903177.000000000	
2068	-11844551.000000000	
2069	-11791879.000000000	
2070	-11765679.000000000	
2071	-11609215.000000000	
2072	-11375111.000000000	
2073	-11241681.000000000	
2074	-11123341.000000000	
2075	-10942357.000000000	
2076	-10739539.000000000	
2077	-10501752.000000000	
2078	-10252989.000000000	
2079	-10103011.000000000	
2080	-9978425.000000000	
2081	-9702541.000000000	
2082	-9320639.000000000	
2083	-8998608.000000000	
2084	-8714880.000000000	
2085	-8366150.500000000	
2086	-7980235.500000000	
2087	-7508580.000000000	
2088	-6878053.000000000	
2089	-6209976.000000000	
2090	-5499964.500000000	
2091	-4721605.500000000	
2092	-3923092.500000000	
2093	-3088757.000000000	
2094	-2334683.750000000	
2095	-1810419.875000000	
2096	-1629425.750000000	
2097	-1606483.375000000	
2098	-1679341.750000000	
2099	-1767367.375000000	
2100	-1904075.875000000	
2101	-2070731.000000000	
2102	-2196048.250000000	
2103	-2267476.250000000	
2104	-2334937.000000000	
2105	-2389999.000000000	
2106	-2438608.000000000	
2107	-2488507.250000000	
2108	-2566542.000000000	
2109	-2647462.500000000	
2110	-2695004.000000000	
2111	-2674669.000000000	
2112	-2671328.250000000	
2113	-2710196.250000000	
2114	-2702708.750000000	
2115	-2645420.250000000	
2116	-2549272.000000000	
2117	-2451076.250000000	
2118	-2408551.250000000	
2119	-2373606.000000000	
2120	-2330221.000000000	
2121	-2256243.750000000	
2122	-2190670.250000000	
2123	-2119242.250000000	
2124	-2087519.000000000	
2125	-2044343.000000000	
2126	-1952422.250000000	
2127	-1845364.125000000	
2128	-1747893.125000000	
2129	-1686937.250000000	
2130	-1650734.875000000	
2131	-1621680.000000000	
2132	-1559055.500000000	
2133	-1493365.625000000	
2134	-1387115.250000000	
2135	-1304079.250000000	
2136	-1241961.750000000	
2137	-1188305.750000000	
2138	-1114606.875000000	
2139	-1047914.562500000	
2140	-961084.062500000	
2141	-915672.750000000	
2142	-850576.000000000	
2143	-769335.625000000	
2144	-711765.750000000	
2145	-633495.937500000	
2146	-577810.937500000	
2147	-494745.875000000	
2148	-412621.468750000	
2149	-336505.437500000	
2150	-289055.468750000	
2151	-227512.546875000	
2152	-160934.328125000	
2153	-156974.875000000	
2154	-153940.125000000	
2155	-153440.234375000	
2156	-144657.312500000	
2157	-165447.703125000	
2158	-173960.828125000	
2159	-203732.750000000	
2160	-218591.218750000	
2161	-236131.062500000	
2162	-256315.937500000	
2163	-264829.906250000	
2164	-286465.406250000	
2165	-282947.156250000	
2166	-287224.937500000	
2167	-268921.500000000	
2168	-278360.968750000	
2169	-264216.750000000	
2170	-278589.093750000	
2171	-282762.062500000	
2172	-271506.281250000	
2173	-244894.437500000	
2174	-256625.828125000	
2175	-261397.156250000	
2176	-254522.078125000	
2177	-242639.984375000	
2178	-219901.281250000	
2179	-220094.875000000	
2180	-211439.171875000	
2181	-206215.703125000	
2182	-184918.828125000	
2183	-194429.875000000	
2184	-176220.437500000	
2185	-166519.546875000	
2186	-179235.453125000	
2187	-162505.843750000	
2188	-176307.500000000	
2189	-167247.875000000	
2190	-157260.062500000	
2191	-134969.812500000	
2192	-153602.078125000	
2193	-155623.046875000	
2194	-155188.718750000	
2195	-135163.796875000	
2196	-151324.906250000	
2197	-152692.109375000	
2198	-152035.359375000	
2199	-153416.906250000	
2200	-135313.375000000	
2201	-153031.703125000	
2202	-155398.187500000	
2203	-153770.843750000	
2204	-136423.296875000	
2205	-154427.921875000	
2206	-154807.781250000	
2207	-155190.921875000	
2208	-155577.375000000	
2209	-137880.937500000	
2210	-156261.734375000	
2211	-156657.484375000	
2212	-157056.703125000	
2213	-139074.734375000	
2214	-157763.812500000	
2215	-158172.796875000	
2216	-158585.421875000	
2217	-140308.609375000	
2218	-159316.468750000	
2219	-159739.359375000	
2220	-160166.109375000	
2221	-160596.750000000	
2222	-141932.250000000	
2223	-161359.859375000	
2224	-161801.437500000	
2225	-162247.109375000	
2226	-143264.750000000	
2227	-163037.046875000	
2228	-163494.265625000	
2229	-163955.750000000	
2230	-144644.546875000	
2231	-164774.000000000	
2232	-165247.687500000	
2233	-165725.921875000	
2234	-166208.765625000	
2235	-146464.218750000	
2236	-167065.046875000	
2237	-167560.906250000	
2238	-168061.640625000	
2239	-147961.046875000	
2240	-168949.843750000	
2241	-169464.359375000	
2242	-169984.000000000	
2243	-170508.859375000	
2244	-149938.421875000	
2245	-171440.171875000	
2246	-171979.828125000	
2247	-172524.984375000	
2248	-151567.812500000	
2249	-173492.593750000	
2250	-174053.406250000	
2251	-174620.078125000	
2252	-153261.359375000	
2253	-175626.093750000	
2254	-176209.375000000	
2255	-176798.843750000	
2256	-177394.625000000	
2257	-155504.671875000	
2258	-178452.750000000	
2259	-179066.437500000	
2260	-179686.812500000	
2261	-157358.406250000	
2262	-180788.953125000	
2263	-181428.359375000	
2264	-182074.906250000	
2265	-159290.156250000	
2266	-183223.843750000	
2267	-183890.640625000	
2268	-184565.000000000	
2269	-185247.140625000	
2270	-161856.875000000	
2271	-186459.812500000	
2272	-187163.921875000	
2273	-187876.250000000	
2274	-163984.750000000	
2275	-189143.062500000	
2276	-189878.859375000	
2277	-190623.421875000	
2278	-191376.953125000	
2279	-166818.875000000	
2280	-192717.703125000	
2281	-193496.796875000	
2282	-194285.421875000	
2283	-169174.250000000	
2284	-195689.234375000	
2285	-196505.281250000	
2286	-197331.578125000	
2287	-171641.906250000	
2288	-198802.937500000	
2289	-199658.562500000	
2290	-200525.312500000	
2291	-201403.312500000	
2292	-174941.406250000	
2293	-202967.562500000	
2294	-203877.718750000	
2295	-204799.984375000	
2296	-177694.921875000	
2297	-206443.906250000	
2298	-207400.843750000	
2299	-208370.859375000	
2300	-180590.578125000	
2301	-210100.703125000	
2302	-211108.109375000	
2303	-212129.578125000	
2304	-213165.406250000	
2305	-184480.156250000	
2306	-215014.312500000	
2307	-216091.656250000	
2308	-217184.609375000	
2309	-187742.062500000	
2310	-219135.968750000	
2311	-220273.750000000	
2312	-221428.500000000	
2313	-222600.593750000	
2314	-192139.593750000	
2315	-224694.781250000	
2316	-225916.734375000	
2317	-227157.593750000	
2318	-195841.359375000	
2319	-229375.843750000	
2320	-230671.031250000	
2321	-231986.875000000	
2322	-199766.218750000	
2323	-234340.734375000	
2324	-235715.921875000	
2325	-237113.734375000	
2326	-238534.703125000	
2327	-205090.640625000	
2328	-241078.750000000	
2329	-242566.421875000	
2330	-244079.515625000	
2331	-209602.140625000	
2332	-246790.609375000	
2333	-248377.062500000	
2334	-249991.531250000	
2335	-251634.687500000	
2336	-215753.187500000	
2337	-254582.062500000	
2338	-256308.546875000	
2339	-258066.765625000	
2340	-220993.359375000	
2341	-261223.031250000	
2342	-263073.468750000	
2343	-264959.187500000	
2344	-226612.343750000	
2345	-268347.562500000	
2346	-270335.906250000	
2347	-272363.593750000	
2348	-274431.812500000	
2349	-234340.578125000	
2350	-278152.531250000	
2351	-280338.968750000	
2352	-282570.625000000	
2353	-240986.484375000	
2354	-286589.750000000	
2355	-288953.812500000	
2356	-291369.218750000	
2357	-248177.156250000	
2358	-295724.218750000	
2359	-298289.000000000	
2360	-300911.593750000	
2361	-303593.875000000	
2362	-258177.625000000	
2363	-308438.093750000	
2364	-311295.718750000	
2365	-314221.531250000	
2366	-266881.375000000	
2367	-319512.562500000	
2368	-322638.406250000	
2369	-325842.187500000	
2370	-329126.750000000	
2371	-279103.437500000	
2372	-335078.937500000	
2373	-338602.375000000	
2374	-342219.156250000	
2375	-289853.531250000	
2376	-348784.468750000	
2377	-352677.843750000	
2378	-356679.906250000	
2379	-301743.281250000	
2380	-363958.625000000	
2381	-368283.593750000	
2382	-372735.812500000	
2383	-377320.906250000	
2384	-318742.968750000	
2385	-385682.750000000	
2386	-390665.593750000	
2387	-395804.000000000	
2388	-333994.250000000	
2389	-405203.656250000	
2390	-410818.250000000	
2391	-416621.375000000	
2392	-351205.468750000	
2393	-427260.343750000	
2394	-433634.281250000	
2395	-440236.906250000	
2396	-447080.656250000	
2397	-376450.406250000	
2398	-459678.812500000	
2399	-467258.656250000	
2400	-475135.500000000	
2401	-399769.062500000	
2402	-489689.843750000	
2403	-498480.656250000	
2404	-507643.406250000	
2405	-517202.593750000	
2406	-434854.593750000	
2407	-534964.812500000	
2408	-545756.375000000	
2409	-557055.687500000	
2410	-468226.718750000	
2411	-578163.562500000	
2412	-591059.937500000	
2413	-604621.875000000	
2414	-508228.687500000	
2415	-630118.875000000	
2416	-645802.125000000	
2417	-662381.250000000	
2418	-679935.250000000	
2419	-571949.562500000	
2420	-713274.562500000	
2421	-734002.437500000	
2422	-756100.562500000	
2423	-636874.937500000	
2424	-798503.750000000	
2425	-825157.375000000	
2426	-853822.125000000	
2427	-720895.250000000	
2428	-909559.562500000	
2429	-945097.375000000	
2430	-983759.375000000	
2431	-1025976.687500000	
2432	-870917.500000000	
2433	-1110015.625000000	
2434	-1164988.250000000	
2435	-1226068.875000000	
2436	-1048575.625000000	
2437	-1351049.125000000	
2438	-1435344.875000000	
2439	-1531471.500000000	
2440	-1642108.750000000	
2441	-1429754.000000000	
2442	-1882022.250000000	
2443	-2055021.375000000	
2444	-2264440.750000000	
2445	-2031615.375000000	
2446	-2760967.750000000	
2447	-3160290.750000000	
2448	-3698509.500000000	
2449	-3583784.250000000	
2450	-5287936.000000000	
2451	-7028736.000000000	
2452	-10510336.000000000	
2453	-16777216.000000000	
2454	NaN	
2455	NaN	
