0	-16777216.000000000	
1	-15753216.000000000	
2	-15379115.000000000	
3	-15374746.000000000	
4	-14897368.000000000	
5	-14107336.000000000	
6	-13934895.000000000	
7	-13762560.000000000	
8	-13826168.000000000	
9	-13814299.000000000	
10	-13815613.000000000	
11	-14090240.000000000	
12	-14269461.000000000	
13	-14108788.000000000	
14	-14105187.000000000	
15	-14018150.000000000	
16	-13764608.000000000	
17	-13617995.000000000	
18	-13640590.000000000	
19	-13609643.000000000	
20	-13806527.000000000	
21	-13955220.000000000	
22	-13687231.000000000	
23	-13444346.000000000	
24	-13559677.000000000	
25	-13563277.000000000	
26	-13382837.000000000	
27	-13429887.000000000	
28	-13499213.000000000	
29	-13435460.000000000	
30	-13457846.000000000	
31	-13399381.000000000	
32	-13304865.000000000	
33	-13356544.000000000	
34	-13310312.000000000	
35	-13161085.000000000	
36	-13079383.000000000	
37	-13072337.000000000	
38	-13162379.000000000	
39	-13302050.000000000	
40	-13237846.000000000	
41	-13221681.000000000	
42	-13173957.000000000	
43	-13067084.000000000	
44	-12952085.000000000	
45	-12806795.000000000	
46	-12854737.000000000	
47	-13040572.000000000	
48	-13071939.000000000	
49	-12934296.000000000	
50	-12798392.000000000	
51	-12864549.000000000	
52	-12887868.000000000	
53	-12727220.000000000	
54	-12559370.000000000	
55	-12641894.000000000	
56	-12753183.000000000	
57	-12641834.000000000	
58	-12520045.000000000	
59	-12494074.000000000	
60	-12325631.000000000	
61	-12251294.000000000	
62	-12250789.000000000	
63	-12301380.000000000	
64	-12428473.000000000	
65	-12664368.000000000	
66	-12721556.000000000	
67	-12508638.000000000	
68	-12487518.000000000	
69	-12576909.000000000	
70	-12549158.000000000	
71	-12491647.000000000	
72	-12436293.000000000	
73	-12340405.000000000	
74	-12369745.000000000	
75	-12346982.000000000	
76	-12249563.000000000	
77	-12249172.000000000	
78	-12333388.000000000	
79	-12258290.000000000	
80	-12195732.000000000	
81	-12168989.000000000	
82	-12261343.000000000	
83	-12412310.000000000	
84	-12416709.000000000	
85	-12354552.000000000	
86	-12322777.000000000	
87	-12220875.000000000	
88	-12174784.000000000	
89	-12086822.000000000	
90	-11993088.000000000	
91	-11965924.000000000	
92	-12016749.000000000	
93	-12039075.000000000	
94	-12038190.000000000	
95	-11918996.000000000	
96	-11797383.000000000	
97	-11832373.000000000	
98	-11907061.000000000	
99	-11819549.000000000	
100	-11704764.000000000	
101	-11741924.000000000	
102	-11709382.000000000	
103	-11728591.000000000	
104	-11867686.000000000	
105	-11903781.000000000	
106	-11724897.000000000	
107	-11562492.000000000	
108	-11492573.000000000	
109	-11454166.000000000	
110	-11444382.000000000	
111	-11484872.000000000	
112	-11519927.000000000	
113	-11406027.000000000	
114	-11217604.000000000	
115	-11137354.000000000	
116	-11208152.000000000	
117	-11286278.000000000	
118	-11220175.000000000	
119	-11067283.000000000	
120	-10927730.000000000	
121	-10884425.000000000	
122	-10786003.000000000	
123	-10723945.000000000	
124	-10680127.000000000	
125	-10632938.000000000	
126	-10602100.000000000	
127	-10736708.000000000	
128	-10876801.000000000	
129	-10918674.000000000	
130	-10821048.000000000	
131	-10810919.000000000	
132	-10935563.000000000	
133	-10965922.000000000	
134	-10967048.000000000	
135	-10977087.000000000	
136	-11027550.000000000	
137	-11057203.000000000	
138	-11077721.000000000	
139	-11042816.000000000	
140	-11021467.000000000	
141	-11016823.000000000	
142	-11032790.000000000	
143	-11091998.000000000	
144	-11196156.000000000	
145	-11137765.000000000	
146	-11026819.000000000	
147	-11017027.000000000	
148	-11218048.000000000	
149	-11422272.000000000	
150	-11443558.000000000	
151	-11452445.000000000	
152	-11604676.000000000	
153	-11721175.000000000	
154	-11835057.000000000	
155	-11874248.000000000	
156	-11846078.000000000	
157	-11918917.000000000	
158	-12037072.000000000	
159	-12093416.000000000	
160	-12122638.000000000	
161	-12126103.000000000	
162	-12219671.000000000	
163	-12311802.000000000	
164	-12288424.000000000	
165	-12217723.000000000	
166	-12148906.000000000	
167	-12075190.000000000	
168	-11995366.000000000	
169	-11902345.000000000	
170	-11779686.000000000	
171	-11650856.000000000	
172	-11566801.000000000	
173	-11544488.000000000	
174	-11418873.000000000	
175	-11194424.000000000	
176	-10986325.000000000	
177	-10860897.000000000	
178	-10748393.000000000	
179	-10676048.000000000	
180	-10559416.000000000	
181	-10441557.000000000	
182	-10305225.000000000	
183	-10167021.000000000	
184	-10049799.000000000	
185	-9956865.000000000	
186	-9780312.000000000	
187	-9565649.000000000	
188	-9475784.000000000	
189	-9527480.000000000	
190	-9440942.000000000	
191	-9263819.000000000	
192	-9178927.000000000	
193	-9133595.000000000	
194	-8999617.000000000	
195	-8922003.000000000	
196	-8885101.000000000	
197	-8777490.000000000	
198	-8742502.000000000	
199	-8736500.000000000	
200	-8665722.000000000	
201	-8556956.000000000	
202	-8525716.000000000	
203	-8528344.000000000	
204	-8465830.000000000	
205	-8455244.000000000	
206	-8532956.000000000	
207	-8512445.000000000	
208	-8445607.000000000	
209	-8443805.000000000	
210	-8543986.000000000	
211	-8608575.000000000	
212	-8590308.000000000	
213	-8665070.000000000	
214	-8860956.000000000	
215	-9033518.000000000	
216	-9165528.000000000	
217	-9241941.000000000	
218	-9306831.000000000	
219	-9421675.000000000	
220	-9579416.000000000	
221	-9591048.000000000	
222	-9638109.000000000	
223	-9856489.000000000	
224	-10018680.000000000	
225	-10087199.000000000	
226	-10172883.000000000	
227	-10339340.000000000	
228	-10507019.000000000	
229	-10684499.000000000	
230	-10867233.000000000	
231	-11074679.000000000	
232	-11282864.000000000	
233	-11474411.000000000	
234	-11624448.000000000	
235	-11717748.000000000	
236	-11839481.000000000	
237	-12050974.000000000	
238	-12244688.000000000	
239	-12347376.000000000	
240	-12446827.000000000	
241	-12618284.000000000	
242	-12855427.000000000	
243	-13087123.000000000	
244	-13222478.000000000	
245	-13290145.000000000	
246	-13432967.000000000	
247	-13630641.000000000	
248	-13777467.000000000	
249	-13859883.000000000	
250	-13963419.000000000	
251	-14200689.000000000	
252	-14410928.000000000	
253	-14447552.000000000	
254	-14455251.000000000	
255	-14601748.000000000	
256	-14760805.000000000	
257	-14879655.000000000	
258	-15012463.000000000	
259	-15102373.000000000	
260	-15178187.000000000	
261	-15261202.000000000	
262	-15346799.000000000	
263	-15486525.000000000	
264	-15609855.000000000	
265	-15684882.000000000	
266	-15750527.000000000	
267	-15811292.000000000	
268	-15881055.000000000	
269	-15917726.000000000	
270	-15945584.000000000	
271	-15976942.000000000	
272	-16023036.000000000	
273	-16074842.000000000	
274	-16096276.000000000	
275	-16179905.000000000	
276	-16251029.000000000	
277	-16264823.000000000	
278	-16333514.000000000	
279	-16409387.000000000	
280	-16431092.000000000	
281	-16417444.000000000	
282	-16417630.000000000	
283	-16464941.000000000	
284	-16463776.000000000	
285	-16440349.000000000	
286	-16478122.000000000	
287	-16514943.000000000	
288	-16539231.000000000	
289	-16537819.000000000	
290	-16516933.000000000	
291	-16518246.000000000	
292	-16523434.000000000	
293	-16543749.000000000	
294	-16577568.000000000	
295	-16585323.000000000	
296	-16564800.000000000	
297	-16561398.000000000	
298	-16577733.000000000	
299	-16592159.000000000	
300	-16606947.000000000	
301	-16633858.000000000	
302	-16651459.000000000	
303	-16635368.000000000	
304	-16647112.000000000	
305	-16676560.000000000	
306	-16676654.000000000	
307	-16672060.000000000	
308	-16670385.000000000	
309	-16650374.000000000	
310	-16649238.000000000	
311	-16668473.000000000	
312	-16681314.000000000	
313	-16681189.000000000	
314	-16689217.000000000	
315	-16699598.000000000	
316	-16680042.000000000	
317	-16671451.000000000	
318	-16691090.000000000	
319	-16690885.000000000	
320	-16682449.000000000	
321	-16694866.000000000	
322	-16711176.000000000	
323	-16694917.000000000	
324	-16656150.000000000	
325	-16622451.000000000	
326	-16631411.000000000	
327	-16671058.000000000	
328	-16689970.000000000	
329	-16688058.000000000	
330	-16674649.000000000	
331	-16660267.000000000	
332	-16665109.000000000	
333	-16693637.000000000	
334	-16713189.000000000	
335	-16700576.000000000	
336	-16699836.000000000	
337	-16694529.000000000	
338	-16683685.000000000	
339	-16684597.000000000	
340	-16669799.000000000	
341	-16672609.000000000	
342	-16694373.000000000	
343	-16702108.000000000	
344	-16724860.000000000	
345	-16733382.000000000	
346	-16723327.000000000	
347	-16712275.000000000	
348	-16693570.000000000	
349	-16686207.000000000	
350	-16688384.000000000	
351	-16691936.000000000	
352	-16693914.000000000	
353	-16699209.000000000	
354	-16704867.000000000	
355	-16720180.000000000	
356	-16720897.000000000	
357	-16702089.000000000	
358	-16703871.000000000	
359	-16712746.000000000	
360	-16702653.000000000	
361	-16689718.000000000	
362	-16675074.000000000	
363	-16694320.000000000	
364	-16705632.000000000	
365	-16692637.000000000	
366	-16712819.000000000	
367	-16716668.000000000	
368	-16689893.000000000	
369	-16704057.000000000	
370	-16721631.000000000	
371	-16718593.000000000	
372	-16699188.000000000	
373	-16663696.000000000	
374	-16638907.000000000	
375	-16685611.000000000	
376	-16710470.000000000	
377	-16690975.000000000	
378	-16695050.000000000	
379	-16709787.000000000	
380	-16717466.000000000	
381	-16713553.000000000	
382	-16711534.000000000	
383	-16695129.000000000	
384	-16670425.000000000	
385	-16683966.000000000	
386	-16698198.000000000	
387	-16692086.000000000	
388	-16691375.000000000	
389	-16704629.000000000	
390	-16715928.000000000	
391	-16717348.000000000	
392	-16723303.000000000	
393	-16728117.000000000	
394	-16717262.000000000	
395	-16691249.000000000	
396	-16682835.000000000	
397	-16690872.000000000	
398	-16683690.000000000	
399	-16672671.000000000	
400	-16687489.000000000	
401	-16701703.000000000	
402	-16699339.000000000	
403	-16703311.000000000	
404	-16699615.000000000	
405	-16666920.000000000	
406	-16651297.000000000	
407	-16688155.000000000	
408	-16710776.000000000	
409	-16693185.000000000	
410	-16680057.000000000	
411	-16699090.000000000	
412	-16715687.000000000	
413	-16701179.000000000	
414	-16694520.000000000	
415	-16691234.000000000	
416	-16680526.000000000	
417	-16681381.000000000	
418	-16688502.000000000	
419	-16707914.000000000	
420	-16719814.000000000	
421	-16718283.000000000	
422	-16706207.000000000	
423	-16692814.000000000	
424	-16699601.000000000	
425	-16718289.000000000	
426	-16711163.000000000	
427	-16708474.000000000	
428	-16716197.000000000	
429	-16715600.000000000	
430	-16721189.000000000	
431	-16720718.000000000	
432	-16695502.000000000	
433	-16665337.000000000	
434	-16675576.000000000	
435	-16701092.000000000	
436	-16711118.000000000	
437	-16708007.000000000	
438	-16703613.000000000	
439	-16707069.000000000	
440	-16711504.000000000	
441	-16725326.000000000	
442	-16727034.000000000	
443	-16715004.000000000	
444	-16703014.000000000	
445	-16694929.000000000	
446	-16696635.000000000	
447	-16697375.000000000	
448	-16686419.000000000	
449	-16682748.000000000	
450	-16701603.000000000	
451	-16719950.000000000	
452	-16718844.000000000	
453	-16711380.000000000	
454	-16713768.000000000	
455	-16715816.000000000	
456	-16694440.000000000	
457	-16680529.000000000	
458	-16690983.000000000	
459	-16689235.000000000	
460	-16686249.000000000	
461	-16698067.000000000	
462	-16712871.000000000	
463	-16715858.000000000	
464	-16721533.000000000	
465	-16721062.000000000	
466	-16715045.000000000	
467	-16706344.000000000	
468	-16705064.000000000	
469	-16711550.000000000	
470	-16707111.000000000	
471	-16698193.000000000	
472	-16700924.000000000	
473	-16712656.000000000	
474	-16711591.000000000	
475	-16688892.000000000	
476	-16681382.000000000	
477	-16688592.000000000	
478	-16671906.000000000	
479	-16659534.000000000	
480	-16681553.000000000	
481	-16705832.000000000	
482	-16711718.000000000	
483	-16714790.000000000	
484	-16710228.000000000	
485	-16697810.000000000	
486	-16690806.000000000	
487	-16678433.000000000	
488	-16668494.000000000	
489	-16674170.000000000	
490	-16689529.000000000	
491	-16691110.000000000	
492	-16688678.000000000	
493	-16673744.000000000	
494	-16656932.000000000	
495	-16668197.000000000	
496	-16679761.000000000	
497	-16692903.000000000	
498	-16683133.000000000	
499	-16671870.000000000	
500	-16661374.000000000	
501	-16645201.000000000	
502	-16653261.000000000	
503	-16663887.000000000	
504	-16647504.000000000	
505	-16657533.000000000	
506	-16676475.000000000	
507	-16663544.000000000	
508	-16633632.000000000	
509	-16615245.000000000	
510	-16635676.000000000	
511	-16663287.000000000	
512	-16663175.000000000	
513	-16640806.000000000	
514	-16630351.000000000	
515	-16652710.000000000	
516	-16660005.000000000	
517	-16642424.000000000	
518	-16627065.000000000	
519	-16631249.000000000	
520	-16652755.000000000	
521	-16658001.000000000	
522	-16638716.000000000	
523	-16598994.000000000	
524	-16599633.000000000	
525	-16632396.000000000	
526	-16640661.000000000	
527	-16630550.000000000	
528	-16619044.000000000	
529	-16621651.000000000	
530	-16621139.000000000	
531	-16592722.000000000	
532	-16596305.000000000	
533	-16614012.000000000	
534	-16611835.000000000	
535	-16598393.000000000	
536	-16599080.000000000	
537	-16601725.000000000	
538	-16597202.000000000	
539	-16598995.000000000	
540	-16608382.000000000	
541	-16610856.000000000	
542	-16610382.000000000	
543	-16603470.000000000	
544	-16584143.000000000	
545	-16574971.000000000	
546	-16587131.000000000	
547	-16595240.000000000	
548	-16607230.000000000	
549	-16614396.000000000	
550	-16621776.000000000	
551	-16615292.000000000	
552	-16597074.000000000	
553	-16605481.000000000	
554	-16636029.000000000	
555	-16634834.000000000	
556	-16605650.000000000	
557	-16612346.000000000	
558	-16632871.000000000	
559	-16633083.000000000	
560	-16620539.000000000	
561	-16617001.000000000	
562	-16623058.000000000	
563	-16631675.000000000	
564	-16626810.000000000	
565	-16610300.000000000	
566	-16596862.000000000	
567	-16591827.000000000	
568	-16609276.000000000	
569	-16651768.000000000	
570	-16674252.000000000	
571	-16638881.000000000	
572	-16626213.000000000	
573	-16616957.000000000	
574	-16622714.000000000	
575	-16619985.000000000	
576	-16654547.000000000	
577	-16684628.000000000	
578	-16692989.000000000	
579	-16669737.000000000	
580	-16645460.000000000	
581	-16649597.000000000	
582	-16659068.000000000	
583	-16672762.000000000	
584	-16683302.000000000	
585	-16688424.000000000	
586	-16679764.000000000	
587	-16668156.000000000	
588	-16672508.000000000	
589	-16643622.000000000	
590	-16615847.000000000	
591	-16631037.000000000	
592	-16651175.000000000	
593	-16665556.000000000	
594	-16671274.000000000	
595	-16662822.000000000	
596	-16665080.000000000	
597	-16667725.000000000	
598	-16671353.000000000	
599	-16668238.000000000	
600	-16662224.000000000	
601	-16666705.000000000	
602	-16673617.000000000	
603	-16681852.000000000	
604	-16680782.000000000	
605	-16670415.000000000	
606	-16665208.000000000	
607	-16670670.000000000	
608	-16681468.000000000	
609	-16678396.000000000	
610	-16677586.000000000	
611	-16676262.000000000	
612	-16672893.000000000	
613	-16679293.000000000	
614	-16690430.000000000	
615	-16689321.000000000	
616	-16684880.000000000	
617	-16689786.000000000	
618	-16690129.000000000	
619	-16664613.000000000	
620	-16637692.000000000	
621	-16641917.000000000	
622	-16662824.000000000	
623	-16666362.000000000	
624	-16658030.000000000	
625	-16666432.000000000	
626	-16665974.000000000	
627	-16654160.000000000	
628	-16651688.000000000	
629	-16663162.000000000	
630	-16659622.000000000	
631	-16640166.000000000	
632	-16648020.000000000	
633	-16658814.000000000	
634	-16649681.000000000	
635	-16648572.000000000	
636	-16660221.000000000	
637	-16669610.000000000	
638	-16687871.000000000	
639	-16697684.000000000	
640	-16673576.000000000	
641	-16645247.000000000	
642	-16652926.000000000	
643	-16676051.000000000	
644	-16674087.000000000	
645	-16654035.000000000	
646	-16639485.000000000	
647	-16652580.000000000	
648	-16674554.000000000	
649	-16669564.000000000	
650	-16664617.000000000	
651	-16671773.000000000	
652	-16669426.000000000	
653	-16669686.000000000	
654	-16663122.000000000	
655	-16648615.000000000	
656	-16639782.000000000	
657	-16645797.000000000	
658	-16656076.000000000	
659	-16665123.000000000	
660	-16661881.000000000	
661	-16645242.000000000	
662	-16647676.000000000	
663	-16646865.000000000	
664	-16648145.000000000	
665	-16641745.000000000	
666	-16628261.000000000	
667	-16636237.000000000	
668	-16646008.000000000	
669	-16643153.000000000	
670	-16642429.000000000	
671	-16650320.000000000	
672	-16659748.000000000	
673	-16651430.000000000	
674	-16652368.000000000	
675	-16665295.000000000	
676	-16666108.000000000	
677	-16656211.000000000	
678	-16631934.000000000	
679	-16623060.000000000	
680	-16637136.000000000	
681	-16623056.000000000	
682	-16611154.000000000	
683	-16623016.000000000	
684	-16627538.000000000	
685	-16617210.000000000	
686	-16615834.000000000	
687	-16618905.000000000	
688	-16605306.000000000	
689	-16602239.000000000	
690	-16620071.000000000	
691	-16628007.000000000	
692	-16600823.000000000	
693	-16557730.000000000	
694	-16527910.000000000	
695	-16517418.000000000	
696	-16501370.000000000	
697	-16492876.000000000	
698	-16491298.000000000	
699	-16478118.000000000	
700	-16455377.000000000	
701	-16462206.000000000	
702	-16465663.000000000	
703	-16438270.000000000	
704	-16409810.000000000	
705	-16360830.000000000	
706	-16326268.000000000	
707	-16314658.000000000	
708	-16288593.000000000	
709	-16246950.000000000	
710	-16199292.000000000	
711	-16151931.000000000	
712	-16061907.000000000	
713	-15959208.000000000	
714	-15894141.000000000	
715	-15830399.000000000	
716	-15755135.000000000	
717	-15671294.000000000	
718	-15583399.000000000	
719	-15509758.000000000	
720	-15433129.000000000	
721	-15391743.000000000	
722	-15381118.000000000	
723	-15350611.000000000	
724	-15295145.000000000	
725	-15236137.000000000	
726	-15191294.000000000	
727	-15212159.000000000	
728	-15262206.000000000	
729	-15230207.000000000	
730	-15184681.000000000	
731	-15205290.000000000	
732	-15253844.000000000	
733	-15314515.000000000	
734	-15387091.000000000	
735	-15453906.000000000	
736	-15530452.000000000	
737	-15621972.000000000	
738	-15684179.000000000	
739	-15781928.000000000	
740	-15853266.000000000	
741	-15887016.000000000	
742	-15953021.000000000	
743	-16006825.000000000	
744	-16048851.000000000	
745	-16116264.000000000	
746	-16163154.000000000	
747	-16212906.000000000	
748	-16251645.000000000	
749	-16237863.000000000	
750	-16203476.000000000	
751	-16169640.000000000	
752	-16151934.000000000	
753	-16172583.000000000	
754	-16214996.000000000	
755	-16197873.000000000	
756	-16131616.000000000	
757	-16085029.000000000	
758	-16067626.000000000	
759	-16014805.000000000	
760	-15954600.000000000	
761	-15909199.000000000	
762	-15871484.000000000	
763	-15828092.000000000	
764	-15763325.000000000	
765	-15651837.000000000	
766	-15522131.000000000	
767	-15421480.000000000	
768	-15324500.000000000	
769	-15220948.000000000	
770	-15080529.000000000	
771	-14935888.000000000	
772	-14795856.000000000	
773	-14651644.000000000	
774	-14485886.000000000	
775	-14294612.000000000	
776	-14096638.000000000	
777	-13936337.000000000	
778	-13791868.000000000	
779	-13689983.000000000	
780	-13599018.000000000	
781	-13493461.000000000	
782	-13470933.000000000	
783	-13506688.000000000	
784	-13472939.000000000	
785	-13436416.000000000	
786	-13501867.000000000	
787	-13570688.000000000	
788	-13641557.000000000	
789	-13812864.000000000	
790	-14057770.000000000	
791	-14269055.000000000	
792	-14427904.000000000	
793	-14566357.000000000	
794	-14718720.000000000	
795	-14900565.000000000	
796	-15111551.000000000	
797	-15251370.000000000	
798	-15334270.000000000	
799	-15440114.000000000	
800	-15555698.000000000	
801	-15628028.000000000	
802	-15684436.000000000	
803	-15741481.000000000	
804	-15758121.000000000	
805	-15738538.000000000	
806	-15747370.000000000	
807	-15774291.000000000	
808	-15757310.000000000	
809	-15706875.000000000	
810	-15672871.000000000	
811	-15648681.000000000	
812	-15615902.000000000	
813	-15560433.000000000	
814	-15479802.000000000	
815	-15370793.000000000	
816	-15275561.000000000	
817	-15211434.000000000	
818	-15148286.000000000	
819	-15077674.000000000	
820	-14943016.000000000	
821	-14768937.000000000	
822	-14609237.000000000	
823	-14489513.000000000	
824	-14372095.000000000	
825	-14225876.000000000	
826	-14053801.000000000	
827	-13887572.000000000	
828	-13770325.000000000	
829	-13717545.000000000	
830	-13645440.000000000	
831	-13544959.000000000	
832	-13545173.000000000	
833	-13593258.000000000	
834	-13599275.000000000	
835	-13685973.000000000	
836	-13861930.000000000	
837	-14046378.000000000	
838	-14211371.000000000	
839	-14345213.000000000	
840	-14518525.000000000	
841	-14764159.000000000	
842	-14992085.000000000	
843	-15177083.000000000	
844	-15361319.000000000	
845	-15521791.000000000	
846	-15630122.000000000	
847	-15751552.000000000	
848	-15865685.000000000	
849	-15943934.000000000	
850	-15991977.000000000	
851	-16062419.000000000	
852	-16117203.000000000	
853	-16114729.000000000	
854	-16135419.000000000	
855	-16158846.000000000	
856	-16159946.000000000	
857	-16187593.000000000	
858	-16218400.000000000	
859	-16211282.000000000	
860	-16207187.000000000	
861	-16232743.000000000	
862	-16276774.000000000	
863	-16299172.000000000	
864	-16322215.000000000	
865	-16346025.000000000	
866	-16362833.000000000	
867	-16386382.000000000	
868	-16381096.000000000	
869	-16375933.000000000	
870	-16403919.000000000	
871	-16391247.000000000	
872	-16367820.000000000	
873	-16365691.000000000	
874	-16349821.000000000	
875	-16346281.000000000	
876	-16378750.000000000	
877	-16422141.000000000	
878	-16449146.000000000	
879	-16456528.000000000	
880	-16445005.000000000	
881	-16448506.000000000	
882	-16453796.000000000	
883	-16439250.000000000	
884	-16464552.000000000	
885	-16476542.000000000	
886	-16449612.000000000	
887	-16428062.000000000	
888	-16442699.000000000	
889	-16471462.000000000	
890	-16473338.000000000	
891	-16447356.000000000	
892	-16449789.000000000	
893	-16440573.000000000	
894	-16397733.000000000	
895	-16408484.000000000	
896	-16426919.000000000	
897	-16399868.000000000	
898	-16376060.000000000	
899	-16390057.000000000	
900	-16432766.000000000	
901	-16440618.000000000	
902	-16391806.000000000	
903	-16356010.000000000	
904	-16358524.000000000	
905	-16352082.000000000	
906	-16311253.000000000	
907	-16281214.000000000	
908	-16252670.000000000	
909	-16257107.000000000	
910	-16251304.000000000	
911	-16216659.000000000	
912	-16187091.000000000	
913	-16159356.000000000	
914	-16094161.000000000	
915	-15994494.000000000	
916	-15879679.000000000	
917	-15788501.000000000	
918	-15703038.000000000	
919	-15548372.000000000	
920	-15379923.000000000	
921	-15249875.000000000	
922	-15019433.000000000	
923	-14691967.000000000	
924	-14409385.000000000	
925	-14158122.000000000	
926	-13874558.000000000	
927	-13557248.000000000	
928	-13227178.000000000	
929	-12940075.000000000	
930	-12723584.000000000	
931	-12502912.000000000	
932	-12275626.000000000	
933	-12109312.000000000	
934	-12017791.000000000	
935	-12035669.000000000	
936	-12147712.000000000	
937	-12289963.000000000	
938	-12509269.000000000	
939	-12785067.000000000	
940	-13053269.000000000	
941	-13322837.000000000	
942	-13599530.000000000	
943	-13909034.000000000	
944	-14242388.000000000	
945	-14537940.000000000	
946	-14749907.000000000	
947	-14858364.000000000	
948	-14962814.000000000	
949	-15067605.000000000	
950	-15087914.000000000	
951	-15025535.000000000	
952	-14906955.000000000	
953	-14816629.000000000	
954	-14726137.000000000	
955	-14605268.000000000	
956	-14494249.000000000	
957	-14296831.000000000	
958	-14022656.000000000	
959	-13723774.000000000	
960	-13426516.000000000	
961	-13089365.000000000	
962	-12708352.000000000	
963	-12299008.000000000	
964	-11764309.000000000	
965	-11137792.000000000	
966	-10566315.000000000	
967	-10062421.000000000	
968	-9624320.000000000	
969	-9272875.000000000	
970	-8951893.000000000	
971	-8658475.000000000	
972	-8535040.000000000	
973	-8627968.000000000	
974	-8815403.000000000	
975	-9139712.000000000	
976	-9643648.000000000	
977	-10189397.000000000	
978	-10731520.000000000	
979	-11310378.000000000	
980	-11883776.000000000	
981	-12357802.000000000	
982	-12751360.000000000	
983	-13186816.000000000	
984	-13626580.000000000	
985	-13956692.000000000	
986	-14098687.000000000	
987	-14145706.000000000	
988	-14207146.000000000	
989	-14248575.000000000	
990	-14226773.000000000	
991	-14177493.000000000	
992	-14117589.000000000	
993	-14017792.000000000	
994	-13876565.000000000	
995	-13753557.000000000	
996	-13573973.000000000	
997	-13345109.000000000	
998	-13093796.000000000	
999	-12838822.000000000	
1000	-12567849.000000000	
1001	-12238676.000000000	
1002	-11869268.000000000	
1003	-11508693.000000000	
1004	-11161003.000000000	
1005	-10911956.000000000	
1006	-10795388.000000000	
1007	-10744916.000000000	
1008	-10775078.000000000	
1009	-10883114.000000000	
1010	-11110784.000000000	
1011	-11439956.000000000	
1012	-11794346.000000000	
1013	-12199296.000000000	
1014	-12633941.000000000	
1015	-12994133.000000000	
1016	-13386581.000000000	
1017	-13814229.000000000	
1018	-14174763.000000000	
1019	-14447957.000000000	
1020	-14645034.000000000	
1021	-14831445.000000000	
1022	-14977615.000000000	
1023	-15049251.000000000	
1024	-15124130.000000000	
1025	-15205969.000000000	
1026	-15302996.000000000	
1027	-15408297.000000000	
1028	-15499858.000000000	
1029	-15602173.000000000	
1030	-15704061.000000000	
1031	-15762215.000000000	
1032	-15792082.000000000	
1033	-15865001.000000000	
1034	-15925375.000000000	
1035	-15948585.000000000	
1036	-15985578.000000000	
1037	-16017620.000000000	
1038	-16007764.000000000	
1039	-16012799.000000000	
1040	-16066644.000000000	
1041	-16073467.000000000	
1042	-16063781.000000000	
1043	-16087717.000000000	
1044	-16073725.000000000	
1045	-16062119.000000000	
1046	-16077566.000000000	
1047	-16091390.000000000	
1048	-16116564.000000000	
1049	-16132008.000000000	
1050	-16113960.000000000	
1051	-16090025.000000000	
1052	-16101375.000000000	
1053	-16105213.000000000	
1054	-16082258.000000000	
1055	-16050385.000000000	
1056	-16027600.000000000	
1057	-16036520.000000000	
1058	-16077050.000000000	
1059	-16070222.000000000	
1060	-16056056.000000000	
1061	-16036688.000000000	
1062	-16024955.000000000	
1063	-16027344.000000000	
1064	-15999781.000000000	
1065	-15948242.000000000	
1066	-15891370.000000000	
1067	-15856640.000000000	
1068	-15769002.000000000	
1069	-15663187.000000000	
1070	-15587112.000000000	
1071	-15451220.000000000	
1072	-15235710.000000000	
1073	-15018922.000000000	
1074	-14765649.000000000	
1075	-14369831.000000000	
1076	-13962537.000000000	
1077	-13602730.000000000	
1078	-13143543.000000000	
1079	-12595451.000000000	
1080	-12004517.000000000	
1081	-11425877.000000000	
1082	-11001045.000000000	
1083	-10667520.000000000	
1084	-10318251.000000000	
1085	-10093397.000000000	
1086	-10041643.000000000	
1087	-10149973.000000000	
1088	-10466816.000000000	
1089	-10843947.000000000	
1090	-11223424.000000000	
1091	-11659947.000000000	
1092	-12026795.000000000	
1093	-12357035.000000000	
1094	-12719019.000000000	
1095	-13008640.000000000	
1096	-13239509.000000000	
1097	-13431850.000000000	
1098	-13485778.000000000	
1099	-13442386.000000000	
1100	-13350570.000000000	
1101	-13239168.000000000	
1102	-13122295.000000000	
1103	-12926625.000000000	
1104	-12640469.000000000	
1105	-12234794.000000000	
1106	-11705599.000000000	
1107	-11069781.000000000	
1108	-10316672.000000000	
1109	-9428224.000000000	
1110	-8494123.000000000	
1111	-7676757.500000000	
1112	-6934442.500000000	
1113	-6282965.500000000	
1114	-5811712.000000000	
1115	-5513173.500000000	
1116	-5475328.000000000	
1117	-5654997.500000000	
1118	-6052053.500000000	
1119	-6720682.500000000	
1120	-7574313.500000000	
1121	-8419456.000000000	
1122	-9250088.000000000	
1123	-10061952.000000000	
1124	-10786688.000000000	
1125	-11400661.000000000	
1126	-11876992.000000000	
1127	-12225706.000000000	
1128	-12487979.000000000	
1129	-12654805.000000000	
1130	-12738901.000000000	
1131	-12788437.000000000	
1132	-12789460.000000000	
1133	-12741418.000000000	
1134	-12656682.000000000	
1135	-12439979.000000000	
1136	-12131584.000000000	
1137	-11823659.000000000	
1138	-11438933.000000000	
1139	-10937728.000000000	
1140	-10460842.000000000	
1141	-10051029.000000000	
1142	-9647531.000000000	
1143	-9268821.000000000	
1144	-9017173.000000000	
1145	-9003648.000000000	
1146	-9177728.000000000	
1147	-9465003.000000000	
1148	-9910315.000000000	
1149	-10379520.000000000	
1150	-10801536.000000000	
1151	-11282688.000000000	
1152	-11816491.000000000	
1153	-12321579.000000000	
1154	-12706858.000000000	
1155	-13001301.000000000	
1156	-13316181.000000000	
1157	-13596927.000000000	
1158	-13804330.000000000	
1159	-13965226.000000000	
1160	-14172416.000000000	
1161	-14417620.000000000	
1162	-14548949.000000000	
1163	-14640511.000000000	
1164	-14761856.000000000	
1165	-14889215.000000000	
1166	-15010258.000000000	
1167	-15091368.000000000	
1168	-15162065.000000000	
1169	-15252520.000000000	
1170	-15326249.000000000	
1171	-15380735.000000000	
1172	-15442729.000000000	
1173	-15543295.000000000	
1174	-15616041.000000000	
1175	-15611220.000000000	
1176	-15604991.000000000	
1177	-15619241.000000000	
1178	-15636521.000000000	
1179	-15663652.000000000	
1180	-15669838.000000000	
1181	-15656359.000000000	
1182	-15675645.000000000	
1183	-15697407.000000000	
1184	-15701203.000000000	
1185	-15734141.000000000	
1186	-15719251.000000000	
1187	-15677137.000000000	
1188	-15693267.000000000	
1189	-15719589.000000000	
1190	-15692581.000000000	
1191	-15622356.000000000	
1192	-15593726.000000000	
1193	-15588351.000000000	
1194	-15546794.000000000	
1195	-15453309.000000000	
1196	-15360766.000000000	
1197	-15276501.000000000	
1198	-15110783.000000000	
1199	-14852308.000000000	
1200	-14555776.000000000	
1201	-14199594.000000000	
1202	-13775275.000000000	
1203	-13202688.000000000	
1204	-12503467.000000000	
1205	-11807360.000000000	
1206	-11137280.000000000	
1207	-10518869.000000000	
1208	-9990912.000000000	
1209	-9606059.000000000	
1210	-9378432.000000000	
1211	-9252352.000000000	
1212	-9272619.000000000	
1213	-9468117.000000000	
1214	-9823104.000000000	
1215	-10258645.000000000	
1216	-10647509.000000000	
1217	-11019947.000000000	
1218	-11400192.000000000	
1219	-11672363.000000000	
1220	-11818365.000000000	
1221	-11936039.000000000	
1222	-12007637.000000000	
1223	-11940693.000000000	
1224	-11804331.000000000	
1225	-11605973.000000000	
1226	-11256661.000000000	
1227	-10768939.000000000	
1228	-10163242.000000000	
1229	-9359488.000000000	
1230	-8390016.000000000	
1231	-7311957.500000000	
1232	-6217984.000000000	
1233	-5253589.500000000	
1234	-4550869.500000000	
1235	-4163285.250000000	
1236	-3988394.750000000	
1237	-4016426.750000000	
1238	-4351018.500000000	
1239	-4895829.500000000	
1240	-5575893.500000000	
1241	-6496810.500000000	
1242	-7582208.000000000	
1243	-8529621.000000000	
1244	-9251669.000000000	
1245	-9823360.000000000	
1246	-10270891.000000000	
1247	-10587349.000000000	
1248	-10835157.000000000	
1249	-11001643.000000000	
1250	-11087872.000000000	
1251	-11210325.000000000	
1252	-11302315.000000000	
1253	-11195477.000000000	
1254	-10915883.000000000	
1255	-10576939.000000000	
1256	-10157480.000000000	
1257	-9590440.000000000	
1258	-9033813.000000000	
1259	-8657920.000000000	
1260	-8381520.500000000	
1261	-8161065.000000000	
1262	-8109775.500000000	
1263	-8233770.500000000	
1264	-8463189.000000000	
1265	-8829525.000000000	
1266	-9320491.000000000	
1267	-9844907.000000000	
1268	-10327296.000000000	
1269	-10775765.000000000	
1270	-11174997.000000000	
1271	-11492565.000000000	
1272	-11791659.000000000	
1273	-12096768.000000000	
1274	-12428923.000000000	
1275	-12686543.000000000	
1276	-12892757.000000000	
1277	-13158144.000000000	
1278	-13402283.000000000	
1279	-13604480.000000000	
1280	-13810599.000000000	
1281	-14012326.000000000	
1282	-14179028.000000000	
1283	-14305066.000000000	
1284	-14413780.000000000	
1285	-14528895.000000000	
1286	-14645376.000000000	
1287	-14760832.000000000	
1288	-14878805.000000000	
1289	-14965033.000000000	
1290	-15013674.000000000	
1291	-15040511.000000000	
1292	-15081597.000000000	
1293	-15153832.000000000	
1294	-15211092.000000000	
1295	-15225002.000000000	
1296	-15245312.000000000	
1297	-15274325.000000000	
1298	-15255636.000000000	
1299	-15211604.000000000	
1300	-15217790.000000000	
1301	-15235025.000000000	
1302	-15214036.000000000	
1303	-15170175.000000000	
1304	-15101310.000000000	
1305	-15039134.000000000	
1306	-15023006.000000000	
1307	-14995496.000000000	
1308	-14890197.000000000	
1309	-14648448.000000000	
1310	-14296916.000000000	
1311	-13914197.000000000	
1312	-13466325.000000000	
1313	-12885162.000000000	
1314	-12189482.000000000	
1315	-11419904.000000000	
1316	-10642216.000000000	
1317	-9980158.000000000	
1318	-9432832.000000000	
1319	-9016960.000000000	
1320	-8858411.000000000	
1321	-8832555.000000000	
1322	-8867072.000000000	
1323	-9027925.000000000	
1324	-9293355.000000000	
1325	-9503232.000000000	
1326	-9704789.000000000	
1327	-9917867.000000000	
1328	-10094464.000000000	
1329	-10217387.000000000	
1330	-10212821.000000000	
1331	-10106666.000000000	
1332	-9960917.000000000	
1333	-9704235.000000000	
1334	-9265451.000000000	
1335	-8623232.000000000	
1336	-7810389.500000000	
1337	-6794154.500000000	
1338	-5664426.500000000	
1339	-4692778.500000000	
1340	-3967616.000000000	
1341	-3534677.250000000	
1342	-3400789.250000000	
1343	-3468160.000000000	
1344	-3736320.000000000	
1345	-4161621.250000000	
1346	-4667477.500000000	
1347	-5323264.000000000	
1348	-6073045.500000000	
1349	-6757034.500000000	
1350	-7330560.000000000	
1351	-7851562.500000000	
1352	-8310570.500000000	
1353	-8710315.000000000	
1354	-9104384.000000000	
1355	-9455829.000000000	
1356	-9660288.000000000	
1357	-9749419.000000000	
1358	-9728853.000000000	
1359	-9604864.000000000	
1360	-9365503.000000000	
1361	-8999551.000000000	
1362	-8508032.000000000	
1363	-8051797.500000000	
1364	-7780778.500000000	
1365	-7594197.500000000	
1366	-7502762.500000000	
1367	-7574016.000000000	
1368	-7835605.500000000	
1369	-8156970.500000000	
1370	-8496043.000000000	
1371	-8816981.000000000	
1372	-9157205.000000000	
1373	-9492265.000000000	
1374	-9819690.000000000	
1375	-10212947.000000000	
1376	-10622933.000000000	
1377	-10970027.000000000	
1378	-11333246.000000000	
1379	-11735549.000000000	
1380	-12108288.000000000	
1381	-12425131.000000000	
1382	-12717226.000000000	
1383	-12949502.000000000	
1384	-13115818.000000000	
1385	-13333673.000000000	
1386	-13532799.000000000	
1387	-13667626.000000000	
1388	-13817941.000000000	
1389	-14000000.000000000	
1390	-14139947.000000000	
1391	-14240043.000000000	
1392	-14372437.000000000	
1393	-14467243.000000000	
1394	-14531712.000000000	
1395	-14591829.000000000	
1396	-14609877.000000000	
1397	-14633173.000000000	
1398	-14685908.000000000	
1399	-14708820.000000000	
1400	-14731306.000000000	
1401	-14763305.000000000	
1402	-14794580.000000000	
1403	-14764543.000000000	
1404	-14667519.000000000	
1405	-14554197.000000000	
1406	-14438399.000000000	
1407	-14303828.000000000	
1408	-14143615.000000000	
1409	-13921834.000000000	
1410	-13568213.000000000	
1411	-13087829.000000000	
1412	-12486485.000000000	
1413	-11790763.000000000	
1414	-11119829.000000000	
1415	-10482091.000000000	
1416	-9853909.000000000	
1417	-9288704.000000000	
1418	-8924117.000000000	
1419	-8717568.000000000	
1420	-8543744.000000000	
1421	-8456192.000000000	
1422	-8451755.000000000	
1423	-8433152.000000000	
1424	-8441344.000000000	
1425	-8463360.000000000	
1426	-8481408.000000000	
1427	-8438272.000000000	
1428	-8294741.500000000	
1429	-8087552.000000000	
1430	-7800149.500000000	
1431	-7343957.500000000	
1432	-6685738.500000000	
1433	-5916074.500000000	
1434	-5118720.000000000	
1435	-4398037.500000000	
1436	-3852416.000000000	
1437	-3533184.000000000	
1438	-3420245.250000000	
1439	-3433002.750000000	
1440	-3619712.000000000	
1441	-3907669.250000000	
1442	-4183893.250000000	
1443	-4450816.000000000	
1444	-4852010.500000000	
1445	-5336405.500000000	
1446	-5781504.000000000	
1447	-6198144.000000000	
1448	-6669269.500000000	
1449	-7132800.000000000	
1450	-7546368.000000000	
1451	-7924522.500000000	
1452	-8204117.500000000	
1453	-8290261.500000000	
1454	-8186282.500000000	
1455	-8033920.000000000	
1456	-7856981.500000000	
1457	-7610026.500000000	
1458	-7351808.000000000	
1459	-7222485.500000000	
1460	-7189632.000000000	
1461	-7167445.500000000	
1462	-7205674.500000000	
1463	-7378474.500000000	
1464	-7579562.500000000	
1465	-7765162.500000000	
1466	-8005973.000000000	
1467	-8363861.500000000	
1468	-8756949.000000000	
1469	-9106688.000000000	
1470	-9467733.000000000	
1471	-9841407.000000000	
1472	-10251008.000000000	
1473	-10689792.000000000	
1474	-11022123.000000000	
1475	-11338581.000000000	
1476	-11782443.000000000	
1477	-12109227.000000000	
1478	-12295851.000000000	
1479	-12561067.000000000	
1480	-12842282.000000000	
1481	-13062826.000000000	
1482	-13221077.000000000	
1483	-13371051.000000000	
1484	-13549781.000000000	
1485	-13698431.000000000	
1486	-13836201.000000000	
1487	-13956905.000000000	
1488	-14029653.000000000	
1489	-14113024.000000000	
1490	-14164778.000000000	
1491	-14138367.000000000	
1492	-14093781.000000000	
1493	-14101930.000000000	
1494	-14104789.000000000	
1495	-14032256.000000000	
1496	-13935573.000000000	
1497	-13862356.000000000	
1498	-13751680.000000000	
1499	-13573461.000000000	
1500	-13320832.000000000	
1501	-12991531.000000000	
1502	-12557695.000000000	
1503	-12041088.000000000	
1504	-11520811.000000000	
1505	-10984832.000000000	
1506	-10386517.000000000	
1507	-9800192.000000000	
1508	-9313920.000000000	
1509	-8927488.000000000	
1510	-8600064.000000000	
1511	-8346794.500000000	
1512	-8069461.500000000	
1513	-7705173.500000000	
1514	-7431978.500000000	
1515	-7280810.500000000	
1516	-7132330.500000000	
1517	-6914730.500000000	
1518	-6643925.500000000	
1519	-6303914.500000000	
1520	-5985024.000000000	
1521	-5636480.000000000	
1522	-5142997.500000000	
1523	-4667648.000000000	
1524	-4333141.500000000	
1525	-4080170.750000000	
1526	-3916160.000000000	
1527	-3857834.750000000	
1528	-3865429.250000000	
1529	-3887189.250000000	
1530	-3916288.000000000	
1531	-4032085.250000000	
1532	-4258986.500000000	
1533	-4510720.000000000	
1534	-4780544.000000000	
1535	-5128277.500000000	
1536	-5512960.000000000	
1537	-5905962.500000000	
1538	-6280106.500000000	
1539	-6608765.000000000	
1540	-6879998.500000000	
1541	-7097429.500000000	
1542	-7237205.500000000	
1543	-7271381.500000000	
1544	-7235840.000000000	
1545	-7136341.500000000	
1546	-7057194.500000000	
1547	-6948949.500000000	
1548	-6861909.500000000	
1549	-6883157.500000000	
1550	-6956330.500000000	
1551	-7084928.000000000	
1552	-7278634.500000000	
1553	-7490517.500000000	
1554	-7769728.000000000	
1555	-8112213.500000000	
1556	-8494891.000000000	
1557	-8889899.000000000	
1558	-9310890.000000000	
1559	-9683584.000000000	
1560	-10046421.000000000	
1561	-10453674.000000000	
1562	-10857043.000000000	
1563	-11229054.000000000	
1564	-11564757.000000000	
1565	-11843498.000000000	
1566	-12114048.000000000	
1567	-12353450.000000000	
1568	-12566400.000000000	
1569	-12798122.000000000	
1570	-12998099.000000000	
1571	-13154814.000000000	
1572	-13322410.000000000	
1573	-13450496.000000000	
1574	-13461248.000000000	
1575	-13497514.000000000	
1576	-13574741.000000000	
1577	-13623253.000000000	
1578	-13604309.000000000	
1579	-13539755.000000000	
1580	-13496619.000000000	
1581	-13432019.000000000	
1582	-13285332.000000000	
1583	-13150165.000000000	
1584	-13003989.000000000	
1585	-12764629.000000000	
1586	-12457130.000000000	
1587	-12076373.000000000	
1588	-11593941.000000000	
1589	-11027072.000000000	
1590	-10414549.000000000	
1591	-9775019.000000000	
1592	-9168512.000000000	
1593	-8640256.000000000	
1594	-8129066.500000000	
1595	-7588565.500000000	
1596	-7064021.500000000	
1597	-6631338.500000000	
1598	-6260138.000000000	
1599	-5902674.000000000	
1600	-5574440.000000000	
1601	-5255424.000000000	
1602	-5019434.500000000	
1603	-4925909.500000000	
1604	-4818645.500000000	
1605	-4674432.000000000	
1606	-4481280.000000000	
1607	-4292693.500000000	
1608	-4153984.000000000	
1609	-3972864.000000000	
1610	-3768832.000000000	
1611	-3632341.250000000	
1612	-3591637.250000000	
1613	-3625600.000000000	
1614	-3693951.750000000	
1615	-3812820.750000000	
1616	-4027050.750000000	
1617	-4313813.500000000	
1618	-4602581.500000000	
1619	-4873429.500000000	
1620	-5211733.500000000	
1621	-5575296.000000000	
1622	-5883391.500000000	
1623	-6117888.000000000	
1624	-6295680.000000000	
1625	-6413098.500000000	
1626	-6495914.500000000	
1627	-6512426.500000000	
1628	-6511658.500000000	
1629	-6513920.000000000	
1630	-6446506.500000000	
1631	-6404309.500000000	
1632	-6471082.500000000	
1633	-6603818.500000000	
1634	-6786517.500000000	
1635	-7074474.500000000	
1636	-7409194.500000000	
1637	-7721429.500000000	
1638	-8073429.500000000	
1639	-8538923.000000000	
1640	-8931499.000000000	
1641	-9216768.000000000	
1642	-9631104.000000000	
1643	-10117247.000000000	
1644	-10526634.000000000	
1645	-10864811.000000000	
1646	-11186773.000000000	
1647	-11469780.000000000	
1648	-11748309.000000000	
1649	-12068779.000000000	
1650	-12318464.000000000	
1651	-12476672.000000000	
1652	-12612437.000000000	
1653	-12736341.000000000	
1654	-12834133.000000000	
1655	-12910592.000000000	
1656	-12926634.000000000	
1657	-12919722.000000000	
1658	-12888405.000000000	
1659	-12862844.000000000	
1660	-12871250.000000000	
1661	-12801920.000000000	
1662	-12653056.000000000	
1663	-12524834.000000000	
1664	-12364319.000000000	
1665	-12114556.000000000	
1666	-11721344.000000000	
1667	-11211904.000000000	
1668	-10611797.000000000	
1669	-9949269.000000000	
1670	-9243563.000000000	
1671	-8507008.000000000	
1672	-7835520.000000000	
1673	-7192021.500000000	
1674	-6543146.500000000	
1675	-5961600.000000000	
1676	-5517696.000000000	
1677	-5114240.000000000	
1678	-4859264.000000000	
1679	-4778666.500000000	
1680	-4740778.500000000	
1681	-4674218.500000000	
1682	-4575914.500000000	
1683	-4493525.500000000	
1684	-4429781.500000000	
1685	-4257322.500000000	
1686	-3987498.750000000	
1687	-3745024.000000000	
1688	-3548416.000000000	
1689	-3417472.000000000	
1690	-3415040.000000000	
1691	-3481600.000000000	
1692	-3618645.250000000	
1693	-3776512.000000000	
1694	-3990442.750000000	
1695	-4218026.500000000	
1696	-4409898.500000000	
1697	-4651818.500000000	
1698	-4992938.500000000	
1699	-5255893.500000000	
1700	-5413930.500000000	
1701	-5586944.000000000	
1702	-5719381.500000000	
1703	-5754197.500000000	
1704	-5802367.000000000	
1705	-5852798.000000000	
1706	-5854378.500000000	
1707	-5873578.500000000	
1708	-5946666.500000000	
1709	-6006314.500000000	
1710	-6079616.000000000	
1711	-6291200.000000000	
1712	-6614613.500000000	
1713	-6966949.000000000	
1714	-7314341.500000000	
1715	-7657940.000000000	
1716	-8074453.000000000	
1717	-8571477.000000000	
1718	-9030229.000000000	
1719	-9375956.000000000	
1720	-9747755.000000000	
1721	-10205824.000000000	
1722	-10644821.000000000	
1723	-11012352.000000000	
1724	-11281621.000000000	
1725	-11518336.000000000	
1726	-11786453.000000000	
1727	-12024235.000000000	
1728	-12127232.000000000	
1729	-12168787.000000000	
1730	-12307752.000000000	
1731	-12453758.000000000	
1732	-12491008.000000000	
1733	-12427520.000000000	
1734	-12347605.000000000	
1735	-12332416.000000000	
1736	-12281173.000000000	
1737	-12170240.000000000	
1738	-12022613.000000000	
1739	-11766869.000000000	
1740	-11383296.000000000	
1741	-10913237.000000000	
1742	-10360746.000000000	
1743	-9689813.000000000	
1744	-8952192.000000000	
1745	-8190122.500000000	
1746	-7412650.500000000	
1747	-6702549.500000000	
1748	-6106580.000000000	
1749	-5603924.500000000	
1750	-5207936.000000000	
1751	-4960981.500000000	
1752	-4871936.000000000	
1753	-4877610.500000000	
1754	-4903509.500000000	
1755	-4902400.000000000	
1756	-4786218.500000000	
1757	-4590464.000000000	
1758	-4381397.000000000	
1759	-4121984.000000000	
1760	-3869781.250000000	
1761	-3686015.750000000	
1762	-3558869.250000000	
1763	-3560490.750000000	
1764	-3645098.750000000	
1765	-3708544.000000000	
1766	-3837866.750000000	
1767	-4047146.750000000	
1768	-4206634.500000000	
1769	-4343296.000000000	
1770	-4510506.500000000	
1771	-4680277.000000000	
1772	-4841642.500000000	
1773	-5048917.000000000	
1774	-5209813.000000000	
1775	-5292672.000000000	
1776	-5361877.500000000	
1777	-5471658.500000000	
1778	-5570688.000000000	
1779	-5628416.000000000	
1780	-5698857.500000000	
1781	-5802793.000000000	
1782	-5926271.500000000	
1783	-6112512.000000000	
1784	-6368469.500000000	
1785	-6656340.500000000	
1786	-6930217.500000000	
1787	-7304362.500000000	
1788	-7712810.500000000	
1789	-8083712.000000000	
1790	-8502527.000000000	
1791	-8959658.000000000	
1792	-9387347.000000000	
1793	-9781758.000000000	
1794	-10123008.000000000	
1795	-10396074.000000000	
1796	-10685440.000000000	
1797	-11018283.000000000	
1798	-11296555.000000000	
1799	-11470549.000000000	
1800	-11583231.000000000	
1801	-11692629.000000000	
1802	-11784661.000000000	
1803	-11775275.000000000	
1804	-11741653.000000000	
1805	-11749760.000000000	
1806	-11727957.000000000	
1807	-11623595.000000000	
1808	-11452031.000000000	
1809	-11230719.000000000	
1810	-10870528.000000000	
1811	-10383403.000000000	
1812	-9904768.000000000	
1813	-9340544.000000000	
1814	-8629120.000000000	
1815	-7907797.500000000	
1816	-7208618.500000000	
1817	-6524672.000000000	
1818	-5941973.500000000	
1819	-5498282.500000000	
1820	-5229397.000000000	
1821	-5065600.000000000	
1822	-4953557.500000000	
1823	-4857813.000000000	
1824	-4753621.500000000	
1825	-4616192.000000000	
1826	-4457557.500000000	
1827	-4238037.500000000	
1828	-4046933.250000000	
1829	-3896746.750000000	
1830	-3730688.000000000	
1831	-3648682.750000000	
1832	-3670784.000000000	
1833	-3744981.250000000	
1834	-3808384.000000000	
1835	-3853056.000000000	
1836	-3951872.000000000	
1837	-4108330.750000000	
1838	-4246826.500000000	
1839	-4390910.500000000	
1840	-4558420.000000000	
1841	-4760319.500000000	
1842	-4920960.000000000	
1843	-4992895.000000000	
1844	-5058303.000000000	
1845	-5162238.500000000	
1846	-5221887.500000000	
1847	-5225813.000000000	
1848	-5276458.500000000	
1849	-5405269.000000000	
1850	-5556949.500000000	
1851	-5700736.000000000	
1852	-5887658.500000000	
1853	-6130944.000000000	
1854	-6396928.000000000	
1855	-6649557.000000000	
1856	-6931712.000000000	
1857	-7311530.000000000	
1858	-7740544.000000000	
1859	-8177237.000000000	
1860	-8528469.000000000	
1861	-8841685.000000000	
1862	-9223680.000000000	
1863	-9556991.000000000	
1864	-9815509.000000000	
1865	-10037973.000000000	
1866	-10262014.000000000	
1867	-10511699.000000000	
1868	-10671572.000000000	
1869	-10711381.000000000	
1870	-10773632.000000000	
1871	-10803114.000000000	
1872	-10723242.000000000	
1873	-10638205.000000000	
1874	-10596307.000000000	
1875	-10447231.000000000	
1876	-10169045.000000000	
1877	-9825664.000000000	
1878	-9409280.000000000	
1879	-8879829.000000000	
1880	-8246144.000000000	
1881	-7617066.500000000	
1882	-6990762.500000000	
1883	-6388181.000000000	
1884	-5866666.500000000	
1885	-5406976.000000000	
1886	-5043242.500000000	
1887	-4801237.500000000	
1888	-4649685.500000000	
1889	-4491392.000000000	
1890	-4322730.500000000	
1891	-4212821.500000000	
1892	-4110208.000000000	
1893	-3961088.000000000	
1894	-3852202.750000000	
1895	-3777365.250000000	
1896	-3718740.750000000	
1897	-3686996.750000000	
1898	-3733973.250000000	
1899	-3818153.250000000	
1900	-3875924.250000000	
1901	-3941674.000000000	
1902	-3993941.250000000	
1903	-4021162.750000000	
1904	-4041855.750000000	
1905	-4104021.250000000	
1906	-4217472.000000000	
1907	-4311295.500000000	
1908	-4337024.000000000	
1909	-4371968.000000000	
1910	-4422784.000000000	
1911	-4393685.500000000	
1912	-4426410.500000000	
1913	-4547029.000000000	
1914	-4615466.500000000	
1915	-4644096.000000000	
1916	-4731221.500000000	
1917	-4828544.000000000	
1918	-4937258.500000000	
1919	-5067221.500000000	
1920	-5212928.000000000	
1921	-5400874.500000000	
1922	-5574698.500000000	
1923	-5754879.500000000	
1924	-5970943.500000000	
1925	-6251904.000000000	
1926	-6501333.500000000	
1927	-6735829.500000000	
1928	-6988885.500000000	
1929	-7226453.500000000	
1930	-7414698.500000000	
1931	-7621418.500000000	
1932	-7835946.500000000	
1933	-7889621.000000000	
1934	-7888767.500000000	
1935	-7894314.500000000	
1936	-7777792.000000000	
1937	-7564117.500000000	
1938	-7357440.000000000	
1939	-7116629.000000000	
1940	-6800085.500000000	
1941	-6456533.500000000	
1942	-6060672.000000000	
1943	-5537578.500000000	
1944	-4955818.500000000	
1945	-4403968.000000000	
1946	-3983658.500000000	
1947	-3688149.250000000	
1948	-3486378.250000000	
1949	-3317120.000000000	
1950	-3213568.000000000	
1951	-3134890.750000000	
1952	-3080448.000000000	
1953	-3008085.250000000	
1954	-2927402.750000000	
1955	-2871850.750000000	
1956	-2836266.750000000	
1957	-2778368.000000000	
1958	-2727552.000000000	
1959	-2706730.750000000	
1960	-2698453.250000000	
1961	-2711168.000000000	
1962	-2739754.750000000	
1963	-2741674.750000000	
1964	-2741205.250000000	
1965	-2749226.750000000	
1966	-2741333.250000000	
1967	-2706090.250000000	
1968	-2703828.750000000	
1969	-2704810.750000000	
1970	-2657536.000000000	
1971	-2605653.250000000	
1972	-2576256.000000000	
1973	-2586026.750000000	
1974	-2620544.000000000	
1975	-2623232.000000000	
1976	-2568789.250000000	
1977	-2517546.750000000	
1978	-2514261.250000000	
1979	-2539818.750000000	
1980	-2541738.750000000	
1981	-2520362.750000000	
1982	-2494165.250000000	
1983	-2492288.000000000	
1984	-2508672.000000000	
1985	-2494165.250000000	
1986	-2464554.750000000	
1987	-2429397.250000000	
1988	-2410410.750000000	
1989	-2367701.250000000	
1990	-2304213.250000000	
1991	-2217813.250000000	
1992	-2135338.750000000	
1993	-2051157.375000000	
1994	-1957930.625000000	
1995	-1875626.625000000	
1996	-1807018.625000000	
1997	-1717930.625000000	
1998	-1632682.625000000	
1999	-1557461.375000000	
2000	-1458090.625000000	
2001	-1339605.375000000	
2002	-1302698.625000000	
2003	-1258154.625000000	
2004	-1151744.000000000	
2005	-1072042.625000000	
2006	-1020544.000000000	
2007	-999808.000000000	
2008	-982442.687500000	
2009	-941824.000000000	
2010	-910506.687500000	
2011	-882432.000000000	
2012	-825088.000000000	
2013	-779605.312500000	
2014	-759168.000000000	
2015	-718634.687500000	
2016	-666624.000000000	
2017	-661290.687500000	
2018	-660906.687500000	
2019	-638421.312500000	
2020	-616576.000000000	
2021	-599082.625000000	
2022	-580138.687500000	
2023	-560467.812500000	
2024	-527785.000000000	
2025	-502442.656250000	
2026	-501376.000000000	
2027	-496000.000000000	
2028	-476928.000000000	
2029	-450725.656250000	
2030	-453329.312500000	
2031	-448469.343750000	
2032	-437205.312500000	
2033	-446805.343750000	
2034	-454272.000000000	
2035	-441344.000000000	
2036	-434602.656250000	
2037	-441898.656250000	
2038	-405930.656250000	
2039	-370858.656250000	
2040	-379861.343750000	
2041	-396117.343750000	
2042	-395733.312500000	
2043	-387242.656250000	
2044	-368597.343750000	
2045	-355584.000000000	
2046	-346453.343750000	
2047	-377984.000000000	
2048	-365410.250000000	
2049	-326264.625000000	
2050	-290181.718750000	
2051	-302603.093750000	
2052	-318910.187500000	
2053	-303899.906250000	
2054	-272697.500000000	
2055	-262927.281250000	
2056	-245345.484375000	
2057	-238344.546875000	
2058	-232797.546875000	
2059	-214101.828125000	
2060	-191936.296875000	
2061	-193470.406250000	
2062	-183181.750000000	
2063	-181556.031250000	
2064	-170874.421875000	
2065	-171250.734375000	
2066	-156408.984375000	
2067	-162875.515625000	
2068	-166156.437500000	
2069	-157593.078125000	
2070	-137720.562500000	
2071	-151874.906250000	
2072	-151705.375000000	
2073	-149529.609375000	
2074	-133768.343750000	
2075	-143483.046875000	
2076	-137363.796875000	
2077	-140282.921875000	
2078	-121188.437500000	
2079	-127739.625000000	
2080	-126616.265625000	
2081	-116689.414062500	
2082	-130978.679687500	
2083	-126721.625000000	
2084	-127272.101562500	
2085	-113523.578125000	
2086	-125649.929687500	
2087	-125823.421875000	
2088	-125997.906250000	
2089	-114045.937500000	
2090	-126305.726562500	
2091	-127773.671875000	
2092	-126661.375000000	
2093	-114579.804687500	
2094	-126976.000000000	
2095	-127157.218750000	
2096	-127339.539062500	
2097	-115125.539062500	
2098	-127661.179687500	
2099	-127846.500000000	
2100	-128032.914062500	
2101	-115683.539062500	
2102	-128361.835937500	
2103	-128551.375000000	
2104	-128742.039062500	
2105	-116254.289062500	
2106	-129078.500000000	
2107	-129271.976562500	
2108	-129467.421875000	
2109	-116837.164062500	
2110	-129811.671875000	
2111	-130010.062500000	
2112	-117274.921875000	
2113	-130360.148437500	
2114	-130561.867187500	
2115	-130764.953125000	
2116	-117882.664062500	
2117	-131123.421875000	
2118	-131330.000000000	
2119	-131535.031250000	
2120	-118502.015625000	
2121	-131904.859375000	
2122	-132116.375000000	
2123	-132329.281250000	
2124	-119141.992187500	
2125	-132705.078125000	
2126	-132921.765625000	
2127	-133139.843750000	
2128	-119794.664062500	
2129	-133524.890625000	
2130	-133746.843750000	
2131	-133970.312500000	
2132	-120463.382812500	
2133	-134364.921875000	
2134	-134592.343750000	
2135	-134821.265625000	
2136	-121148.679687500	
2137	-135225.875000000	
2138	-135459.093750000	
2139	-135693.953125000	
2140	-121851.453125000	
2141	-136108.734375000	
2142	-136347.937500000	
2143	-122378.210937500	
2144	-136770.484375000	
2145	-137014.218750000	
2146	-137259.640625000	
2147	-123112.554687500	
2148	-137693.234375000	
2149	-137943.343750000	
2150	-138195.156250000	
2151	-123866.070312500	
2152	-138640.062500000	
2153	-138896.843750000	
2154	-139155.390625000	
2155	-124639.718750000	
2156	-139612.218750000	
2157	-139875.906250000	
2158	-140141.437500000	
2159	-125434.195312500	
2160	-140610.656250000	
2161	-140881.500000000	
2162	-141154.296875000	
2163	-126250.367187500	
2164	-141636.343750000	
2165	-141914.562500000	
2166	-142194.859375000	
2167	-127088.953125000	
2168	-142690.390625000	
2169	-142976.375000000	
2170	-143264.484375000	
2171	-127951.000000000	
2172	-143773.953125000	
2173	-144068.109375000	
2174	-128598.726562500	
2175	-144588.187500000	
2176	-144888.437500000	
2177	-145191.031250000	
2178	-129503.843750000	
2179	-145726.015625000	
2180	-146034.921875000	
2181	-146346.296875000	
2182	-130435.101562500	
2183	-146896.984375000	
2184	-147215.078125000	
2185	-147535.562500000	
2186	-131393.953125000	
2187	-148102.671875000	
2188	-148430.312500000	
2189	-148760.218750000	
2190	-132381.078125000	
2191	-149344.484375000	
2192	-149679.328125000	
2193	-150013.625000000	
2194	-133391.140625000	
2195	-150611.968750000	
2196	-150958.359375000	
2197	-151308.500000000	
2198	-134441.000000000	
2199	-151934.671875000	
2200	-152285.406250000	
2201	-152646.312500000	
2202	-135516.343750000	
2203	-153281.656250000	
2204	-153650.953125000	
2205	-154030.750000000	
2206	-136629.937500000	
2207	-154693.453125000	
2208	-155080.296875000	
2209	-137474.531250000	
2210	-155745.640625000	
2211	-156142.531250000	
2212	-156536.218750000	
2213	-138653.421875000	
2214	-157241.546875000	
2215	-157640.687500000	
2216	-158053.296875000	
2217	-139869.187500000	
2218	-158772.031250000	
2219	-159190.531250000	
2220	-159613.515625000	
2221	-141133.750000000	
2222	-160352.421875000	
2223	-160780.500000000	
2224	-161215.531250000	
2225	-142421.093750000	
2226	-161963.484375000	
2227	-162395.515625000	
2228	-162827.218750000	
2229	-143682.859375000	
2230	-163555.000000000	
2231	-163939.281250000	
2232	-164307.390625000	
2233	-144794.093750000	
2234	-164985.984375000	
2235	-165358.781250000	
2236	-165735.953125000	
2237	-145848.859375000	
2238	-166434.937500000	
2239	-166869.265625000	
2240	-146734.484375000	
2241	-167593.953125000	
2242	-168024.015625000	
2243	-168443.515625000	
2244	-147931.687500000	
2245	-169249.500000000	
2246	-169754.500000000	
2247	-170268.328125000	
2248	-149442.906250000	
2249	-171193.625000000	
2250	-171766.421875000	
2251	-172336.968750000	
2252	-151202.546875000	
2253	-173373.484375000	
2254	-173941.890625000	
2255	-174504.796875000	
2256	-152887.031250000	
2257	-175499.937500000	
2258	-176071.609375000	
2259	-176652.734375000	
2260	-154596.203125000	
2261	-177712.218750000	
2262	-178331.843750000	
2263	-178971.156250000	
2264	-156477.109375000	
2265	-180038.406250000	
2266	-180654.109375000	
2267	-181315.078125000	
2268	-158360.578125000	
2269	-182424.750000000	
2270	-182988.765625000	
2271	-159600.968750000	
2272	-184015.562500000	
2273	-184684.578125000	
2274	-185371.859375000	
2275	-161508.140625000	
2276	-186510.140625000	
2277	-187183.890625000	
2278	-187844.062500000	
2279	-163434.921875000	
2280	-188952.484375000	
2281	-189661.250000000	
2282	-190384.093750000	
2283	-165473.031250000	
2284	-191620.562500000	
2285	-192386.765625000	
2286	-193169.015625000	
2287	-167713.781250000	
2288	-194504.062500000	
2289	-195305.843750000	
2290	-196127.109375000	
2291	-170040.218750000	
2292	-197518.171875000	
2293	-198372.578125000	
2294	-199277.328125000	
2295	-172619.296875000	
2296	-200854.218750000	
2297	-201756.890625000	
2298	-202711.640625000	
2299	-175440.796875000	
2300	-204413.765625000	
2301	-205398.828125000	
2302	-177612.250000000	
2303	-207132.593750000	
2304	-208155.531250000	
2305	-209179.171875000	
2306	-180681.328125000	
2307	-211003.671875000	
2308	-212068.109375000	
2309	-213203.718750000	
2310	-183953.593750000	
2311	-215048.750000000	
2312	-216178.781250000	
2313	-217320.859375000	
2314	-187301.812500000	
2315	-219420.812500000	
2316	-220618.828125000	
2317	-221817.921875000	
2318	-190929.859375000	
2319	-223950.468750000	
2320	-225235.171875000	
2321	-226558.093750000	
2322	-194745.609375000	
2323	-228758.500000000	
2324	-230104.109375000	
2325	-231488.312500000	
2326	-198798.562500000	
2327	-233823.406250000	
2328	-235230.187500000	
2329	-236655.343750000	
2330	-202988.515625000	
2331	-239181.546875000	
2332	-240683.812500000	
2333	-242232.734375000	
2334	-207515.812500000	
2335	-244940.296875000	
2336	-246483.625000000	
2337	-210949.015625000	
2338	-249359.640625000	
2339	-251042.843750000	
2340	-252713.375000000	
2341	-216031.515625000	
2342	-255846.265625000	
2343	-257705.640625000	
2344	-259539.437500000	
2345	-221613.265625000	
2346	-262814.093750000	
2347	-264687.812500000	
2348	-266660.187500000	
2349	-227444.500000000	
2350	-270311.906250000	
2351	-272365.531250000	
2352	-274425.156250000	
2353	-233732.531250000	
2354	-278305.187500000	
2355	-280586.250000000	
2356	-282866.812500000	
2357	-240598.734375000	
2358	-287039.093750000	
2359	-289507.437500000	
2360	-292067.906250000	
2361	-248178.890625000	
2362	-296505.281250000	
2363	-299172.187500000	
2364	-301833.687500000	
2365	-256185.937500000	
2366	-306780.875000000	
2367	-309675.281250000	
2368	-262611.125000000	
2369	-314937.812500000	
2370	-318043.312500000	
2371	-321248.906250000	
2372	-272058.093750000	
2373	-326969.031250000	
2374	-330351.218750000	
2375	-333925.656250000	
2376	-282448.437500000	
2377	-340048.750000000	
2378	-343820.031250000	
2379	-347776.500000000	
2380	-293907.562500000	
2381	-354762.406250000	
2382	-358784.718750000	
2383	-362990.718750000	
2384	-306320.093750000	
2385	-370728.500000000	
2386	-375338.968750000	
2387	-380121.093750000	
2388	-320485.562500000	
2389	-388761.718750000	
2390	-393847.156250000	
2391	-399194.187500000	
2392	-336230.718750000	
2393	-408958.218750000	
2394	-414807.343750000	
2395	-420880.468750000	
2396	-354093.062500000	
2397	-431878.281250000	
2398	-438537.031250000	
2399	-368792.468750000	
2400	-450854.156250000	
2401	-458262.000000000	
2402	-465894.156250000	
2403	-391454.781250000	
2404	-479985.843750000	
2405	-488444.343750000	
2406	-497378.843750000	
2407	-417763.781250000	
2408	-513929.625000000	
2409	-523990.812500000	
2410	-534470.062500000	
2411	-448824.343750000	
2412	-553941.000000000	
2413	-565716.312500000	
2414	-578136.062500000	
2415	-485435.750000000	
2416	-601423.562500000	
2417	-615751.187500000	
2418	-630707.500000000	
2419	-529779.437500000	
2420	-659195.687500000	
2421	-676711.125000000	
2422	-695302.312500000	
2423	-584548.562500000	
2424	-730739.437500000	
2425	-752846.375000000	
2426	-776514.937500000	
2427	-653872.875000000	
2428	-821931.875000000	
2429	-850741.000000000	
2430	-717682.937500000	
2431	-906333.750000000	
2432	-941839.500000000	
2433	-980527.500000000	
2434	-830599.562500000	
2435	-1057076.625000000	
2436	-1106804.500000000	
2437	-1161760.250000000	
2438	-990591.250000000	
2439	-1273222.000000000	
2440	-1348080.500000000	
2441	-1432530.000000000	
2442	-1235376.125000000	
2443	-1610001.375000000	
2444	-1733847.125000000	
2445	-1879330.375000000	
2446	-1654602.250000000	
2447	-2205560.750000000	
2448	-2450334.750000000	
2449	-2758499.000000000	
2450	-2538941.750000000	
2451	-3544908.250000000	
2452	-4241373.500000000	
2453	-5285848.000000000	
2454	-5633978.000000000	
2455	-9348888.000000000	
2456	-16777216.000000000	
2457	-16777216.000000000	
2458	NaN	
