8.897236194898039103e+05
8.855680515931993723e+05
8.680061068604141474e+05
8.382313527192026377e+05
8.309373482905775309e+05
8.280666443848758936e+05
8.150337834965139627e+05
7.893222997977882624e+05
7.814817191393524408e+05
7.931745590454488993e+05
7.760613287131935358e+05
7.590315290109068155e+05
7.707086524796634912e+05
7.607941833324581385e+05
7.631645974568277597e+05
7.744893624171167612e+05
7.500609374575763941e+05
7.111217735047489405e+05
7.017023131752163172e+05
7.251389907783418894e+05
7.389292323231846094e+05
7.394894555256515741e+05
7.284900698164850473e+05
7.043974763484150171e+05
6.800080680065304041e+05
6.577082294179350138e+05
6.509253369618803263e+05
6.598517587810903788e+05
6.596938547936826944e+05
6.369729767068773508e+05
6.299104680293947458e+05
6.583486640858799219e+05
6.649438920314460993e+05
6.439824708684831858e+05
6.419707114612013102e+05
6.315139165530353785e+05
6.105623807852417231e+05
5.919633907134681940e+05
5.717082248281389475e+05
5.533341535735279322e+05
5.563854393665939569e+05
5.704073366212993860e+05
5.755610917663723230e+05
5.576389432695060968e+05
5.359281216598898172e+05
5.439158495515733957e+05
5.639043416667133570e+05
5.507488048631101847e+05
5.293614381545931101e+05
5.238114327415376902e+05
5.230459720355421305e+05
5.151352316864877939e+05
5.116183796097189188e+05
4.988455760160833597e+05
4.948659734383970499e+05
4.897937167638689280e+05
4.832379432610422373e+05
4.857367826129347086e+05
4.575273569466024637e+05
4.226247808655649424e+05
4.422541614815145731e+05
4.741865984486490488e+05
4.643141839949041605e+05
4.494150029570013285e+05
4.437431328152567148e+05
4.412386437276750803e+05
4.521435985647588968e+05
4.505560529483705759e+05
4.372000552858263254e+05
4.265406468058973551e+05
4.184098615993410349e+05
4.164787266553789377e+05
4.167332618984133005e+05
4.255714802304655313e+05
4.209373875676542521e+05
3.982229828812032938e+05
3.858852582386881113e+05
3.984751988421827555e+05
4.152997830730825663e+05
3.930519825297743082e+05
3.792227620743662119e+05
4.104130798701196909e+05
4.195528874293714762e+05
4.146241296526342630e+05
4.262617448760420084e+05
4.459316649125963449e+05
4.662998150991350412e+05
4.803551143399626017e+05
4.787894751526266336e+05
4.534778037132173777e+05
4.317199999050050974e+05
4.480739573601633310e+05
4.859025635126978159e+05
5.277896996404081583e+05
5.555102409161478281e+05
5.791480564540773630e+05
6.148320093587785959e+05
6.650309567724615335e+05
6.881417499259859324e+05
6.923992341886907816e+05
7.342982491146475077e+05
7.781676284941583872e+05
8.052352004093080759e+05
8.460067872735410929e+05
9.051322058934122324e+05
9.876882675141245127e+05
1.047125777871981263e+06
1.078243537246838212e+06
1.158171340513601899e+06
1.264941977192774415e+06
1.338229231509104371e+06
1.389933882435455918e+06
1.477051703754559159e+06
1.613757464107409120e+06
1.711213927045717835e+06
1.739598851091280580e+06
1.774728989783182740e+06
1.821767091738119721e+06
1.826782900702372193e+06
1.790332155605211854e+06
1.796976590614214540e+06
1.837672935193911195e+06
1.816547914156332612e+06
1.748621247717753053e+06
1.711245651558771729e+06
1.695632836872473359e+06
1.648701510425463319e+06
1.570925374615088105e+06
1.485684127520933747e+06
1.406674462967768312e+06
1.314608070574656129e+06
1.223948635817423463e+06
1.138153840083971620e+06
1.016649360731020570e+06
9.314098711418062449e+05
9.085890407813936472e+05
8.543635352586656809e+05
7.925850163782984018e+05
7.681831422027498484e+05
7.361835671051889658e+05
6.658629418357759714e+05
6.157219135702997446e+05
6.065391259712129831e+05
6.243172192500978708e+05
6.329598302201181650e+05
6.196675923556238413e+05
6.133271358541399240e+05
6.062100876869112253e+05
5.780560716685205698e+05
5.571917085026651621e+05
5.628576158503443003e+05
6.295304083837419748e+05
6.555786978444010019e+05
6.493610931052118540e+05
6.497492002285867929e+05
6.763826225179582834e+05
7.055089605840593576e+05
7.001068124026209116e+05
7.067707733706384897e+05
7.520834363635927439e+05
7.946583918002992868e+05
8.370512276915460825e+05
8.999565297073274851e+05
9.660038812345415354e+05
1.033231863426581025e+06
1.101646055274859071e+06
1.191764033654585481e+06
1.293262373393908143e+06
1.441505647322550416e+06
1.620542426338091493e+06
1.751694279456987977e+06
1.864783773880854249e+06
2.031359475042715669e+06
2.223599946676626801e+06
2.440915750871554017e+06
2.657789448122873902e+06
2.822207597399130464e+06
3.002098756194487214e+06
3.193148480584517121e+06
3.315911325290098786e+06
3.456405843728438020e+06
3.607419588071241975e+06
3.685710109304800630e+06
3.729803957278624177e+06
3.710260680776014924e+06
3.686515827557936311e+06
3.676401944423094392e+06
3.632047577264204621e+06
3.559680271131888032e+06
3.437754570270910859e+06
3.290803018197432160e+06
3.175614157744780183e+06
3.065391531117811799e+06
2.889182679946318269e+06
2.606665145349875093e+06
2.349765467978850007e+06
2.187815188086882234e+06
2.004674845563307405e+06
1.796932980008497834e+06
1.628552130770102143e+06
1.470758837015524507e+06
1.298378637759581208e+06
1.196420071955099702e+06
1.117045678503409028e+06
1.067765996343985200e+06
1.072938564479246736e+06
1.055552922049894929e+06
1.021666608372107148e+06
9.955571629947572947e+05
9.849891257499605417e+05
9.977260368064790964e+05
1.011540436720266938e+06
1.003910866484060884e+06
9.905668675807863474e+05
9.945399820302873850e+05
1.049854752445593476e+06
1.100145722072973847e+06
1.098134434854879975e+06
1.078338435469999909e+06
1.090290269378080964e+06
1.149651482886686921e+06
1.235599623179808259e+06
1.312590238381758332e+06
1.385360877589598298e+06
1.492825090937986970e+06
1.639332429632559419e+06
1.796892446005240083e+06
1.943146693557158113e+06
2.105102727004423738e+06
2.292876102332487702e+06
2.515765376827612519e+06
2.748213109134092927e+06
2.931889859295263886e+06
3.078960188799276948e+06
3.235714660617247224e+06
3.359741839267149568e+06
3.471096290829077363e+06
3.628911583008185029e+06
3.726652285173788667e+06
3.727874968404188752e+06
3.709640205519095063e+06
3.711409571135893464e+06
3.671363641700163484e+06
3.576443995533362031e+06
3.409880212868109345e+06
3.209176875900641084e+06
3.033813568813696504e+06
2.832757877827063203e+06
2.591034391242399812e+06
2.372514699469938874e+06
2.165933395075216889e+06
1.960581072815313935e+06
1.754068329672232270e+06
1.521477764898672700e+06
1.308589980060949922e+06
1.169292579048529267e+06
1.062635168144598603e+06
9.838183560336977243e+05
9.407017538608461618e+05
9.138679752468019724e+05
8.852786363433748484e+05
8.847953558391481638e+05
8.643327550319582224e+05
8.298214578250795603e+05
7.625660907825380564e+05
7.310962831577211618e+05
7.504766669219881296e+05
7.260648768028169870e+05
7.065405503124147654e+05
6.913983277667909861e+05
6.499198523429781199e+05
6.234847700885683298e+05
6.110277299541383982e+05
5.835313838294893503e+05
5.320413865684419870e+05
4.947873960231691599e+05
4.828170730575472116e+05
4.856780815833956003e+05
4.930010886081606150e+05
4.677907642272859812e+05
4.350547816738039255e+05
4.237638173183351755e+05
4.472225507472902536e+05
4.746726647209078074e+05
4.773568452495485544e+05
4.690557815956026316e+05
4.675661663001924753e+05
4.842716952117830515e+05
4.827290674938112497e+05
4.346189856704622507e+05
4.124741556247621775e+05
4.299432866481691599e+05
4.510600914310365915e+05
4.899022861026674509e+05
5.335425902484804392e+05
5.132917269271761179e+05
4.971534226783663034e+05
5.393584075836092234e+05
5.568804152263551950e+05
5.239871827453523874e+05
4.978544508613497019e+05
5.097549638542085886e+05
5.445864696277529001e+05
5.953907196773439646e+05
6.320914691566377878e+05
6.659084768432527781e+05
7.187255051864534616e+05
7.374693203185945749e+05
7.990256920436769724e+05
8.777473938850313425e+05
9.377982030757814646e+05
9.699619005817323923e+05
1.080815271099463105e+06
1.245021103088751435e+06
1.418967188774481416e+06
1.570656324148550630e+06
1.752441308981314301e+06
2.014921946852102876e+06
2.254547045133963227e+06
2.506772415018454194e+06
2.785850871506109834e+06
3.045570233436957002e+06
3.330477323492422700e+06
3.680933968172445893e+06
4.054060997854605317e+06
4.344766246746435761e+06
4.569011552938833833e+06
4.798727758375540376e+06
5.045439708879843354e+06
5.191684254141226411e+06
5.180842247724905610e+06
5.087536547090902925e+06
4.965230013590231538e+06
4.797196512438192964e+06
4.592524912752524018e+06
4.325485087538138032e+06
3.996546913706198335e+06
3.676196272055044770e+06
3.331792047243490815e+06
2.969225127878561616e+06
2.679243406423941255e+06
2.444353779234305024e+06
2.239642146566763520e+06
2.065362412565603852e+06
1.878633485239401460e+06
1.723317276518240571e+06
1.656502702162161469e+06
1.635823681845083833e+06
1.617582139089956880e+06
1.601145001299276948e+06
1.604217199720755219e+06
1.657686669474020600e+06
1.705460349520102143e+06
1.724476182661429048e+06
1.794483115534201264e+06
1.895048098604574800e+06
1.988633086183920503e+06
2.166833036341086030e+06
2.419368911013022065e+06
2.701396675897970796e+06
3.040138300478354096e+06
3.435719758024588227e+06
3.854566025564566255e+06
4.303842083891287446e+06
4.759656917543783784e+06
5.311821514765158296e+06
5.897275867567434907e+06
6.476296971651449800e+06
7.061983826383963227e+06
7.589823434866324067e+06
8.004008803835287690e+06
8.305904943693533540e+06
8.531607868490591645e+06
8.651805595899954438e+06
8.626348647211447358e+06
8.452421547293081880e+06
8.120636824625387788e+06
7.692777011225119233e+06
7.232884142668142915e+06
6.716040258089438081e+06
6.136273400076285005e+06
5.474169614759817719e+06
4.772095951757803559e+06
4.171921464105978608e+06
3.703638208315268159e+06
3.347707244303122163e+06
3.084244635404959321e+06
2.817805448313131928e+06
2.578554753103628755e+06
2.466930623186483979e+06
2.419232135298147798e+06
2.339031369478598237e+06
2.245657409021750093e+06
2.243130340509787202e+06
2.300177253733053803e+06
2.265971241701498628e+06
2.240138400625601411e+06
2.281389829866781831e+06
2.339934631922140718e+06
2.346859912428274751e+06
2.412545780100241303e+06
2.616189346708670259e+06
2.897325727098837495e+06
3.207912039095297456e+06
3.574870403559103608e+06
3.972691944277182221e+06
4.362124788008108735e+06
4.747254064405813813e+06
5.145711906011953950e+06
5.551342448233023286e+06
5.867900829344168305e+06
6.116421190344229341e+06
6.304195675070181489e+06
6.360057430097952485e+06
6.320274604727163911e+06
6.207416350935354829e+06
5.982614823339834809e+06
5.636440179289236665e+06
5.236603578596487641e+06
4.810456183760061860e+06
4.370030159780874848e+06
3.906875674162283540e+06
3.416778896894827485e+06
2.979850000448599458e+06
2.628352159696951509e+06
2.342107551885977387e+06
2.081865356657400727e+06
1.830085755934134126e+06
1.655591933973684907e+06
1.556803077276602387e+06
1.466138374571219087e+06
1.423829016790762544e+06
1.402444197035208344e+06
1.268560110517874360e+06
1.113574954588308930e+06
1.055334928610220551e+06
9.874232339996248484e+05
8.500250741866976023e+05
7.829156545318514109e+05
7.971481823562532663e+05
7.326348668502718210e+05
6.579859190734773874e+05
6.465455519241243601e+05
6.310709800323396921e+05
6.228634198669344187e+05
5.959040895599275827e+05
5.575282089370638132e+05
5.479729994644075632e+05
5.188526842254549265e+05
4.798544879058748484e+05
4.657486366943269968e+05
4.642523583129793406e+05
4.440858818954378366e+05
4.470274380782991648e+05
4.883882588638216257e+05
5.332665775817781687e+05
5.167296289123445749e+05
4.811776488403230906e+05
4.781678745559602976e+05
5.328195444549471140e+05
5.483688981384187937e+05
5.096661763442903757e+05
5.053816208557039499e+05
5.783854745620638132e+05
6.555909813598543406e+05
7.010773861602693796e+05
7.811489347366243601e+05
9.220448738616853952e+05
1.108446451147451997e+06
1.309295914991751313e+06
1.537347514662161469e+06
1.826992500120535493e+06
2.228449122106924653e+06
2.634412631979361176e+06
3.060498281759634614e+06
3.645243324072256684e+06
4.244137012152090669e+06
4.765020599676504731e+06
5.285127340856924653e+06
5.745516490339651704e+06
6.129906303198233247e+06
6.429625034887686372e+06
6.591605941160574555e+06
6.642595278074637055e+06
6.549698301954641938e+06
6.311636269361868501e+06
5.971372436987295747e+06
5.535309061689749360e+06
4.991414400457754731e+06
4.422246710310354829e+06
3.959819248274222016e+06
3.583352271421805024e+06
3.245998036726370454e+06
2.986072801077261567e+06
2.806305821264639497e+06
2.680415353887930512e+06
2.595942655310049653e+06
2.528397981756582856e+06
2.491096589086905122e+06
2.488854732809439301e+06
2.511686668188467622e+06
2.524056650015249848e+06
2.595221932684317231e+06
2.765484770056143403e+06
2.988592415563955903e+06
3.284104122061148286e+06
3.769559141836538911e+06
4.400158726538076997e+06
5.089886127157583833e+06
5.918698594000235200e+06
6.867567376623526216e+06
7.826029223898306489e+06
8.662755883779898286e+06
9.444691603430166841e+06
1.017960162917174399e+07
1.074661220627440512e+07
1.103730707929076254e+07
1.111001199161376059e+07
1.102241218556822836e+07
1.069672740259398520e+07
1.007697888295592368e+07
9.289289865759268403e+06
8.367407588980093598e+06
7.367953289404287934e+06
6.447983202520743012e+06
5.673972062673941255e+06
5.025269102743521333e+06
4.439495554312124848e+06
3.952150647756949067e+06
3.636194611883535981e+06
3.446827674063101411e+06
3.274141060232535005e+06
3.150645994802847505e+06
3.040589700674429536e+06
2.877111399145498872e+06
2.721440309957876801e+06
2.627974651083365083e+06
2.618860638937368989e+06
2.708006488272085786e+06
2.913289411962881684e+06
3.216409621252432466e+06
3.552038325445547700e+06
3.962502732122793794e+06
4.480232047033682466e+06
5.059018473913565278e+06
5.624151214697256684e+06
6.127503469198599458e+06
6.543518435461416841e+06
6.891736309408560395e+06
7.154451284857168794e+06
7.231993553701773286e+06
7.158967305639639497e+06
6.928758728247061372e+06
6.531939006948843598e+06
6.085883325033560395e+06
5.577707863500967622e+06
4.988382801184073091e+06
4.404734314596548676e+06
3.900791578009024262e+06
3.510555763250723481e+06
3.143834039999380708e+06
2.788720575430288911e+06
2.538528534338369966e+06
2.334504079092398286e+06
2.125620369619742036e+06
1.903896563421621919e+06
1.701592815466299653e+06
1.545499278204336762e+06
1.406563101507559419e+06
1.244462432730093598e+06
1.059412416616812348e+06
9.131931953491121531e+05
8.212509083465486765e+05
7.625516924957185984e+05
6.840156820129305124e+05
5.840690082763582468e+05
5.120728001464754343e+05
4.478061835082918406e+05
3.974542816985994577e+05
3.658872151855379343e+05
3.469491016143709421e+05
3.144870558532625437e+05
2.827601899017244577e+05
2.743806129516512156e+05
2.896854312805086374e+05
2.942467482971101999e+05
2.433036645110994577e+05
1.584502774871736765e+05
9.864568184508383274e+04
1.329329692901521921e+05
2.319472285369783640e+05
3.028905452178865671e+05
3.588700022796541452e+05
4.204466792205721140e+05
5.134326527618318796e+05
6.926109966644197702e+05
9.153187814849764109e+05
1.161243074636831880e+06
1.489949940664663911e+06
1.988434440847769380e+06
2.598541633566275239e+06
3.209468573904410005e+06
3.870920313833609223e+06
4.594758902365103364e+06
5.309943385153189301e+06
5.909210804800406098e+06
6.373873200796499848e+06
6.717924609365835786e+06
6.921226063711538911e+06
6.940131593557730317e+06
6.725401225851431489e+06
6.328578984030142426e+06
5.905224888388052583e+06
5.483031956045523286e+06
5.010927201040640473e+06
4.552184633932486176e+06
4.183562262380972505e+06
3.838415090414419770e+06
3.564103119253531098e+06
3.436316346578970551e+06
3.305042766989126801e+06
3.141520371908560395e+06
3.035726149252310395e+06
2.979096084127798676e+06
3.026838157919302583e+06
3.161074349142447114e+06
3.357995633016958833e+06
3.745430981283560395e+06
4.347487362814322114e+06
5.090821743002310395e+06
5.941087084005728364e+06
6.984895844961538911e+06
8.174077981619253755e+06
9.337710946463003755e+06
1.037194318889464438e+07
1.116225790508116782e+07
1.164661778789366782e+07
1.185002527721251547e+07
1.184189880940856040e+07
1.162467056804503500e+07
1.119053248314513266e+07
1.047143073180235922e+07
9.469029987875357270e+06
8.429089422048941255e+06
7.471758951895132661e+06
6.617304991812124848e+06
5.957459953146353364e+06
5.446827744192495942e+06
4.974772269888296723e+06
4.587459432241812348e+06
4.333402130209341645e+06
4.089377259695425630e+06
3.799022713461294770e+06
3.551042381216421723e+06
3.383282149771109223e+06
3.254653902853384614e+06
3.244513521231070161e+06
3.415714882620230317e+06
3.703485861746206880e+06
4.102921330618277192e+06
4.640695157980337739e+06
5.226851209921255708e+06
5.749348349569693208e+06
6.280087437033072114e+06
6.832849829824820161e+06
7.192294382406607270e+06
7.386068946432486176e+06
7.466354370993033051e+06
7.307753502066031098e+06
6.956175183096304536e+06
6.569955254660025239e+06
6.122299554769888520e+06
5.635862418692007661e+06
5.183093678884878755e+06
4.767920165396109223e+06
4.354752705435171723e+06
3.992742123800650239e+06
3.678138242544546723e+06
3.362471881399527192e+06
3.047148857351675630e+06
2.710710985037222505e+06
2.426794076437368989e+06
2.154824941488638520e+06
1.876201387289419770e+06
1.687950218771353364e+06
1.520647238394156098e+06
1.314562246511831880e+06
1.109373040975943208e+06
9.291444174407869577e+05
7.848001693328768015e+05
6.596560877899080515e+05
5.677059618743807077e+05
4.749455785125643015e+05
3.774477225555330515e+05
3.206531766570955515e+05
2.600177215179353952e+05
1.654181357025057077e+05
1.734741957610994577e+05
2.445896765350252390e+05
2.328023510955721140e+05
2.233589900115877390e+05
2.495843628753572702e+05
2.489242364105135202e+05
2.533833764861971140e+05
3.350305469573885202e+05
4.513535098480135202e+05
5.345250255950838327e+05
6.548038531097322702e+05
9.433187496551424265e+05
1.419691471029654145e+06
1.986428771261587739e+06
2.577268403341665864e+06
3.264870118429556489e+06
4.057554666464224458e+06
4.860132796347036958e+06
5.580998254965201020e+06
6.096931788900747895e+06
6.432121142660513520e+06
6.710642059896841645e+06
6.892005283102408051e+06
6.746407053854361176e+06
6.376460112692251801e+06
6.055188198446646333e+06
5.730751050192251801e+06
5.380023904989615083e+06
5.067090499533072114e+06
4.802319569723501801e+06
4.590147850424185395e+06
4.437274076071158051e+06
4.284347980123892426e+06
4.119636295553579926e+06
4.078051754537954926e+06
4.190055089010611176e+06
4.390454030172720551e+06
4.717221308737173676e+06
5.264351655111685395e+06
6.017293799276724458e+06
6.961883471029654145e+06
8.112711899618521333e+06
9.338835314291372895e+06
1.033202894399107993e+07
1.102731126766051352e+07
1.145544501387633383e+07
1.168068541176451743e+07
1.164445118965758383e+07
1.139772857692565024e+07
1.099321080202330649e+07
1.050547884432066977e+07
9.963716683126822114e+06
9.329864547994986176e+06
8.590909918783560395e+06
7.928825026144400239e+06
7.341775600302115083e+06
6.789995372824087739e+06
6.304375575094595551e+06
5.847069939535513520e+06
5.349000199118033051e+06
4.895501587362661958e+06
4.534229838461294770e+06
4.289165687643423676e+06
4.182324870870962739e+06
4.201545124777212739e+06
4.326302186972036958e+06
4.535182796469107270e+06
4.906730692770376801e+06
5.438217617025747895e+06
6.013418310995474458e+06
6.436152017782583833e+06
6.751174982015982270e+06
7.076247449423208833e+06
7.266985167196646333e+06
7.256997883749380708e+06
7.139470348776236176e+06
6.908087314108267426e+06
6.630645032736197114e+06
6.346526259481802583e+06
5.985584750387564301e+06
5.642754263693228364e+06
5.286975559286490083e+06
4.865381398641958833e+06
4.467613545675650239e+06
4.067946765768423676e+06
3.623243826376333833e+06
3.183978497091665864e+06
2.854427549520865083e+06
2.611296757589712739e+06
2.337335897299185395e+06
2.044064746725454926e+06
1.790066086813345551e+06
1.568341700094595551e+06
1.376628372091665864e+06
1.184548890890493989e+06
9.871110464691072702e+05
8.007836317352205515e+05
6.260364425872713327e+05
4.442652766937166452e+05
3.364939356292635202e+05
2.949162227386385202e+05
2.842459444183260202e+05
3.043519104827791452e+05
2.788219329437166452e+05
2.239078275970369577e+05
2.419714123138338327e+05
3.332655089935213327e+05
4.517109418548494577e+05
5.912905391448885202e+05
7.496591314300447702e+05
9.143565529388338327e+05
1.162779641806021333e+06
1.598011238851919770e+06
2.203625188314810395e+06
2.877904338461294770e+06
3.561839540365591645e+06
4.253937649252310395e+06
4.868480524130240083e+06
5.392670026937857270e+06
5.876637023519888520e+06
6.201726884115591645e+06
6.278338482382193208e+06
6.214163195394888520e+06
6.133701904867544770e+06
6.075013495931997895e+06
6.031952858236685395e+06
5.944190385092154145e+06
5.758178473471060395e+06
5.557928025473013520e+06
5.420495446981802583e+06
5.387053147299185395e+06
5.480257041098013520e+06
5.603084046713247895e+06
5.784205087118521333e+06
6.127897589926138520e+06
6.663900486166372895e+06
7.333120211874380708e+06
8.129242208578482270e+06
9.037545920614615083e+06
9.872858547811880708e+06
1.045828379476012290e+07
1.079394962068785727e+07
1.093382923897399008e+07
1.089550136800231040e+07
1.072602723128356040e+07
1.052563105647887290e+07
1.029448307662047446e+07
1.000147977950133383e+07
9.621788657797232270e+06
9.194492958700552583e+06
8.810941684896841645e+06
8.368222344076529145e+06
7.807754448690786958e+06
7.273068516561880708e+06
6.786095069906607270e+06
6.260732637167349458e+06
5.800021251058951020e+06
5.445944949911490083e+06
5.128360276693716645e+06
4.980771280477896333e+06
5.063081015341177583e+06
5.218661539877310395e+06
5.361324918661490083e+06
5.602901722128286958e+06
5.977055524374380708e+06
6.343711407186880708e+06
6.618304955770865083e+06
6.816408761679068208e+06
6.905212421469107270e+06
6.909377538046255708e+06
6.850963218954458833e+06
6.713926577230826020e+06
6.534406231649771333e+06
6.273148806845083833e+06
5.962325932455435395e+06
5.619985243612661958e+06
5.197571882040396333e+06
4.781571493490591645e+06
4.386406731039419770e+06
4.000939751791372895e+06
3.675518719320669770e+06
3.272201802572622895e+06
2.808313176473990083e+06
2.447862021200552583e+06
2.189227522665396333e+06
1.885338872640982270e+06
1.554584268270865083e+06
1.295737912313833833e+06
1.093655013510122895e+06
8.967477863372713327e+05
7.079214502777010202e+05
5.786312312835603952e+05
4.574193606780916452e+05
3.770990747894197702e+05
3.784176167816072702e+05
3.212562347015291452e+05
2.995251824554353952e+05
3.421097193206697702e+05
3.667501105560213327e+05
4.111206272796541452e+05
5.463015448821932077e+05
7.432401465667635202e+05
9.748007190765291452e+05
1.292951555624380708e+06
1.761904955282583833e+06
2.355806222006216645e+06
2.997513665731802583e+06
3.555613601278677583e+06
4.061042350180044770e+06
4.589147237997427583e+06
5.053742096517935395e+06
5.322092263021841645e+06
5.540032580404654145e+06
5.783466396322622895e+06
5.956352563314810395e+06
6.030274940756216645e+06
6.065990892416372895e+06
6.081378787435904145e+06
6.045974499594107270e+06
6.070967909750357270e+06
6.226161900961294770e+06
6.432239864340201020e+06
6.733362194906607270e+06
7.042360791830435395e+06
7.344559060629263520e+06
7.735189911703482270e+06
8.221676759603872895e+06
8.723679524496451020e+06
9.166360630941763520e+06
9.467118258383169770e+06
9.636235592123404145e+06
9.679686069662466645e+06
9.691123885580435395e+06
9.639700988363638520e+06
9.552511580404654145e+06
9.459763869223013520e+06
9.305778317465201020e+06
9.043451639974966645e+06
8.715024308187857270e+06
8.354459047689810395e+06
8.012487086508169770e+06
7.616578408285513520e+06
7.099056500326529145e+06
6.550638854330435395e+06
6.120314965414419770e+06
5.761962833578482270e+06
5.500372961264029145e+06
5.340921356283560395e+06
5.227501527181997895e+06
5.157340990805044770e+06
5.230280763754263520e+06
5.390597867025747895e+06
5.569343825765982270e+06
5.774753668295279145e+06
5.972353425131216645e+06
6.096992130941763520e+06
6.163005323568716645e+06
6.165829043295279145e+06
6.110583333334341645e+06
6.022143240560904145e+06
5.816670313070669770e+06
5.479401102133169770e+06
5.163937663412466645e+06
4.826631052328482270e+06
4.403567828695669770e+06
4.002441053305044770e+06
3.646670788900747895e+06
3.248921602377310395e+06
2.845163059896841645e+06
2.444697732015982270e+06
2.032333189291372895e+06
1.692338003988638520e+06
1.432651751058951020e+06
1.154371006430044770e+06
8.406413467620760202e+05
5.731293501800447702e+05
4.044865974944978952e+05
3.275886682952791452e+05
2.221581433929353952e+05
1.598336065277010202e+05
1.456916382659822702e+05
1.173548240569978952e+05
8.122374666441977024e+04
1.512609903167635202e+05
2.801531397308260202e+05
3.630217786468416452e+05
4.671944912933260202e+05
6.687948618987947702e+05
1.018423473471060395e+06
1.511384910238638520e+06
2.002957753988638520e+06
2.441558586996451020e+06
2.933340990560904145e+06
3.489057544027701020e+06
4.016891826010122895e+06
4.488085914633169770e+06
4.891845385580435395e+06
5.302155813803091645e+06
5.701993272055044770e+06
6.007944830892935395e+06
6.233280559896841645e+06
6.459366024740591645e+06
6.717223791342154145e+06
6.901546420736685395e+06
7.102790972982779145e+06
7.359616003744497895e+06
7.514666067709341645e+06
7.619098714926138520e+06
7.740284993002310395e+06
7.891836946371451020e+06
8.061935615316763520e+06
8.270678285971060395e+06
8.451248741293326020e+06
8.606549261312857270e+06
8.774126869711294770e+06
8.874195586264029145e+06
8.914606677572622895e+06
8.869933903646841645e+06
8.790987021078482270e+06
8.676873781332388520e+06
8.503874429281607270e+06
8.224201455404654145e+06
7.933257595053091645e+06
7.642563827230826020e+06
7.320972374105826020e+06
6.964773703451529145e+06
6.574052275228872895e+06
6.188191044027701020e+06
5.830655957601919770e+06
5.480157455404654145e+06
5.261410472006216645e+06
5.185849933187857270e+06
5.151588758627310395e+06
5.186914858969107270e+06
5.370634136801138520e+06
5.548677490316763520e+06
5.675221803305044770e+06
5.806288458090201020e+06
5.899808322836294770e+06
5.931888260336294770e+06
5.867073621176138520e+06
5.690046251547232270e+06
5.430460484457388520e+06
5.136145645590201020e+06
4.797801047445669770e+06
4.403394996664419770e+06
3.949258287191763520e+06
3.517610203695669770e+06
3.149878521566763520e+06
2.751516999594107270e+06
2.325255894125357270e+06
1.965343443441763520e+06
1.626129878988638520e+06
1.286280417074576020e+06
1.016451264242544770e+06
7.878856162933260202e+05
5.440086519378572702e+05
3.508235440277010202e+05
2.705834463714510202e+05
1.865085044769197702e+05
9.254084969176352024e+04
1.271325982269197702e+05
1.430898555511385202e+05
8.195071199645102024e+04
9.897824471129477024e+04
2.259305152191072702e+05
4.203355699066072702e+05
6.874204453948885202e+05
1.036416159262076020e+06
1.398989715414419770e+06
1.849338103109732270e+06
2.449367294027701020e+06
3.098384248129263520e+06
3.767843904867544770e+06
4.419773691488638520e+06
4.986419016683951020e+06
5.526744774008169770e+06
6.033838339437857270e+06
6.481034072836294770e+06
6.831466816000357270e+06
7.021520393148794770e+06
7.109051613851919770e+06
7.180928265219107270e+06
7.227978119711294770e+06
7.239191931234732270e+06
7.197204435140982270e+06
7.185513846273794770e+06
7.220589363363638520e+06
7.374068663656607270e+06
7.674536657797232270e+06
7.948681984457388520e+06
8.161730514242544770e+06
8.355239596762076020e+06
8.481123061605826020e+06
8.472650219808951020e+06
8.402822858480826020e+06
8.309656498129263520e+06
8.159871134848013520e+06
7.989262995199576020e+06
7.789085284750357270e+06
7.566974435140982270e+06
7.257948609457388520e+06
6.917986447348013520e+06
6.651406315512076020e+06
6.382261559164419770e+06
6.093484501058951020e+06
5.836658941000357270e+06
5.595614153402701020e+06
5.432213396078482270e+06
5.359385396566763520e+06
5.391423360922232270e+06
5.493808974691763520e+06
5.622892895101919770e+06
5.743218256430044770e+06
5.782038170492544770e+06
5.729324223226919770e+06
5.660985475180044770e+06
5.544453962973013520e+06
5.355326700277701020e+06
5.170452670980826020e+06
4.930306836508169770e+06
4.541192633383169770e+06
4.144420469808951020e+06
3.737557232015982270e+06
3.259758774496451020e+06
2.830319931234732270e+06
2.431449006918326020e+06
2.013265277914419770e+06
1.660291499105826020e+06
1.375470395101919770e+06
1.104015662191763520e+06
8.956759732269197702e+05
6.987829698089510202e+05
4.483492696136385202e+05
2.672124619964510202e+05
2.057621060394197702e+05
2.039637349456697702e+05
2.035328555511385202e+05
1.634659429534822702e+05
1.440914483245760202e+05
2.710197876800447702e+05
5.280763579925447702e+05
8.102595201019197702e+05
1.146919608969107270e+06
1.602227932211294770e+06
2.196746762777701020e+06
2.885802354086294770e+06
3.609489920492544770e+06
4.338750656332388520e+06
5.035567218344107270e+06
5.653985240316763520e+06
6.171304822836294770e+06
6.594051536703482270e+06
6.866415429769888520e+06
6.956437510336294770e+06
6.954184764730826020e+06
6.900957145590201020e+06
6.832634078695669770e+06
6.788339956137076020e+06
6.775240145101919770e+06
6.846195976644888520e+06
6.946166257894888520e+06
7.096054764242544770e+06
7.314675487875357270e+06
7.596351396078482270e+06
7.823063920492544770e+06
7.904059222250357270e+06
7.883921169515982270e+06
7.873495609945669770e+06
7.808993361898794770e+06
7.665878703695669770e+06
7.482676896078482270e+06
7.299876412680044770e+06
7.088119698812857270e+06
6.844802421469107270e+06
6.668053715414419770e+06
6.502319940023794770e+06
6.270840415609732270e+06
6.030573446859732270e+06
5.786508799398794770e+06
5.589884212484732270e+06
5.512931894125357270e+06
5.548909526937857270e+06
5.576298762289419770e+06
5.573549721273794770e+06
5.575091498617544770e+06
5.575033658773794770e+06
5.553532740805044770e+06
5.503802251547232270e+06
5.407790670492544770e+06
5.181782953695669770e+06
4.941018522055044770e+06
4.726113274008169770e+06
4.457406577719107270e+06
4.111895280844107270e+06
3.703361694906607270e+06
3.301559107015982270e+06
2.913819782797232270e+06
2.518941957601919770e+06
2.166796838461294770e+06
1.822223112875357270e+06
1.484579435140982270e+06
1.206383445883169770e+06
9.926657486175447702e+05
7.618459263519197702e+05
5.496745406097322702e+05
4.405001265472322702e+05
3.776151988128572702e+05
3.189472417816072702e+05
3.296007242034822702e+05
4.088060865081697702e+05
5.662867535003572702e+05
8.103591187347322702e+05
1.126383566976919770e+06
1.595468448812857270e+06
2.158899105062857270e+06
2.746272348226919770e+06
3.428837478109732270e+06
4.119508269125357270e+06
4.762941982992544770e+06
5.422623855062857270e+06
5.889311612875357270e+06
6.152292959555044770e+06
6.280384584555044770e+06
6.279941161703482270e+06
6.218328345297232270e+06
6.159500276937857270e+06
6.164722087484732270e+06
6.236123887289419770e+06
6.338970277914419770e+06
6.412286849203482270e+06
6.560389925375357270e+06
6.771542319906607270e+06
6.972950589437857270e+06
7.045912025961294770e+06
7.077249416586294770e+06
7.090254784750357270e+06
7.070204150961294770e+06
6.994053527914419770e+06
6.864785419515982270e+06
6.707825573812857270e+06
6.512929738851919770e+06
6.315550404867544770e+06
6.117559809164419770e+06
5.898729685140982270e+06
5.753522025961294770e+06
5.618656809164419770e+06
5.438279023031607270e+06
5.248610649008169770e+06
5.112875681234732270e+06
5.052663607992544770e+06
5.018475428305044770e+06
5.000962142172232270e+06
5.026532254476919770e+06
5.047394282797232270e+06
5.028855751547232270e+06
4.926625691976919770e+06
4.789595646078482270e+06
4.669089173422232270e+06
4.512111338461294770e+06
4.294593722250357270e+06
4.039273424398794770e+06
3.752888556234732270e+06
3.462229249594107270e+06
3.091303151937857270e+06
2.659646934164419770e+06
2.301784787680044770e+06
1.956358926351919770e+06
1.574256082601919770e+06
1.204712025961294770e+06
9.257985425628572702e+05
6.851594488128572702e+05
4.725130904144197702e+05
2.753948482269197702e+05
1.584851333831697702e+05
8.342238826598227024e+04
2.759109041441977024e+04
1.075907583831697702e+05
2.389839458831697702e+05
3.975322505706697702e+05
7.048343042816072702e+05
1.119114292562857270e+06
1.658245937094107270e+06
2.316509511312857270e+06
2.976952331625357270e+06
3.576594773031607270e+06
4.048234756430044770e+06
4.374204260336294770e+06
4.598190811117544770e+06
4.746048000570669770e+06
4.778690978109732270e+06
4.765107953695669770e+06
4.786832698812857270e+06
4.840576552328482270e+06
4.839852418539419770e+06
4.848657525961294770e+06
4.930690414633169770e+06
5.048914454672232270e+06
5.144831344320669770e+06
5.187291852133169770e+06
5.182565835531607270e+06
5.121862220297232270e+06
5.060646278890982270e+06
5.003991368734732270e+06
4.932185432211294770e+06
4.846037250570669770e+06
4.681331455648794770e+06
4.536882772055044770e+06
4.416615520101919770e+06
4.263524375570669770e+06
4.118143119711294770e+06
4.013493377523794770e+06
3.897264647055044770e+06
3.786438275961294770e+06
3.745183984945669770e+06
3.728829106039419770e+06
3.681820594320669770e+06
3.619774518148794770e+06
3.600802580648794770e+06
3.555485615805044770e+06
3.492911565023794770e+06
3.353859533773794770e+06
3.227076242758169770e+06
3.158770061117544770e+06
3.034295996664419770e+06
2.865346201742544770e+06
2.724410977133169770e+06
2.534179285726919770e+06
2.316072229086294770e+06
2.097652584555044770e+06
1.844916768148794770e+06
1.596479381430044770e+06
1.372738688070669770e+06
1.162515615805044770e+06
9.298862740081697702e+05
6.662794517425447702e+05
4.469186118987947702e+05
3.031219146331697702e+05
2.557156978362947702e+05
2.354959986175447702e+05
2.025310474456697702e+05
2.573042779144197702e+05
4.592963267425447702e+05
7.291930357269197702e+05
9.946364576019197702e+05
1.314383369711294770e+06
1.723637760336294770e+06
2.124655336508169770e+06
2.460820801351919770e+06
2.662339068930044770e+06
2.719699055258169770e+06
2.733685908773794770e+06
2.711686770101919770e+06
2.659254281820669770e+06
2.644619100180044770e+06
2.599691617758169770e+06
2.543081508383169770e+06
2.526721191976919770e+06
2.549679635336294770e+06
2.529361813070669770e+06
2.478959732992544770e+06
2.461372445883169770e+06
2.452245785726919770e+06
2.410372373617544770e+06
2.331281895101919770e+06
2.263068838461294770e+06
2.197849746664419770e+06
2.094418725180044770e+06
1.979666203695669770e+06
1.892344188070669770e+06
1.801445264242544770e+06
1.701775604086294770e+06
1.629186461508169770e+06
1.592650451742544770e+06
1.560393285726919770e+06
1.540491524008169770e+06
1.542132102133169770e+06
1.505936070883169770e+06
1.448173596273794770e+06
1.417755242758169770e+06
1.355473945883169770e+06
1.276150285726919770e+06
1.203053000570669770e+06
1.118832715414419770e+06
1.046460479086294770e+06
1.011681010336294770e+06
9.646766861175447702e+05
9.098168189300447702e+05
8.490826548675447702e+05
7.635053970550447702e+05
7.052856646331697702e+05
6.528105650237947702e+05
6.144625259612947702e+05
6.028914419769197702e+05
5.712698111175447702e+05
5.562697408050447702e+05
5.618807017425447702e+05
5.451597759612947702e+05
5.345028130706697702e+05
5.327492876800447702e+05
5.154320708831697702e+05
5.029275572112947702e+05
5.255965493987947702e+05
