Frequenz (Hz), Amplitude (V), FehlerAmp (V), Phase, FehlerPhase2,399300E+3	2,822173E-7	3,408841E-8	3,543618E-1	3,278101E-1
2,399600E+3	2,294444E-7	2,639304E-8	1,143303E-1	1,589779E-1
2,399900E+3	1,911086E-7	1,788489E-8	4,436452E-1	1,946730E-1
2,400200E+3	1,472423E-7	1,620542E-8	2,309003E-1	2,238154E-1
2,400500E+3	2,084561E-7	1,887778E-8	1,998740E-1	1,680018E-1
2,400800E+3	1,854586E-7	1,441876E-8	2,264874E-1	7,385482E-2
2,401100E+3	1,892511E-7	2,605847E-9	2,476646E-1	3,861416E-2
2,401400E+3	2,043661E-7	1,079593E-8	2,395777E-1	7,118217E-2
2,401700E+3	1,782884E-7	6,379407E-9	2,072518E-1	3,492469E-2
2,402000E+3	1,886365E-7	3,214192E-9	2,308424E-1	1,919632E-2
2,402300E+3	1,917886E-7	4,149442E-9	2,434562E-1	1,030412E-2
2,402600E+3	2,055350E-7	7,183214E-9	2,091916E-1	2,390327E-2
2,402900E+3	1,908162E-7	6,936483E-9	2,717973E-1	3,422206E-2
2,403200E+3	1,944984E-7	5,850720E-9	2,163683E-1	2,231590E-2
2,403500E+3	2,081430E-7	4,954931E-9	2,270226E-1	2,574557E-2
2,403800E+3	2,018649E-7	3,944103E-9	2,598156E-1	1,659535E-2
2,404100E+3	2,067397E-7	5,250071E-9	2,534393E-1	2,026531E-2
2,404400E+3	1,907790E-7	1,753020E-9	2,630227E-1	1,130312E-2
2,404700E+3	2,084134E-7	5,374710E-9	2,309229E-1	2,497628E-2
2,405000E+3	2,095879E-7	5,015237E-9	2,885849E-1	2,776081E-2
2,405300E+3	2,171758E-7	6,068414E-9	2,647311E-1	2,181193E-2
2,405600E+3	2,227092E-7	5,234642E-9	2,816666E-1	2,555321E-2
2,405900E+3	2,168182E-7	5,305717E-9	3,086709E-1	1,817214E-2
2,406200E+3	2,179664E-7	5,055694E-9	3,424835E-1	2,827435E-2
2,406500E+3	2,311129E-7	5,437802E-9	2,988587E-1	2,111466E-2
2,406800E+3	2,338251E-7	5,784827E-9	2,695931E-1	1,407244E-2
2,407100E+3	2,309111E-7	4,973881E-9	3,110040E-1	2,404115E-2
2,407400E+3	2,429018E-7	5,174453E-9	3,267936E-1	1,251201E-2
2,407700E+3	2,423314E-7	5,851090E-9	3,379407E-1	2,230990E-2
2,408000E+3	2,547270E-7	4,668708E-9	3,857968E-1	2,288927E-2
2,408300E+3	2,496027E-7	6,276588E-9	3,965615E-1	2,339846E-2
2,408600E+3	2,572757E-7	5,777506E-9	4,165955E-1	2,401717E-2
2,408900E+3	2,751896E-7	6,007480E-9	3,710295E-1	1,744038E-2
2,409200E+3	2,690347E-7	6,157245E-9	3,930605E-1	2,106434E-2
2,409500E+3	2,766094E-7	4,851550E-9	4,161780E-1	2,725536E-2
2,409800E+3	2,759405E-7	4,930287E-9	4,277893E-1	2,348197E-2
2,410100E+3	2,933533E-7	8,171985E-9	4,315483E-1	2,376801E-2
2,410400E+3	2,867990E-7	4,567256E-9	4,425924E-1	2,497972E-2
2,410700E+3	2,944378E-7	8,770044E-9	4,339415E-1	2,918383E-2
2,411000E+3	3,154838E-7	1,342612E-8	4,494064E-1	4,113236E-2
2,411300E+3	3,196411E-7	1,059937E-8	4,237745E-1	3,571816E-2
2,411600E+3	3,083644E-7	4,737463E-9	4,842934E-1	1,705651E-2
2,411900E+3	3,169321E-7	4,255444E-9	4,888225E-1	1,197202E-2
2,412200E+3	3,262369E-7	4,556435E-9	5,046654E-1	1,409406E-2
2,412500E+3	3,195134E-7	3,777802E-9	4,935836E-1	1,300717E-2
2,412800E+3	3,160678E-7	5,987411E-9	4,899268E-1	2,154456E-2
2,413100E+3	3,359101E-7	4,809165E-9	5,267205E-1	1,958019E-2
2,413400E+3	3,701328E-7	3,391684E-8	6,140950E-1	8,797272E-2
2,413700E+3	3,270885E-7	9,942288E-9	5,964550E-1	3,179843E-2
2,414000E+3	3,521036E-7	5,795044E-9	5,254319E-1	1,286070E-2
2,414300E+3	3,528514E-7	3,740710E-9	5,424670E-1	8,718756E-3
2,414600E+3	3,538710E-7	5,713936E-9	5,719755E-1	2,377703E-2
2,414900E+3	3,713221E-7	6,588940E-9	5,942280E-1	2,068830E-2
2,415200E+3	3,648137E-7	9,640729E-9	6,542062E-1	2,441719E-2
2,415500E+3	4,022972E-7	1,092303E-8	5,925361E-1	1,791998E-2
2,415800E+3	3,802080E-7	1,256952E-8	6,984002E-1	2,810198E-2
2,416100E+3	3,878608E-7	8,058922E-9	6,272619E-1	2,232006E-2
2,416400E+3	3,974983E-7	6,940114E-9	6,344428E-1	1,833488E-2
2,416700E+3	3,976947E-7	6,935569E-9	6,838969E-1	2,083829E-2
2,417000E+3	4,075874E-7	6,417432E-9	6,827295E-1	1,728144E-2
2,417300E+3	4,175937E-7	2,465862E-9	7,517933E-1	6,322491E-3
2,417600E+3	4,234168E-7	4,027891E-9	7,465867E-1	8,049913E-3
2,417900E+3	4,234742E-7	3,031448E-9	7,778353E-1	7,964773E-3
2,418200E+3	4,353678E-7	4,893163E-9	7,722788E-1	1,039806E-2
2,418500E+3	4,418063E-7	4,149857E-9	7,912670E-1	1,148556E-2
2,418800E+3	4,583777E-7	5,205515E-9	7,866936E-1	1,088560E-2
2,419100E+3	4,688411E-7	5,467907E-9	8,394536E-1	1,266421E-2
2,419400E+3	4,798013E-7	4,505603E-9	8,369712E-1	1,313308E-2
2,419700E+3	4,782846E-7	6,064672E-9	8,671069E-1	9,676730E-3
2,420000E+3	4,907677E-7	4,085236E-9	9,022001E-1	6,823012E-3
2,420300E+3	5,004474E-7	2,589723E-9	9,039779E-1	6,611024E-3
2,420600E+3	5,073066E-7	4,071676E-9	9,485969E-1	7,812536E-3
2,420900E+3	5,069048E-7	4,715944E-9	9,454627E-1	4,935089E-3
2,421200E+3	5,168012E-7	3,527903E-9	9,641645E-1	5,496916E-3
2,421500E+3	5,229016E-7	1,972686E-9	9,828235E-1	4,400595E-3
2,421800E+3	5,285676E-7	3,949038E-9	1,023202E+0	8,220476E-3
2,422100E+3	5,270591E-7	4,552109E-9	1,048135E+0	6,538378E-3
2,422400E+3	5,375480E-7	5,216938E-9	1,096712E+0	1,308913E-2
2,422700E+3	5,569586E-7	5,292169E-9	1,151244E+0	1,200162E-2
2,423000E+3	5,626270E-7	5,807820E-9	1,148525E+0	1,131488E-2
2,423300E+3	5,632754E-7	3,560070E-9	1,172996E+0	2,194961E-2
2,423600E+3	5,791653E-7	7,583090E-9	1,216809E+0	1,327436E-2
2,423900E+3	5,713699E-7	6,982678E-9	1,258409E+0	1,491566E-2
2,424200E+3	5,802420E-7	2,714406E-8	1,292677E+0	5,600224E-2
2,424500E+3	5,657410E-7	1,063056E-8	1,292924E+0	1,799664E-2
2,424800E+3	5,605069E-7	1,633863E-8	1,360738E+0	2,979527E-2
2,425100E+3	5,874680E-7	1,430200E-8	1,358524E+0	2,645806E-2
2,425400E+3	5,988475E-7	3,884971E-8	1,480257E+0	6,776801E-2
2,425700E+3	6,461935E-7	5,536192E-8	1,449938E+0	9,742526E-2
2,426000E+3	9,920686E-7	9,861674E-8	1,090514E+0	3,222854E-1
2,426300E+3	6,714239E-7	7,735767E-8	1,143960E+0	3,095146E-1
2,426600E+3	6,057668E-7	4,249554E-8	1,540713E+0	9,208382E-2
2,426900E+3	6,363690E-7	2,183607E-8	1,637405E+0	5,009427E-2
2,427200E+3	6,218453E-7	1,155850E-8	1,669766E+0	2,857183E-2
2,427500E+3	5,938791E-7	7,856158E-9	1,690651E+0	2,590518E-2
2,427800E+3	5,884640E-7	1,010488E-8	1,760475E+0	2,266814E-2
2,428100E+3	5,954900E-7	8,165056E-9	1,812776E+0	2,036061E-2
2,428400E+3	5,986548E-7	8,135232E-9	1,855565E+0	1,378186E-2
2,428700E+3	6,017189E-7	7,536957E-9	1,873673E+0	1,637188E-2
2,429000E+3	5,819909E-7	1,274565E-8	1,908738E+0	1,686990E-2
2,429300E+3	5,828788E-7	1,439535E-8	1,922451E+0	2,066537E-2
2,429600E+3	5,811583E-7	1,768141E-8	1,940246E+0	3,471465E-2
2,429900E+3	5,805395E-7	6,664266E-9	2,005098E+0	1,594406E-2
2,430200E+3	5,899665E-7	6,507215E-9	2,020551E+0	1,697095E-2
2,430500E+3	5,762414E-7	1,868845E-8	2,014999E+0	2,605483E-2
2,430800E+3	5,711433E-7	1,605956E-8	2,066954E+0	3,834545E-2
2,431100E+3	5,459521E-7	9,434933E-9	2,121670E+0	1,889489E-2
2,431400E+3	5,468924E-7	7,322148E-9	2,132834E+0	1,742106E-2
2,431700E+3	5,337568E-7	3,654263E-9	2,162411E+0	1,025060E-2
2,432000E+3	5,235076E-7	3,160635E-9	2,154606E+0	7,518849E-3
2,432300E+3	5,273275E-7	3,209125E-9	2,181652E+0	8,391031E-3
2,432600E+3	5,115095E-7	5,657229E-9	2,208661E+0	9,141692E-3
2,432900E+3	5,233404E-7	4,441530E-9	2,210567E+0	6,960779E-3
2,433200E+3	5,216812E-7	4,435324E-9	2,248299E+0	1,226957E-2
2,433500E+3	5,188121E-7	3,865930E-9	2,261678E+0	8,013569E-3
2,433800E+3	5,116837E-7	4,838542E-9	2,276522E+0	1,096573E-2
2,434100E+3	5,083988E-7	4,815852E-9	2,322063E+0	1,531173E-2
2,434400E+3	4,956621E-7	5,799425E-9	2,319615E+0	1,496329E-2
2,434700E+3	4,886916E-7	5,691587E-9	2,340060E+0	1,511310E-2
2,435000E+3	4,665180E-7	5,693724E-9	2,359058E+0	1,390622E-2
2,435300E+3	4,709782E-7	7,124809E-9	2,371923E+0	1,515062E-2
2,435600E+3	4,713136E-7	7,249115E-9	2,404035E+0	1,382910E-2
2,435900E+3	4,631054E-7	6,914364E-9	2,420256E+0	1,270213E-2
2,436200E+3	4,569898E-7	8,144555E-9	2,398170E+0	1,036732E-2
2,436500E+3	4,553890E-7	7,966636E-9	2,453808E+0	1,574334E-2
2,436800E+3	4,370382E-7	7,443149E-9	2,457952E+0	1,481418E-2
2,437100E+3	4,376185E-7	9,556178E-9	2,481677E+0	2,182623E-2
2,437400E+3	4,404434E-7	7,432537E-9	2,468721E+0	1,166027E-2
2,437700E+3	4,061110E-7	1,608992E-8	2,504747E+0	3,351064E-2
2,438000E+3	4,302548E-7	9,502897E-9	2,496745E+0	2,458780E-2
2,438300E+3	4,523950E-7	1,595840E-8	2,505519E+0	2,277776E-2
2,438600E+3	4,160555E-7	7,006993E-9	2,519490E+0	1,395802E-2
2,438900E+3	4,036503E-7	5,966580E-9	2,561692E+0	1,842737E-2
2,439200E+3	4,176431E-7	2,071644E-8	2,496232E+0	4,055998E-2
2,439500E+3	4,051761E-7	1,035503E-8	2,557678E+0	3,967070E-2
2,439800E+3	3,899253E-7	1,743143E-8	2,572750E+0	4,289680E-2
2,440100E+3	4,052877E-7	8,388144E-9	2,571411E+0	2,528353E-2
2,440400E+3	3,876462E-7	9,828687E-9	2,613576E+0	1,570108E-2
2,440700E+3	3,728484E-7	7,588357E-9	2,585769E+0	1,791088E-2
2,441000E+3	3,900099E-7	7,582028E-9	2,628952E+0	1,351414E-2
2,441300E+3	3,736533E-7	8,485976E-9	2,642705E+0	2,129389E-2
2,441600E+3	3,654828E-7	7,871816E-9	2,613810E+0	1,598229E-2
2,441900E+3	3,452497E-7	8,070959E-9	2,613074E+0	2,126193E-2
2,442200E+3	3,630431E-7	6,588205E-9	2,627765E+0	1,900201E-2
2,442500E+3	3,596753E-7	6,819700E-9	2,612988E+0	2,220726E-2
2,442800E+3	3,579395E-7	6,666292E-9	2,662565E+0	1,929267E-2
2,443100E+3	3,585760E-7	6,837519E-9	2,675316E+0	1,317591E-2
2,443400E+3	3,558436E-7	1,074910E-8	2,680813E+0	2,365444E-2
2,443700E+3	3,553660E-7	8,690507E-9	2,681256E+0	2,381602E-2
2,444000E+3	3,443393E-7	7,054193E-9	2,665558E+0	2,542647E-2
2,444300E+3	3,393686E-7	5,399569E-9	2,659836E+0	1,003577E-2
2,444600E+3	3,233207E-7	3,618180E-9	2,668259E+0	1,175302E-2
2,444900E+3	3,362298E-7	3,360019E-9	2,672386E+0	1,796262E-2
2,445200E+3	3,053411E-7	8,035507E-9	2,645373E+0	1,911396E-2
2,445500E+3	3,376403E-7	8,204750E-9	2,672294E+0	2,471766E-2
2,445800E+3	3,277361E-7	6,022012E-9	2,702431E+0	1,536498E-2
2,446100E+3	3,239337E-7	4,394638E-9	2,672793E+0	6,993096E-3
2,446400E+3	3,154265E-7	3,293473E-9	2,697961E+0	1,037632E-2
2,446700E+3	3,128494E-7	4,231917E-9	2,703360E+0	1,141245E-2
2,447000E+3	3,088879E-7	3,687024E-9	2,709694E+0	1,463806E-2
2,447300E+3	3,139041E-7	4,725151E-9	2,731867E+0	1,739225E-2
2,447600E+3	3,022041E-7	5,244902E-9	2,707085E+0	1,788486E-2
2,447900E+3	3,094074E-7	4,741077E-9	2,756767E+0	1,914385E-2
2,448200E+3	3,041721E-7	7,760773E-9	2,754715E+0	2,150715E-2
2,448500E+3	3,034848E-7	6,909195E-9	2,726760E+0	2,864996E-2
2,448800E+3	3,035961E-7	8,189950E-9	2,869895E+0	2,589379E-2
2,449100E+3	3,385248E-7	1,038974E-8	2,663493E+0	5,242994E-2
2,449400E+3	2,978453E-7	1,146658E-8	2,442023E+0	2,929944E-1
2,449700E+3	2,776426E-7	1,643104E-8	2,766171E+0	5,741487E-2
2,450000E+3	3,357493E-7	2,395987E-8	1,966025E+0	3,824136E-1
2,450300E+3	4,430051E-7	5,002708E-8	1,299303E+0	5,179130E-1
2,450600E+3	2,914959E-7	1,872255E-8	2,155866E+0	3,894560E-1
2,450900E+3	2,743363E-7	9,346022E-9	2,840342E+0	4,692390E-2
2,451200E+3	2,655717E-7	1,075239E-8	2,796347E+0	2,990642E-2
2,451500E+3	2,975018E-7	1,027948E-8	2,764450E+0	3,760669E-2
2,451800E+3	2,593297E-7	1,109321E-8	2,772392E+0	3,072191E-2
2,452100E+3	2,807554E-7	6,733317E-9	2,798120E+0	3,402094E-2
2,452400E+3	2,805555E-7	9,215613E-9	2,790649E+0	2,725684E-2
2,452700E+3	2,604566E-7	8,199342E-9	2,759664E+0	3,149895E-2
2,453000E+3	2,659894E-7	8,582878E-9	2,849145E+0	1,833265E-2
2,453300E+3	2,690931E-7	7,447796E-9	2,873855E+0	1,666442E-2
2,453600E+3	2,566698E-7	7,593590E-9	2,825258E+0	2,280062E-2
2,453900E+3	2,560129E-7	8,621926E-9	2,859222E+0	3,002614E-2
2,454200E+3	4,335957E-7	3,084321E-8	4,800686E-2	5,453166E-1
2,454500E+3	2,863408E-7	3,329212E-8	5,771868E-1	5,176584E-1
2,454800E+3	2,576910E-7	8,430383E-9	2,860476E+0	3,871897E-2
2,455100E+3	2,654988E-7	1,909173E-8	1,916666E+0	4,659298E-1
