Frequenz (Hz), Amplitude (V), FehlerAmp (V), Phase, FehlerPhase2,407000E+3	2,471685E-7	2,934140E-9	5,310830E-1	9,947159E-3
2,408000E+3	2,385861E-7	3,461359E-9	6,354197E-1	1,430923E-2
2,409000E+3	2,003416E-7	2,065283E-9	6,606350E-1	8,330392E-3
2,410000E+3	1,984737E-7	2,600205E-9	6,111457E-1	1,530628E-2
2,411000E+3	3,120030E-7	8,381925E-9	7,597314E-1	1,722397E-2
2,412000E+3	3,428725E-7	4,390750E-9	7,920132E-1	1,508654E-2
2,413000E+3	3,616805E-7	4,086508E-9	8,853809E-1	1,446061E-2
2,414000E+3	3,905919E-7	5,018309E-9	9,470461E-1	6,051637E-3
2,415000E+3	4,069313E-7	1,618598E-9	1,022114E+0	9,516639E-3
2,416000E+3	4,375877E-7	4,589470E-9	1,173636E+0	1,293627E-2
2,417000E+3	4,584671E-7	3,334822E-9	1,224820E+0	1,108427E-2
2,418000E+3	4,690729E-7	5,704249E-9	1,359445E+0	1,374677E-2
2,419000E+3	4,798089E-7	4,831070E-9	1,516838E+0	1,697550E-2
2,420000E+3	4,481784E-7	5,455247E-9	1,765000E+0	1,668227E-2
2,421000E+3	3,983624E-7	2,982948E-9	1,913785E+0	6,676001E-3
2,422000E+3	4,010844E-7	1,875998E-9	2,024291E+0	1,570665E-2
2,423000E+3	4,084487E-7	3,910103E-9	2,056646E+0	1,231839E-2
2,424000E+3	4,025317E-7	6,114862E-9	2,115521E+0	1,268045E-2
2,425000E+3	3,688718E-7	1,074889E-8	2,109587E+0	2,137648E-2
2,426000E+3	3,994353E-7	2,288070E-8	2,012849E+0	3,375791E-2
2,427000E+3	3,854295E-7	3,945484E-9	2,192027E+0	1,326116E-2
2,428000E+3	4,044361E-7	4,447434E-9	2,205970E+0	1,139126E-2
2,429000E+3	3,833161E-7	3,524957E-9	2,207682E+0	5,946403E-3
2,430000E+3	3,630073E-7	3,713995E-9	2,234065E+0	1,085956E-2
2,431000E+3	3,554365E-7	4,807974E-9	2,285240E+0	2,390701E-2
2,432000E+3	3,484092E-7	2,862025E-9	2,320141E+0	1,005725E-2
2,433000E+3	3,345238E-7	2,485499E-9	2,350185E+0	4,533564E-3
2,434000E+3	3,093685E-7	1,697879E-9	2,389904E+0	8,577386E-3
2,435000E+3	3,096718E-7	4,133669E-9	2,436515E+0	1,162470E-2
2,436000E+3	3,031703E-7	3,689432E-9	2,458919E+0	1,178881E-2
2,437000E+3	3,058524E-7	2,730983E-9	2,511252E+0	9,542640E-3
2,438000E+3	2,674170E-7	6,652860E-9	2,543378E+0	2,356213E-2
2,439000E+3	2,759312E-7	4,623190E-9	2,593455E+0	1,906946E-2
2,440000E+3	2,613848E-7	2,537078E-9	2,594780E+0	9,250158E-3
2,441000E+3	2,575754E-7	3,872200E-9	2,574936E+0	1,412145E-2
2,442000E+3	2,498718E-7	3,985142E-9	2,720368E+0	6,962932E-3
2,443000E+3	2,434572E-7	2,353023E-9	2,678600E+0	1,787936E-2
2,444000E+3	2,381602E-7	3,159267E-9	2,670634E+0	1,092349E-2
2,445000E+3	2,377034E-7	2,586997E-9	2,684128E+0	1,115402E-2
2,446000E+3	1,679011E-7	1,035083E-8	2,741178E+0	1,299781E-2
