14.7192590784
15.2126919306
15.0280303016
18.2629625091
14.7348148134
15.1826924984
15.6598429042
20.4453613242
14.8029850739
15.0666662969
14.928195853
14.9736838448
14.9646612863
22.3607954545
14.727984891
15.1091603068
14.9105264979
14.9116543218
15.221538463
15.0090905392
14.912686203
15.0276517001
14.8548509292
15.1263358793
14.7792590784
15.1503813067
14.6382349379
15.0659094615
14.9003759398
14.9409090895
15.0492426094
14.8507466334
14.905263155
15.039394124
14.8114818432
14.8969928483
14.882835821
15.0378786036
18.5616820148
18.7880957013
15.1877858875
15.346538463
14.8682835814
15.1064390233
15.0473488533
15.126335508
14.9293236768
15.118320425
14.7835824525
15.2411536584
15.7369051509
18.7367922225
15.0999999999
15.1276515153
14.8586469808
15.4375970881
14.7902983267
15.3138463424
14.7988809614
14.8725563924
15.152672127
14.9537597653
14.8712690215
14.9661650478
15.0105261319
14.9120300766
14.9863634543
15.1041670369
14.9744360895
14.9325761289
14.7514927209
14.9086462465
14.8264925373
15.1305339755
14.9364659804
15.0689395788
16.3545454553
15.0564392083
14.9795456366
17.0870691764
14.820149621
14.9946966027
14.9695485051
15.123664492
14.9424808357
15.0053026604
14.7574072273
14.8839552242
14.7932833985
15.0765147787
14.9646614691
15.2015267183
14.8774436076
18.3814814819
15.0231060602
15.0810602362
14.9285714286
16.5908331315
15.0992427938
15.0151518836
14.9139099578
15.1664125865
14.9082708574
15.0048870346
14.8488807785
15.0844698819
14.9364663461
15.5042972565
14.9757573894
15.0157898408
14.9041351555
14.9364658012
14.8413532013
15.204962017
25.8532891524
15.0371212092
14.8868422903
14.8936092047
14.9784094637
15.1080154535
14.5638682564
17.9481986385
14.8656718242
15.1259538272
14.8779847088
14.8208958854
15.0412876967
15.1633591543
14.7828354551
18.1857802627
15.0018800667
15.0503786044
14.9135338346
14.8635334646
14.9878789728
15.2411538491
14.7835820896
15.0602269028
14.9285710629
14.9999998172
15.2038169817
14.9379702923
15.0526513331
15.1671759482
14.8048507491
15.2573078816
15.0022558234
14.8552242464
14.9533832736
15.0253791574
15.0738632679
15.2606870227
14.90902274
15.1152675498
14.7577781395
15.0499999993
14.8710530001
15.2134613477
14.8740599639
15.0821973411
14.9447368419
15.1389311143
14.9684214198
15.1225190854
19.6633668182
15.1137402731
23.8743899508
15.0378784194
14.6397058824
15.0106064334
15.0193179954
22.6937502772
15.0210526312
14.9916666638
14.7396292686
15.1412215597
14.7865667984
14.8686568986
14.8879702934
15.2588457768
14.7369404835
14.8503757563
15.221153472
14.8044774301
14.8026121232
15.4003872188
15.0015155221
14.9406013202
14.702592772
15.1332061054
14.9206766903
14.9011197677
