18.1174307482
19.0357145182
22.8454025806
34.4210530582
22.1792137596
17.6265482407
9.63043466513
35.9324064961
11.8392215546
19.2679606873
18.2376142292
15.9701608996
20.304639423
46.1964285714
14.6621325332
16.6229166667
20.5030922804
17.9238734331
16.4637504101
23.0965119129
11.9439759025
22.0277772347
16.0016125095
14.8246272286
16.5116664648
11.3585715682
12.5705699287
15.4503875969
22.4340911887
20.5098960797
16.9243589711
11.6797057376
16.4144628107
23.0788235384
21.7818675932
14.8650372297
21.7043961431
17.7923419024
34.3368425369
40.2102045818
28.5811601307
27.6169013977
15.6606301135
13.0888156295
13.1427149109
11.1794945189
19.0725963849
15.3357694186
21.2139784956
19.1019233098
28.747793394
37.4365379627
12.9313728669
15.5621095672
19.9767674292
27.7131947834
21.1335106403
14.3355070681
12.9123376623
11.4572255735
25.3346150716
12.2472220703
18.2944949647
13.5811647193
17.752678786
20.6859369874
18.5733644862
19.9156568123
12.5857591848
12.8683870962
20.7442102733
12.2790126477
17.0737066865
13.5969178056
12.0503033262
21.8923082286
26.0993326823
19.4249997606
14.7914813006
28.0992857252
14.3673914826
16.5537495931
13.7854170071
15.4395348841
9.21180566814
16.0233869014
13.384899493
13.4931974476
13.2143334961
20.7031576357
14.8197763002
26.6972979468
15.0678026604
30.4146161373
13.3777027033
15.747222223
10.5441486785
28.9889709459
12.0727271253
8.81283185756
11.1385474871
24.0329268269
10.4944441861
15.4281248078
17.9630630628
15.50781288
28.6355068925
10.7652176567
10.8254095713
19.2169898181
16.2188524575
15.2599998107
20.832631066
10.5291006603
46.3535708473
22.4505681775
13.4179055691
13.5969181453
12.0166663719
24.5030864198
10.0174244871
31.4387100589
12.0412124171
16.6857142857
16.2319676133
11.8535715739
15.934000391
16.2795077934
16.6133335372
31.4317456503
6.41141479115
20.5734372536
20.7315789474
12.4644651023
17.9695458976
12.7766028773
16.1745905642
15.079924056
20.1363631427
14.4927010849
15.9011999969
11.6950000006
10.78125
13.7690973944
28.8198522119
16.50625
14.6540737152
21.1861699541
17.5393803183
11.3839998599
20.2214290658
16.9358970202
13.0720396356
24.9753170738
16.7940680051
20.4865981918
11.8220235194
19.4911764697
17.4298245614
18.3300923683
19.0524038535
22.4448860884
11.4644505826
11.7869822485
35.3866075788
12.6531647115
47.9926835037
17.9527277166
12.9477272715
19.787500248
8.1228572427
40.3571423511
15.2996153831
23.0255808276
11.9065868262
28.3221421582
9.96809020594
12.2632717556
16.8376064219
14.0616197183
23.987195422
12.245091725
9.88184091701
14.2726615178
17.1813047741
12.0715154474
20.419072161
12.2666663653
9.83960420306
21.0781917471
15.6507872108
18.7052376338
