0	-16777216.000000000	
1	-15998976.000000000	
2	-15761408.000000000	
3	-15855616.000000000	
4	-14976701.000000000	
5	-15338273.000000000	
6	-15044153.000000000	
7	-14365068.000000000	
8	-13959168.000000000	
9	-14474833.000000000	
10	-14887595.000000000	
11	-15094650.000000000	
12	-14984151.000000000	
13	-14699848.000000000	
14	-14566238.000000000	
15	-14407176.000000000	
16	-14062009.000000000	
17	-14054581.000000000	
18	-14390613.000000000	
19	-14404123.000000000	
20	-14420378.000000000	
21	-14566936.000000000	
22	-14396828.000000000	
23	-14096722.000000000	
24	-13910188.000000000	
25	-13944604.000000000	
26	-14107588.000000000	
27	-14255935.000000000	
28	-14242760.000000000	
29	-14171872.000000000	
30	-14188824.000000000	
31	-14350759.000000000	
32	-14326170.000000000	
33	-14207595.000000000	
34	-14056240.000000000	
35	-13761596.000000000	
36	-13762560.000000000	
37	-14028752.000000000	
38	-14161929.000000000	
39	-13969142.000000000	
40	-13817103.000000000	
41	-13836340.000000000	
42	-13789498.000000000	
43	-13734697.000000000	
44	-13694711.000000000	
45	-13677815.000000000	
46	-13698865.000000000	
47	-13742395.000000000	
48	-13656994.000000000	
49	-13410258.000000000	
50	-13371381.000000000	
51	-13552978.000000000	
52	-13616415.000000000	
53	-13350711.000000000	
54	-13207710.000000000	
55	-13350487.000000000	
56	-13369344.000000000	
57	-13319369.000000000	
58	-13433408.000000000	
59	-13408030.000000000	
60	-13364799.000000000	
61	-13420875.000000000	
62	-13425518.000000000	
63	-13367177.000000000	
64	-13244932.000000000	
65	-13287817.000000000	
66	-13386697.000000000	
67	-13472617.000000000	
68	-13465513.000000000	
69	-13359204.000000000	
70	-13250497.000000000	
71	-13214901.000000000	
72	-13216189.000000000	
73	-13221186.000000000	
74	-13172505.000000000	
75	-13045089.000000000	
76	-13039187.000000000	
77	-13240271.000000000	
78	-13261067.000000000	
79	-13007377.000000000	
80	-12903096.000000000	
81	-12918414.000000000	
82	-12895146.000000000	
83	-12747268.000000000	
84	-12706226.000000000	
85	-12766413.000000000	
86	-12798245.000000000	
87	-12742324.000000000	
88	-12657615.000000000	
89	-12648062.000000000	
90	-12574910.000000000	
91	-12555040.000000000	
92	-12720332.000000000	
93	-12776566.000000000	
94	-12679664.000000000	
95	-12623353.000000000	
96	-12583091.000000000	
97	-12657127.000000000	
98	-12782499.000000000	
99	-12779347.000000000	
100	-12724961.000000000	
101	-12739517.000000000	
102	-12829051.000000000	
103	-12812872.000000000	
104	-12816663.000000000	
105	-12875858.000000000	
106	-12779196.000000000	
107	-12639292.000000000	
108	-12596274.000000000	
109	-12548569.000000000	
110	-12662681.000000000	
111	-12738618.000000000	
112	-12697255.000000000	
113	-12594316.000000000	
114	-12509826.000000000	
115	-12482812.000000000	
116	-12564675.000000000	
117	-12590406.000000000	
118	-12522036.000000000	
119	-12426523.000000000	
120	-12360777.000000000	
121	-12192824.000000000	
122	-12013665.000000000	
123	-11956679.000000000	
124	-11897839.000000000	
125	-11836270.000000000	
126	-11872119.000000000	
127	-11924296.000000000	
128	-12038573.000000000	
129	-12115618.000000000	
130	-12056373.000000000	
131	-11920854.000000000	
132	-11887211.000000000	
133	-11933510.000000000	
134	-11915730.000000000	
135	-11888154.000000000	
136	-11909425.000000000	
137	-11961263.000000000	
138	-11902836.000000000	
139	-11848636.000000000	
140	-11880705.000000000	
141	-11896740.000000000	
142	-11933862.000000000	
143	-11945141.000000000	
144	-11874812.000000000	
145	-11878668.000000000	
146	-11953766.000000000	
147	-11967530.000000000	
148	-12030338.000000000	
149	-12071107.000000000	
150	-12081044.000000000	
151	-12189468.000000000	
152	-12281877.000000000	
153	-12342163.000000000	
154	-12382607.000000000	
155	-12357931.000000000	
156	-12334804.000000000	
157	-12330428.000000000	
158	-12421802.000000000	
159	-12596149.000000000	
160	-12641549.000000000	
161	-12561495.000000000	
162	-12541951.000000000	
163	-12583865.000000000	
164	-12569237.000000000	
165	-12494590.000000000	
166	-12412061.000000000	
167	-12292548.000000000	
168	-12181273.000000000	
169	-12091902.000000000	
170	-11971885.000000000	
171	-11841649.000000000	
172	-11749912.000000000	
173	-11636680.000000000	
174	-11476137.000000000	
175	-11287172.000000000	
176	-11111393.000000000	
177	-11064271.000000000	
178	-10995409.000000000	
179	-10873675.000000000	
180	-10708659.000000000	
181	-10587260.000000000	
182	-10519713.000000000	
183	-10457000.000000000	
184	-10393503.000000000	
185	-10348526.000000000	
186	-10289987.000000000	
187	-10171280.000000000	
188	-10096858.000000000	
189	-9967596.000000000	
190	-9864031.000000000	
191	-9868176.000000000	
192	-9872110.000000000	
193	-9777460.000000000	
194	-9687040.000000000	
195	-9664435.000000000	
196	-9634849.000000000	
197	-9615218.000000000	
198	-9602202.000000000	
199	-9536486.000000000	
200	-9391421.000000000	
201	-9399305.000000000	
202	-9433424.000000000	
203	-9389174.000000000	
204	-9424223.000000000	
205	-9426739.000000000	
206	-9417657.000000000	
207	-9458807.000000000	
208	-9514183.000000000	
209	-9563297.000000000	
210	-9635354.000000000	
211	-9720136.000000000	
212	-9789725.000000000	
213	-9879633.000000000	
214	-10034030.000000000	
215	-10166593.000000000	
216	-10289552.000000000	
217	-10429063.000000000	
218	-10519122.000000000	
219	-10587731.000000000	
220	-10686533.000000000	
221	-10832522.000000000	
222	-10929957.000000000	
223	-10961709.000000000	
224	-11052685.000000000	
225	-11216567.000000000	
226	-11385905.000000000	
227	-11549026.000000000	
228	-11706624.000000000	
229	-11841630.000000000	
230	-11983017.000000000	
231	-12113462.000000000	
232	-12264913.000000000	
233	-12504239.000000000	
234	-12795257.000000000	
235	-12935453.000000000	
236	-13023211.000000000	
237	-13167269.000000000	
238	-13267480.000000000	
239	-13360664.000000000	
240	-13549820.000000000	
241	-13706417.000000000	
242	-13810014.000000000	
243	-13955539.000000000	
244	-14073164.000000000	
245	-14219124.000000000	
246	-14376266.000000000	
247	-14456847.000000000	
248	-14562028.000000000	
249	-14709637.000000000	
250	-14847979.000000000	
251	-14924497.000000000	
252	-15023389.000000000	
253	-15175308.000000000	
254	-15265668.000000000	
255	-15321244.000000000	
256	-15385893.000000000	
257	-15481089.000000000	
258	-15610828.000000000	
259	-15711945.000000000	
260	-15777605.000000000	
261	-15858186.000000000	
262	-15938710.000000000	
263	-15988941.000000000	
264	-16012933.000000000	
265	-16025509.000000000	
266	-16063403.000000000	
267	-16116153.000000000	
268	-16181513.000000000	
269	-16236134.000000000	
270	-16270223.000000000	
271	-16296766.000000000	
272	-16309752.000000000	
273	-16323658.000000000	
274	-16385261.000000000	
275	-16456830.000000000	
276	-16484558.000000000	
277	-16482990.000000000	
278	-16487435.000000000	
279	-16503223.000000000	
280	-16505308.000000000	
281	-16502454.000000000	
282	-16515249.000000000	
283	-16527048.000000000	
284	-16518048.000000000	
285	-16540733.000000000	
286	-16592765.000000000	
287	-16598025.000000000	
288	-16579462.000000000	
289	-16577314.000000000	
290	-16566294.000000000	
291	-16593865.000000000	
292	-16635640.000000000	
293	-16646658.000000000	
294	-16642778.000000000	
295	-16628537.000000000	
296	-16625557.000000000	
297	-16625690.000000000	
298	-16648172.000000000	
299	-16655974.000000000	
300	-16635989.000000000	
301	-16640446.000000000	
302	-16675407.000000000	
303	-16697001.000000000	
304	-16711334.000000000	
305	-16710994.000000000	
306	-16699181.000000000	
307	-16679332.000000000	
308	-16686778.000000000	
309	-16702492.000000000	
310	-16696273.000000000	
311	-16697600.000000000	
312	-16691103.000000000	
313	-16689218.000000000	
314	-16693598.000000000	
315	-16690035.000000000	
316	-16674393.000000000	
317	-16683437.000000000	
318	-16696266.000000000	
319	-16699951.000000000	
320	-16706688.000000000	
321	-16713117.000000000	
322	-16708232.000000000	
323	-16679580.000000000	
324	-16649294.000000000	
325	-16661523.000000000	
326	-16696005.000000000	
327	-16715906.000000000	
328	-16718850.000000000	
329	-16704677.000000000	
330	-16699773.000000000	
331	-16695459.000000000	
332	-16706513.000000000	
333	-16720974.000000000	
334	-16728665.000000000	
335	-16726197.000000000	
336	-16722803.000000000	
337	-16716141.000000000	
338	-16703890.000000000	
339	-16699621.000000000	
340	-16695842.000000000	
341	-16712590.000000000	
342	-16724527.000000000	
343	-16718232.000000000	
344	-16714692.000000000	
345	-16700581.000000000	
346	-16680902.000000000	
347	-16698306.000000000	
348	-16725506.000000000	
349	-16736829.000000000	
350	-16730073.000000000	
351	-16703686.000000000	
352	-16690286.000000000	
353	-16712062.000000000	
354	-16725463.000000000	
355	-16724351.000000000	
356	-16716390.000000000	
357	-16717984.000000000	
358	-16702439.000000000	
359	-16684090.000000000	
360	-16689173.000000000	
361	-16697042.000000000	
362	-16707611.000000000	
363	-16715970.000000000	
364	-16723850.000000000	
365	-16727940.000000000	
366	-16725256.000000000	
367	-16725499.000000000	
368	-16729789.000000000	
369	-16723123.000000000	
370	-16687897.000000000	
371	-16672375.000000000	
372	-16678164.000000000	
373	-16698079.000000000	
374	-16701679.000000000	
375	-16709551.000000000	
376	-16718722.000000000	
377	-16712457.000000000	
378	-16712270.000000000	
379	-16712587.000000000	
380	-16708575.000000000	
381	-16710311.000000000	
382	-16701070.000000000	
383	-16693087.000000000	
384	-16698596.000000000	
385	-16709517.000000000	
386	-16700417.000000000	
387	-16692664.000000000	
388	-16712346.000000000	
389	-16733983.000000000	
390	-16744401.000000000	
391	-16744356.000000000	
392	-16741286.000000000	
393	-16730453.000000000	
394	-16721304.000000000	
395	-16705366.000000000	
396	-16698474.000000000	
397	-16709321.000000000	
398	-16708020.000000000	
399	-16703689.000000000	
400	-16714490.000000000	
401	-16711244.000000000	
402	-16707408.000000000	
403	-16707765.000000000	
404	-16681629.000000000	
405	-16659221.000000000	
406	-16685689.000000000	
407	-16698445.000000000	
408	-16693794.000000000	
409	-16705315.000000000	
410	-16718162.000000000	
411	-16716368.000000000	
412	-16713594.000000000	
413	-16698147.000000000	
414	-16692943.000000000	
415	-16693754.000000000	
416	-16687482.000000000	
417	-16699851.000000000	
418	-16726647.000000000	
419	-16732566.000000000	
420	-16721136.000000000	
421	-16722383.000000000	
422	-16712656.000000000	
423	-16692517.000000000	
424	-16701094.000000000	
425	-16710610.000000000	
426	-16710096.000000000	
427	-16715344.000000000	
428	-16718586.000000000	
429	-16707921.000000000	
430	-16694395.000000000	
431	-16702329.000000000	
432	-16706596.000000000	
433	-16697082.000000000	
434	-16708474.000000000	
435	-16733735.000000000	
436	-16728487.000000000	
437	-16703143.000000000	
438	-16703313.000000000	
439	-16704507.000000000	
440	-16702886.000000000	
441	-16710814.000000000	
442	-16724598.000000000	
443	-16707782.000000000	
444	-16686968.000000000	
445	-16678773.000000000	
446	-16683167.000000000	
447	-16689954.000000000	
448	-16700238.000000000	
449	-16708984.000000000	
450	-16715686.000000000	
451	-16722813.000000000	
452	-16728573.000000000	
453	-16723709.000000000	
454	-16711550.000000000	
455	-16695847.000000000	
456	-16678524.000000000	
457	-16677459.000000000	
458	-16696274.000000000	
459	-16699431.000000000	
460	-16705873.000000000	
461	-16712999.000000000	
462	-16728830.000000000	
463	-16731816.000000000	
464	-16712231.000000000	
465	-16707025.000000000	
466	-16721405.000000000	
467	-16731817.000000000	
468	-16720978.000000000	
469	-16706769.000000000	
470	-16705318.000000000	
471	-16691325.000000000	
472	-16680957.000000000	
473	-16685178.000000000	
474	-16676901.000000000	
475	-16658000.000000000	
476	-16648868.000000000	
477	-16671180.000000000	
478	-16702371.000000000	
479	-16691537.000000000	
480	-16690640.000000000	
481	-16695077.000000000	
482	-16684243.000000000	
483	-16692515.000000000	
484	-16694478.000000000	
485	-16685607.000000000	
486	-16686672.000000000	
487	-16682705.000000000	
488	-16659580.000000000	
489	-16658768.000000000	
490	-16683641.000000000	
491	-16673404.000000000	
492	-16657190.000000000	
493	-16669905.000000000	
494	-16680274.000000000	
495	-16680443.000000000	
496	-16670888.000000000	
497	-16644348.000000000	
498	-16641789.000000000	
499	-16670929.000000000	
500	-16673533.000000000	
501	-16659921.000000000	
502	-16664826.000000000	
503	-16690768.000000000	
504	-16705063.000000000	
505	-16698960.000000000	
506	-16689488.000000000	
507	-16678432.000000000	
508	-16656199.000000000	
509	-16640800.000000000	
510	-16646480.000000000	
511	-16650705.000000000	
512	-16644689.000000000	
513	-16653733.000000000	
514	-16663589.000000000	
515	-16666789.000000000	
516	-16678905.000000000	
517	-16677158.000000000	
518	-16670801.000000000	
519	-16685095.000000000	
520	-16673916.000000000	
521	-16655144.000000000	
522	-16649850.000000000	
523	-16637930.000000000	
524	-16628587.000000000	
525	-16646478.000000000	
526	-16667005.000000000	
527	-16673277.000000000	
528	-16669907.000000000	
529	-16665940.000000000	
530	-16659068.000000000	
531	-16653436.000000000	
532	-16668708.000000000	
533	-16667003.000000000	
534	-16665768.000000000	
535	-16666706.000000000	
536	-16664998.000000000	
537	-16670760.000000000	
538	-16679551.000000000	
539	-16685645.000000000	
540	-16688372.000000000	
541	-16685818.000000000	
542	-16674471.000000000	
543	-16670034.000000000	
544	-16667472.000000000	
545	-16673320.000000000	
546	-16682366.000000000	
547	-16673749.000000000	
548	-16667517.000000000	
549	-16668925.000000000	
550	-16671699.000000000	
551	-16686079.000000000	
552	-16687782.000000000	
553	-16676430.000000000	
554	-16677584.000000000	
555	-16688425.000000000	
556	-16696275.000000000	
557	-16712318.000000000	
558	-16706853.000000000	
559	-16688594.000000000	
560	-16676690.000000000	
561	-16665851.000000000	
562	-16677584.000000000	
563	-16703187.000000000	
564	-16691666.000000000	
565	-16658041.000000000	
566	-16663377.000000000	
567	-16680059.000000000	
568	-16685944.000000000	
569	-16660513.000000000	
570	-16649594.000000000	
571	-16642512.000000000	
572	-16680872.000000000	
573	-16687443.000000000	
574	-16690982.000000000	
575	-16696529.000000000	
576	-16705917.000000000	
577	-16703273.000000000	
578	-16693245.000000000	
579	-16690342.000000000	
580	-16686928.000000000	
581	-16693371.000000000	
582	-16709415.000000000	
583	-16706686.000000000	
584	-16684713.000000000	
585	-16685779.000000000	
586	-16701224.000000000	
587	-16701223.000000000	
588	-16683772.000000000	
589	-16666279.000000000	
590	-16674642.000000000	
591	-16687271.000000000	
592	-16685480.000000000	
593	-16681040.000000000	
594	-16678648.000000000	
595	-16692048.000000000	
596	-16706554.000000000	
597	-16713550.000000000	
598	-16710011.000000000	
599	-16689786.000000000	
600	-16684839.000000000	
601	-16701009.000000000	
602	-16704082.000000000	
603	-16710781.000000000	
604	-16718541.000000000	
605	-16712056.000000000	
606	-16703397.000000000	
607	-16698535.000000000	
608	-16695291.000000000	
609	-16705914.000000000	
610	-16712997.000000000	
611	-16707751.000000000	
612	-16699646.000000000	
613	-16708817.000000000	
614	-16721020.000000000	
615	-16709712.000000000	
616	-16703695.000000000	
617	-16699601.000000000	
618	-16684668.000000000	
619	-16676904.000000000	
620	-16683818.000000000	
621	-16690598.000000000	
622	-16689697.000000000	
623	-16695021.000000000	
624	-16689134.000000000	
625	-16681464.000000000	
626	-16681425.000000000	
627	-16668540.000000000	
628	-16673489.000000000	
629	-16683771.000000000	
630	-16681682.000000000	
631	-16678396.000000000	
632	-16679419.000000000	
633	-16682834.000000000	
634	-16692649.000000000	
635	-16700243.000000000	
636	-16695721.000000000	
637	-16702121.000000000	
638	-16714964.000000000	
639	-16709290.000000000	
640	-16691496.000000000	
641	-16683005.000000000	
642	-16674771.000000000	
643	-16660433.000000000	
644	-16675622.000000000	
645	-16693754.000000000	
646	-16695890.000000000	
647	-16698535.000000000	
648	-16705190.000000000	
649	-16708040.000000000	
650	-16697116.000000000	
651	-16675062.000000000	
652	-16658685.000000000	
653	-16654673.000000000	
654	-16669521.000000000	
655	-16684194.000000000	
656	-16688631.000000000	
657	-16676899.000000000	
658	-16670288.000000000	
659	-16696102.000000000	
660	-16710821.000000000	
661	-16709588.000000000	
662	-16704595.000000000	
663	-16685779.000000000	
664	-16671226.000000000	
665	-16676559.000000000	
666	-16685349.000000000	
667	-16673020.000000000	
668	-16670290.000000000	
669	-16671057.000000000	
670	-16668537.000000000	
671	-16662861.000000000	
672	-16667469.000000000	
673	-16682152.000000000	
674	-16683858.000000000	
675	-16679209.000000000	
676	-16677457.000000000	
677	-16673661.000000000	
678	-16671187.000000000	
679	-16668882.000000000	
680	-16659923.000000000	
681	-16653566.000000000	
682	-16655782.000000000	
683	-16663674.000000000	
684	-16657828.000000000	
685	-16654105.000000000	
686	-16673304.000000000	
687	-16684280.000000000	
688	-16677030.000000000	
689	-16669478.000000000	
690	-16655271.000000000	
691	-16640502.000000000	
692	-16639562.000000000	
693	-16624805.000000000	
694	-16585087.000000000	
695	-16591441.000000000	
696	-16616396.000000000	
697	-16628428.000000000	
698	-16610939.000000000	
699	-16603731.000000000	
700	-16620968.000000000	
701	-16621733.000000000	
702	-16605864.000000000	
703	-16598483.000000000	
704	-16597417.000000000	
705	-16598482.000000000	
706	-16592887.000000000	
707	-16567970.000000000	
708	-16555642.000000000	
709	-16557517.000000000	
710	-16550264.000000000	
711	-16528678.000000000	
712	-16504953.000000000	
713	-16482001.000000000	
714	-16434855.000000000	
715	-16379218.000000000	
716	-16348542.000000000	
717	-16307195.000000000	
718	-16274513.000000000	
719	-16258214.000000000	
720	-16219517.000000000	
721	-16165885.000000000	
722	-16108028.000000000	
723	-16025256.000000000	
724	-15935657.000000000	
725	-15888680.000000000	
726	-15847465.000000000	
727	-15777193.000000000	
728	-15679187.000000000	
729	-15608445.000000000	
730	-15584509.000000000	
731	-15535785.000000000	
732	-15453098.000000000	
733	-15363667.000000000	
734	-15313661.000000000	
735	-15326377.000000000	
736	-15329962.000000000	
737	-15307859.000000000	
738	-15343741.000000000	
739	-15405609.000000000	
740	-15418410.000000000	
741	-15415680.000000000	
742	-15418112.000000000	
743	-15480063.000000000	
744	-15580074.000000000	
745	-15666387.000000000	
746	-15772030.000000000	
747	-15895208.000000000	
748	-15981352.000000000	
749	-16013693.000000000	
750	-16019153.000000000	
751	-16035625.000000000	
752	-16074538.000000000	
753	-16104575.000000000	
754	-16096084.000000000	
755	-16096157.000000000	
756	-16075722.000000000	
757	-16022353.000000000	
758	-15979306.000000000	
759	-15954898.000000000	
760	-15929209.000000000	
761	-15882915.000000000	
762	-15813628.000000000	
763	-15721809.000000000	
764	-15600806.000000000	
765	-15456765.000000000	
766	-15310929.000000000	
767	-15192190.000000000	
768	-15093796.000000000	
769	-14970020.000000000	
770	-14798931.000000000	
771	-14652117.000000000	
772	-14536447.000000000	
773	-14381482.000000000	
774	-14201983.000000000	
775	-14050214.000000000	
776	-13921233.000000000	
777	-13855487.000000000	
778	-13828565.000000000	
779	-13791019.000000000	
780	-13791786.000000000	
781	-13819221.000000000	
782	-13834154.000000000	
783	-13862101.000000000	
784	-13902549.000000000	
785	-13964672.000000000	
786	-14089557.000000000	
787	-14269013.000000000	
788	-14418643.000000000	
789	-14528085.000000000	
790	-14686848.000000000	
791	-14880128.000000000	
792	-15044223.000000000	
793	-15182761.000000000	
794	-15274111.000000000	
795	-15332393.000000000	
796	-15436457.000000000	
797	-15544953.000000000	
798	-15599397.000000000	
799	-15616332.000000000	
800	-15620350.000000000	
801	-15584681.000000000	
802	-15523113.000000000	
803	-15442772.000000000	
804	-15358848.000000000	
805	-15294549.000000000	
806	-15239893.000000000	
807	-15177854.000000000	
808	-15076479.000000000	
809	-14956030.000000000	
810	-14846036.000000000	
811	-14756215.000000000	
812	-14639010.000000000	
813	-14515066.000000000	
814	-14419498.000000000	
815	-14304298.000000000	
816	-14239317.000000000	
817	-14225450.000000000	
818	-14164480.000000000	
819	-14096213.000000000	
820	-14049023.000000000	
821	-14075605.000000000	
822	-14158675.000000000	
823	-14168873.000000000	
824	-14193664.000000000	
825	-14348800.000000000	
826	-14515284.000000000	
827	-14675497.000000000	
828	-14887636.000000000	
829	-15048274.000000000	
830	-15191293.000000000	
831	-15342591.000000000	
832	-15515604.000000000	
833	-15725266.000000000	
834	-15874471.000000000	
835	-15967016.000000000	
836	-16076453.000000000	
837	-16140326.000000000	
838	-16159609.000000000	
839	-16206630.000000000	
840	-16277246.000000000	
841	-16324177.000000000	
842	-16344525.000000000	
843	-16334924.000000000	
844	-16357545.000000000	
845	-16379474.000000000	
846	-16367656.000000000	
847	-16335357.000000000	
848	-16321662.000000000	
849	-16371538.000000000	
850	-16433063.000000000	
851	-16431482.000000000	
852	-16423462.000000000	
853	-16466982.000000000	
854	-16497180.000000000	
855	-16484384.000000000	
856	-16482938.000000000	
857	-16479143.000000000	
858	-16472059.000000000	
859	-16506832.000000000	
860	-16513616.000000000	
861	-16475473.000000000	
862	-16483625.000000000	
863	-16491560.000000000	
864	-16510419.000000000	
865	-16491428.000000000	
866	-16495993.000000000	
867	-16532090.000000000	
868	-16552397.000000000	
869	-16534860.000000000	
870	-16528164.000000000	
871	-16523685.000000000	
872	-16517714.000000000	
873	-16534695.000000000	
874	-16549371.000000000	
875	-16543057.000000000	
876	-16547794.000000000	
877	-16558032.000000000	
878	-16569637.000000000	
879	-16582607.000000000	
880	-16553000.000000000	
881	-16535805.000000000	
882	-16543956.000000000	
883	-16553681.000000000	
884	-16543185.000000000	
885	-16534604.000000000	
886	-16539723.000000000	
887	-16557515.000000000	
888	-16570661.000000000	
889	-16556414.000000000	
890	-16534782.000000000	
891	-16537978.000000000	
892	-16531916.000000000	
893	-16511780.000000000	
894	-16511655.000000000	
895	-16532562.000000000	
896	-16546346.000000000	
897	-16552276.000000000	
898	-16553001.000000000	
899	-16549204.000000000	
900	-16543829.000000000	
901	-16516905.000000000	
902	-16493780.000000000	
903	-16487208.000000000	
904	-16469415.000000000	
905	-16454867.000000000	
906	-16484863.000000000	
907	-16492030.000000000	
908	-16454866.000000000	
909	-16424233.000000000	
910	-16413522.000000000	
911	-16413392.000000000	
912	-16409810.000000000	
913	-16407122.000000000	
914	-16406781.000000000	
915	-16377001.000000000	
916	-16300969.000000000	
917	-16256041.000000000	
918	-16245203.000000000	
919	-16218408.000000000	
920	-16154323.000000000	
921	-16073171.000000000	
922	-15986303.000000000	
923	-15872980.000000000	
924	-15720785.000000000	
925	-15554341.000000000	
926	-15371857.000000000	
927	-15157929.000000000	
928	-14912638.000000000	
929	-14615594.000000000	
930	-14301780.000000000	
931	-14007337.000000000	
932	-13747668.000000000	
933	-13484288.000000000	
934	-13211648.000000000	
935	-12994944.000000000	
936	-12831189.000000000	
937	-12694613.000000000	
938	-12608597.000000000	
939	-12556672.000000000	
940	-12517674.000000000	
941	-12586155.000000000	
942	-12805205.000000000	
943	-13047338.000000000	
944	-13266900.000000000	
945	-13510101.000000000	
946	-13791487.000000000	
947	-14068991.000000000	
948	-14242261.000000000	
949	-14335061.000000000	
950	-14455585.000000000	
951	-14566945.000000000	
952	-14557049.000000000	
953	-14465705.000000000	
954	-14343764.000000000	
955	-14155690.000000000	
956	-13887484.000000000	
957	-13594025.000000000	
958	-13192232.000000000	
959	-12685610.000000000	
960	-12284927.000000000	
961	-11962752.000000000	
962	-11527893.000000000	
963	-11009835.000000000	
964	-10577963.000000000	
965	-10262570.000000000	
966	-9963221.000000000	
967	-9648512.000000000	
968	-9372715.000000000	
969	-9213355.000000000	
970	-9269845.000000000	
971	-9467947.000000000	
972	-9712683.000000000	
973	-10104747.000000000	
974	-10651434.000000000	
975	-11170901.000000000	
976	-11598763.000000000	
977	-12056704.000000000	
978	-12558592.000000000	
979	-13047893.000000000	
980	-13442005.000000000	
981	-13667712.000000000	
982	-13793877.000000000	
983	-13835307.000000000	
984	-13781547.000000000	
985	-13685973.000000000	
986	-13552128.000000000	
987	-13360896.000000000	
988	-13159680.000000000	
989	-12906411.000000000	
990	-12618581.000000000	
991	-12397696.000000000	
992	-12147541.000000000	
993	-11852843.000000000	
994	-11614891.000000000	
995	-11429717.000000000	
996	-11297447.000000000	
997	-11266258.000000000	
998	-11349760.000000000	
999	-11425962.000000000	
1000	-11543211.000000000	
1001	-11806719.000000000	
1002	-12118783.000000000	
1003	-12427093.000000000	
1004	-12833835.000000000	
1005	-13350442.000000000	
1006	-13780473.000000000	
1007	-14053496.000000000	
1008	-14324517.000000000	
1009	-14616103.000000000	
1010	-14876755.000000000	
1011	-15104551.000000000	
1012	-15309737.000000000	
1013	-15415295.000000000	
1014	-15407103.000000000	
1015	-15414826.000000000	
1016	-15501013.000000000	
1017	-15612798.000000000	
1018	-15669074.000000000	
1019	-15727987.000000000	
1020	-15839263.000000000	
1021	-15932155.000000000	
1022	-15986472.000000000	
1023	-16028499.000000000	
1024	-16070354.000000000	
1025	-16101586.000000000	
1026	-16170407.000000000	
1027	-16228391.000000000	
1028	-16237309.000000000	
1029	-16249639.000000000	
1030	-16245497.000000000	
1031	-16222456.000000000	
1032	-16238632.000000000	
1033	-16270502.000000000	
1034	-16304764.000000000	
1035	-16319909.000000000	
1036	-16312744.000000000	
1037	-16304553.000000000	
1038	-16319316.000000000	
1039	-16353576.000000000	
1040	-16351397.000000000	
1041	-16336973.000000000	
1042	-16351395.000000000	
1043	-16354214.000000000	
1044	-16362366.000000000	
1045	-16352851.000000000	
1046	-16331815.000000000	
1047	-16336123.000000000	
1048	-16326181.000000000	
1049	-16313339.000000000	
1050	-16324262.000000000	
1051	-16321574.000000000	
1052	-16327719.000000000	
1053	-16330064.000000000	
1054	-16305273.000000000	
1055	-16279928.000000000	
1056	-16280738.000000000	
1057	-16302415.000000000	
1058	-16316709.000000000	
1059	-16344145.000000000	
1060	-16321699.000000000	
1061	-16289361.000000000	
1062	-16274427.000000000	
1063	-16255525.000000000	
1064	-16247249.000000000	
1065	-16219431.000000000	
1066	-16186323.000000000	
1067	-16166100.000000000	
1068	-16157565.000000000	
1069	-16119891.000000000	
1070	-16052350.000000000	
1071	-16000637.000000000	
1072	-15924176.000000000	
1073	-15821648.000000000	
1074	-15713576.000000000	
1075	-15555540.000000000	
1076	-15314687.000000000	
1077	-14989267.000000000	
1078	-14660252.000000000	
1079	-14335522.000000000	
1080	-13951826.000000000	
1081	-13490389.000000000	
1082	-12966356.000000000	
1083	-12424789.000000000	
1084	-11889280.000000000	
1085	-11458219.000000000	
1086	-11169536.000000000	
1087	-11000789.000000000	
1088	-10887083.000000000	
1089	-10773845.000000000	
1090	-10752853.000000000	
1091	-10913877.000000000	
1092	-11201920.000000000	
1093	-11563221.000000000	
1094	-11945557.000000000	
1095	-12348331.000000000	
1096	-12624981.000000000	
1097	-12758996.000000000	
1098	-12888530.000000000	
1099	-12921383.000000000	
1100	-12757760.000000000	
1101	-12462627.000000000	
1102	-12122061.000000000	
1103	-11673426.000000000	
1104	-11064021.000000000	
1105	-10373077.000000000	
1106	-9652523.000000000	
1107	-8920235.000000000	
1108	-8194773.500000000	
1109	-7463765.500000000	
1110	-6863274.500000000	
1111	-6466474.500000000	
1112	-6235050.500000000	
1113	-6259712.000000000	
1114	-6462762.500000000	
1115	-6808960.000000000	
1116	-7381290.500000000	
1117	-8104318.500000000	
1118	-8882857.000000000	
1119	-9701161.000000000	
1120	-10493867.000000000	
1121	-11209600.000000000	
1122	-11753429.000000000	
1123	-12092203.000000000	
1124	-12249771.000000000	
1125	-12211584.000000000	
1126	-12081451.000000000	
1127	-11973034.000000000	
1128	-11774464.000000000	
1129	-11437867.000000000	
1130	-11045632.000000000	
1131	-10650837.000000000	
1132	-10364075.000000000	
1133	-10166784.000000000	
1134	-9886720.000000000	
1135	-9645867.000000000	
1136	-9602603.000000000	
1137	-9629995.000000000	
1138	-9774592.000000000	
1139	-10113024.000000000	
1140	-10546176.000000000	
1141	-11019264.000000000	
1142	-11534720.000000000	
1143	-12053632.000000000	
1144	-12544640.000000000	
1145	-12965588.000000000	
1146	-13357610.000000000	
1147	-13691518.000000000	
1148	-13909674.000000000	
1149	-14089472.000000000	
1150	-14260693.000000000	
1151	-14405248.000000000	
1152	-14556501.000000000	
1153	-14750890.000000000	
1154	-14948522.000000000	
1155	-15120597.000000000	
1156	-15276885.000000000	
1157	-15356031.000000000	
1158	-15393194.000000000	
1159	-15507413.000000000	
1160	-15622099.000000000	
1161	-15665021.000000000	
1162	-15697747.000000000	
1163	-15734057.000000000	
1164	-15775615.000000000	
1165	-15815718.000000000	
1166	-15880443.000000000	
1167	-15939752.000000000	
1168	-15956477.000000000	
1169	-15964670.000000000	
1170	-16002259.000000000	
1171	-16038484.000000000	
1172	-16043775.000000000	
1173	-16047572.000000000	
1174	-16079529.000000000	
1175	-16077480.000000000	
1176	-16043813.000000000	
1177	-16028625.000000000	
1178	-16006862.000000000	
1179	-16030800.000000000	
1180	-16104186.000000000	
1181	-16077310.000000000	
1182	-16048041.000000000	
1183	-16076414.000000000	
1184	-16093097.000000000	
1185	-16096764.000000000	
1186	-16129021.000000000	
1187	-16137596.000000000	
1188	-16097273.000000000	
1189	-16060026.000000000	
1190	-16046889.000000000	
1191	-16037289.000000000	
1192	-16040573.000000000	
1193	-15992144.000000000	
1194	-15897639.000000000	
1195	-15859199.000000000	
1196	-15831209.000000000	
1197	-15777109.000000000	
1198	-15689812.000000000	
1199	-15555241.000000000	
1200	-15411199.000000000	
1201	-15240703.000000000	
1202	-14954580.000000000	
1203	-14605610.000000000	
1204	-14200234.000000000	
1205	-13669376.000000000	
1206	-13035008.000000000	
1207	-12383275.000000000	
1208	-11758848.000000000	
1209	-11159253.000000000	
1210	-10624555.000000000	
1211	-10228139.000000000	
1212	-10046720.000000000	
1213	-10001877.000000000	
1214	-10032043.000000000	
1215	-10143147.000000000	
1216	-10396629.000000000	
1217	-10803243.000000000	
1218	-11164672.000000000	
1219	-11364523.000000000	
1220	-11469183.000000000	
1221	-11459710.000000000	
1222	-11302698.000000000	
1223	-11028651.000000000	
1224	-10596907.000000000	
1225	-9954560.000000000	
1226	-9224320.000000000	
1227	-8470485.000000000	
1228	-7576405.500000000	
1229	-6589653.500000000	
1230	-5717930.500000000	
1231	-5055616.000000000	
1232	-4647765.500000000	
1233	-4498816.000000000	
1234	-4650880.000000000	
1235	-5083648.000000000	
1236	-5696981.500000000	
1237	-6485205.500000000	
1238	-7376426.500000000	
1239	-8207018.500000000	
1240	-8999936.000000000	
1241	-9699243.000000000	
1242	-10174677.000000000	
1243	-10417280.000000000	
1244	-10507776.000000000	
1245	-10471253.000000000	
1246	-10295765.000000000	
1247	-10042923.000000000	
1248	-9772416.000000000	
1249	-9481429.000000000	
1250	-9170176.000000000	
1251	-8871467.000000000	
1252	-8588160.000000000	
1253	-8345599.000000000	
1254	-8270079.000000000	
1255	-8404907.000000000	
1256	-8677205.000000000	
1257	-9080875.000000000	
1258	-9630157.000000000	
1259	-10257954.000000000	
1260	-10782036.000000000	
1261	-11204181.000000000	
1262	-11609429.000000000	
1263	-11923968.000000000	
1264	-12223445.000000000	
1265	-12583595.000000000	
1266	-12870101.000000000	
1267	-13127467.000000000	
1268	-13388843.000000000	
1269	-13602645.000000000	
1270	-13845546.000000000	
1271	-14103765.000000000	
1272	-14318890.000000000	
1273	-14483448.000000000	
1274	-14574073.000000000	
1275	-14684456.000000000	
1276	-14828245.000000000	
1277	-14958417.000000000	
1278	-15049809.000000000	
1279	-15133311.000000000	
1280	-15261055.000000000	
1281	-15371136.000000000	
1282	-15416744.000000000	
1283	-15423997.000000000	
1284	-15472084.000000000	
1285	-15555070.000000000	
1286	-15627432.000000000	
1287	-15671721.000000000	
1288	-15692842.000000000	
1289	-15722623.000000000	
1290	-15747027.000000000	
1291	-15750783.000000000	
1292	-15743827.000000000	
1293	-15763200.000000000	
1294	-15788286.000000000	
1295	-15787092.000000000	
1296	-15796565.000000000	
1297	-15831295.000000000	
1298	-15817343.000000000	
1299	-15795326.000000000	
1300	-15773395.000000000	
1301	-15742076.000000000	
1302	-15738438.000000000	
1303	-15742280.000000000	
1304	-15705037.000000000	
1305	-15652478.000000000	
1306	-15630718.000000000	
1307	-15603112.000000000	
1308	-15510484.000000000	
1309	-15347880.000000000	
1310	-15145940.000000000	
1311	-14911485.000000000	
1312	-14601642.000000000	
1313	-14177706.000000000	
1314	-13631147.000000000	
1315	-13017341.000000000	
1316	-12304427.000000000	
1317	-11557160.000000000	
1318	-10875648.000000000	
1319	-10280277.000000000	
1320	-9809195.000000000	
1321	-9544491.000000000	
1322	-9455872.000000000	
1323	-9423531.000000000	
1324	-9434965.000000000	
1325	-9549909.000000000	
1326	-9705003.000000000	
1327	-9774976.000000000	
1328	-9739819.000000000	
1329	-9595051.000000000	
1330	-9308586.000000000	
1331	-8895061.000000000	
1332	-8343680.000000000	
1333	-7609685.500000000	
1334	-6718378.500000000	
1335	-5769728.000000000	
1336	-4864213.500000000	
1337	-4221653.500000000	
1338	-3830826.750000000	
1339	-3697024.000000000	
1340	-3853482.750000000	
1341	-4198997.500000000	
1342	-4667776.000000000	
1343	-5246933.500000000	
1344	-6004224.000000000	
1345	-6795434.500000000	
1346	-7418922.500000000	
1347	-7876138.500000000	
1348	-8220330.500000000	
1349	-8481152.000000000	
1350	-8618965.000000000	
1351	-8658517.000000000	
1352	-8611072.000000000	
1353	-8458496.000000000	
1354	-8260224.000000000	
1355	-8081066.500000000	
1356	-7866496.000000000	
1357	-7660629.500000000	
1358	-7598890.500000000	
1359	-7728554.500000000	
1360	-7951871.000000000	
1361	-8216020.500000000	
1362	-8615082.000000000	
1363	-9065301.000000000	
1364	-9460565.000000000	
1365	-9873536.000000000	
1366	-10252160.000000000	
1367	-10619392.000000000	
1368	-10992512.000000000	
1369	-11314091.000000000	
1370	-11701503.000000000	
1371	-12093737.000000000	
1372	-12416340.000000000	
1373	-12692394.000000000	
1374	-12965504.000000000	
1375	-13235797.000000000	
1376	-13494950.000000000	
1377	-13743315.000000000	
1378	-13977723.000000000	
1379	-14121683.000000000	
1380	-14272596.000000000	
1381	-14483327.000000000	
1382	-14655274.000000000	
1383	-14746024.000000000	
1384	-14814591.000000000	
1385	-14878291.000000000	
1386	-14977535.000000000	
1387	-15069225.000000000	
1388	-15108863.000000000	
1389	-15122943.000000000	
1390	-15161727.000000000	
1391	-15247573.000000000	
1392	-15304318.000000000	
1393	-15323135.000000000	
1394	-15332821.000000000	
1395	-15361875.000000000	
1396	-15411240.000000000	
1397	-15415251.000000000	
1398	-15412650.000000000	
1399	-15430101.000000000	
1400	-15411839.000000000	
1401	-15381246.000000000	
1402	-15358250.000000000	
1403	-15327359.000000000	
1404	-15261011.000000000	
1405	-15171751.000000000	
1406	-15104422.000000000	
1407	-14997502.000000000	
1408	-14834218.000000000	
1409	-14685013.000000000	
1410	-14432383.000000000	
1411	-14030421.000000000	
1412	-13566208.000000000	
1413	-13045930.000000000	
1414	-12451712.000000000	
1415	-11733120.000000000	
1416	-11004715.000000000	
1417	-10403669.000000000	
1418	-9903573.000000000	
1419	-9501013.000000000	
1420	-9228800.000000000	
1421	-8976683.000000000	
1422	-8736085.000000000	
1423	-8512811.000000000	
1424	-8316800.000000000	
1425	-8109696.000000000	
1426	-7820544.000000000	
1427	-7505664.000000000	
1428	-7098837.500000000	
1429	-6536704.000000000	
1430	-5832277.500000000	
1431	-5077504.000000000	
1432	-4395989.500000000	
1433	-3892864.000000000	
1434	-3643733.250000000	
1435	-3584640.000000000	
1436	-3681493.250000000	
1437	-3911552.000000000	
1438	-4219648.000000000	
1439	-4591317.500000000	
1440	-4988416.000000000	
1441	-5410432.000000000	
1442	-5768874.500000000	
1443	-6084394.500000000	
1444	-6465834.500000000	
1445	-6808149.500000000	
1446	-7060522.500000000	
1447	-7194026.500000000	
1448	-7244245.500000000	
1449	-7208234.500000000	
1450	-7068458.500000000	
1451	-7006592.000000000	
1452	-7017173.500000000	
1453	-6991744.000000000	
1454	-7059029.500000000	
1455	-7277994.500000000	
1456	-7529813.500000000	
1457	-7762133.500000000	
1458	-8056533.500000000	
1459	-8416469.000000000	
1460	-8770005.000000000	
1461	-9204395.000000000	
1462	-9698261.000000000	
1463	-10150399.000000000	
1464	-10537682.000000000	
1465	-10855295.000000000	
1466	-11216768.000000000	
1467	-11634090.000000000	
1468	-11968341.000000000	
1469	-12271573.000000000	
1470	-12610474.000000000	
1471	-12890964.000000000	
1472	-13128276.000000000	
1473	-13383722.000000000	
1474	-13602432.000000000	
1475	-13769898.000000000	
1476	-13926314.000000000	
1477	-14076117.000000000	
1478	-14225024.000000000	
1479	-14371370.000000000	
1480	-14500564.000000000	
1481	-14598270.000000000	
1482	-14645290.000000000	
1483	-14693973.000000000	
1484	-14763989.000000000	
1485	-14805801.000000000	
1486	-14855593.000000000	
1487	-14925780.000000000	
1488	-14982569.000000000	
1489	-15019306.000000000	
1490	-15031893.000000000	
1491	-15007872.000000000	
1492	-14945664.000000000	
1493	-14904830.000000000	
1494	-14894973.000000000	
1495	-14854739.000000000	
1496	-14785620.000000000	
1497	-14644989.000000000	
1498	-14459007.000000000	
1499	-14294996.000000000	
1500	-14068736.000000000	
1501	-13781845.000000000	
1502	-13497299.000000000	
1503	-13093416.000000000	
1504	-12504747.000000000	
1505	-11882496.000000000	
1506	-11302187.000000000	
1507	-10753707.000000000	
1508	-10236459.000000000	
1509	-9680085.000000000	
1510	-9055147.000000000	
1511	-8465920.000000000	
1512	-7981482.500000000	
1513	-7593002.500000000	
1514	-7245994.500000000	
1515	-6848085.500000000	
1516	-6353962.500000000	
1517	-5925546.500000000	
1518	-5587840.000000000	
1519	-5174400.000000000	
1520	-4769237.500000000	
1521	-4416085.500000000	
1522	-4174762.750000000	
1523	-4076672.000000000	
1524	-4046592.000000000	
1525	-4086784.000000000	
1526	-4180906.750000000	
1527	-4285226.500000000	
1528	-4365568.000000000	
1529	-4488533.500000000	
1530	-4731946.500000000	
1531	-5066197.000000000	
1532	-5437013.500000000	
1533	-5762517.500000000	
1534	-6051669.500000000	
1535	-6278826.500000000	
1536	-6387155.000000000	
1537	-6450218.500000000	
1538	-6470485.500000000	
1539	-6473301.500000000	
1540	-6525952.000000000	
1541	-6588373.500000000	
1542	-6694613.500000000	
1543	-6866218.500000000	
1544	-7076437.500000000	
1545	-7323520.000000000	
1546	-7639722.500000000	
1547	-7993813.000000000	
1548	-8380501.500000000	
1549	-8811861.000000000	
1550	-9258155.000000000	
1551	-9682261.000000000	
1552	-10068608.000000000	
1553	-10461483.000000000	
1554	-10857472.000000000	
1555	-11265024.000000000	
1556	-11656191.000000000	
1557	-12004351.000000000	
1558	-12346324.000000000	
1559	-12636203.000000000	
1560	-12865194.000000000	
1561	-13111379.000000000	
1562	-13326547.000000000	
1563	-13565352.000000000	
1564	-13803987.000000000	
1565	-13965649.000000000	
1566	-14108713.000000000	
1567	-14197884.000000000	
1568	-14219987.000000000	
1569	-14285438.000000000	
1570	-14391976.000000000	
1571	-14504447.000000000	
1572	-14551125.000000000	
1573	-14580949.000000000	
1574	-14646015.000000000	
1575	-14720767.000000000	
1576	-14723754.000000000	
1577	-14673535.000000000	
1578	-14610985.000000000	
1579	-14516350.000000000	
1580	-14384597.000000000	
1581	-14253098.000000000	
1582	-14138411.000000000	
1583	-13979988.000000000	
1584	-13746727.000000000	
1585	-13463635.000000000	
1586	-13151957.000000000	
1587	-12815957.000000000	
1588	-12384981.000000000	
1589	-11808981.000000000	
1590	-11149397.000000000	
1591	-10467669.000000000	
1592	-9715243.000000000	
1593	-8919552.000000000	
1594	-8145621.500000000	
1595	-7374848.000000000	
1596	-6670762.500000000	
1597	-6097747.000000000	
1598	-5674708.000000000	
1599	-5368320.000000000	
1600	-5137280.000000000	
1601	-4963370.500000000	
1602	-4784512.000000000	
1603	-4637312.000000000	
1604	-4485205.500000000	
1605	-4329258.500000000	
1606	-4143957.250000000	
1607	-3988181.250000000	
1608	-3903530.750000000	
1609	-3811370.750000000	
1610	-3817045.250000000	
1611	-3968554.750000000	
1612	-4162602.750000000	
1613	-4451710.000000000	
1614	-4728105.000000000	
1615	-4958762.500000000	
1616	-5165994.500000000	
1617	-5341909.500000000	
1618	-5499520.000000000	
1619	-5621845.500000000	
1620	-5759488.000000000	
1621	-5926698.500000000	
1622	-5972992.000000000	
1623	-5960960.000000000	
1624	-6085290.500000000	
1625	-6307498.500000000	
1626	-6547370.500000000	
1627	-6839680.000000000	
1628	-7195050.500000000	
1629	-7559466.500000000	
1630	-7952128.000000000	
1631	-8379989.000000000	
1632	-8799531.000000000	
1633	-9253291.000000000	
1634	-9685632.000000000	
1635	-10079530.000000000	
1636	-10418517.000000000	
1637	-10772992.000000000	
1638	-11222869.000000000	
1639	-11646208.000000000	
1640	-11954389.000000000	
1641	-12287189.000000000	
1642	-12610261.000000000	
1643	-12873812.000000000	
1644	-13117993.000000000	
1645	-13317034.000000000	
1646	-13492565.000000000	
1647	-13645099.000000000	
1648	-13752021.000000000	
1649	-13837098.000000000	
1650	-13917951.000000000	
1651	-13994323.000000000	
1652	-14072319.000000000	
1653	-14145323.000000000	
1654	-14176554.000000000	
1655	-14157226.000000000	
1656	-14096852.000000000	
1657	-14000808.000000000	
1658	-13894482.000000000	
1659	-13802962.000000000	
1660	-13733073.000000000	
1661	-13661472.000000000	
1662	-13557322.000000000	
1663	-13350523.000000000	
1664	-13039569.000000000	
1665	-12681639.000000000	
1666	-12246613.000000000	
1667	-11669589.000000000	
1668	-10979968.000000000	
1669	-10237440.000000000	
1670	-9382229.000000000	
1671	-8464000.000000000	
1672	-7565312.000000000	
1673	-6743552.000000000	
1674	-6135381.500000000	
1675	-5725653.500000000	
1676	-5403946.500000000	
1677	-5206058.500000000	
1678	-5149696.000000000	
1679	-5034197.500000000	
1680	-4859477.500000000	
1681	-4681813.500000000	
1682	-4451541.500000000	
1683	-4148309.250000000	
1684	-3870464.000000000	
1685	-3664810.750000000	
1686	-3567829.250000000	
1687	-3606485.250000000	
1688	-3710890.750000000	
1689	-3863338.750000000	
1690	-4001066.750000000	
1691	-4149418.750000000	
1692	-4372565.500000000	
1693	-4576000.000000000	
1694	-4719018.500000000	
1695	-4895061.500000000	
1696	-5019904.000000000	
1697	-5108864.000000000	
1698	-5246890.500000000	
1699	-5371776.000000000	
1700	-5429972.500000000	
1701	-5540607.500000000	
1702	-5744554.500000000	
1703	-6015829.500000000	
1704	-6378323.500000000	
1705	-6743080.500000000	
1706	-7056851.500000000	
1707	-7443413.000000000	
1708	-7914453.000000000	
1709	-8386048.000000000	
1710	-8855715.000000000	
1711	-9307214.000000000	
1712	-9740030.000000000	
1713	-10196907.000000000	
1714	-10655445.000000000	
1715	-11011285.000000000	
1716	-11343104.000000000	
1717	-11732480.000000000	
1718	-12082517.000000000	
1719	-12375935.000000000	
1720	-12645888.000000000	
1721	-12878037.000000000	
1722	-13083221.000000000	
1723	-13197440.000000000	
1724	-13283627.000000000	
1725	-13422848.000000000	
1726	-13534421.000000000	
1727	-13628031.000000000	
1728	-13687805.000000000	
1729	-13687762.000000000	
1730	-13677822.000000000	
1731	-13638442.000000000	
1732	-13583915.000000000	
1733	-13514837.000000000	
1734	-13389440.000000000	
1735	-13253376.000000000	
1736	-13131049.000000000	
1737	-12938879.000000000	
1738	-12684629.000000000	
1739	-12299605.000000000	
1740	-11768576.000000000	
1741	-11184811.000000000	
1742	-10474965.000000000	
1743	-9655253.000000000	
1744	-8860843.000000000	
1745	-8056149.500000000	
1746	-7235797.500000000	
1747	-6517376.000000000	
1748	-6025898.000000000	
1749	-5798101.500000000	
1750	-5635584.000000000	
1751	-5475584.000000000	
1752	-5317546.500000000	
1753	-5163093.500000000	
1754	-4978346.500000000	
1755	-4677888.000000000	
1756	-4297045.500000000	
1757	-3971157.250000000	
1758	-3800661.000000000	
1759	-3732821.000000000	
1760	-3768319.750000000	
1761	-3858133.250000000	
1762	-3940778.750000000	
1763	-4049834.750000000	
1764	-4186197.250000000	
1765	-4344064.000000000	
1766	-4486186.500000000	
1767	-4596266.500000000	
1768	-4710869.500000000	
1769	-4832853.500000000	
1770	-4981205.500000000	
1771	-5053013.000000000	
1772	-5116799.500000000	
1773	-5295700.500000000	
1774	-5550464.000000000	
1775	-5776810.500000000	
1776	-6007593.000000000	
1777	-6282537.000000000	
1778	-6562090.000000000	
1779	-6940842.500000000	
1780	-7391316.000000000	
1781	-7843326.000000000	
1782	-8265386.000000000	
1783	-8708693.000000000	
1784	-9224576.000000000	
1785	-9696554.000000000	
1786	-10146943.000000000	
1787	-10588629.000000000	
1788	-10951338.000000000	
1789	-11314047.000000000	
1790	-11687339.000000000	
1791	-11992190.000000000	
1792	-12234408.000000000	
1793	-12422356.000000000	
1794	-12585301.000000000	
1795	-12748842.000000000	
1796	-12861696.000000000	
1797	-12945835.000000000	
1798	-13027157.000000000	
1799	-13062825.000000000	
1800	-13069737.000000000	
1801	-13054036.000000000	
1802	-13021952.000000000	
1803	-12972800.000000000	
1804	-12863744.000000000	
1805	-12739968.000000000	
1806	-12552448.000000000	
1807	-12255787.000000000	
1808	-11968981.000000000	
1809	-11656277.000000000	
1810	-11181354.000000000	
1811	-10552618.000000000	
1812	-9905835.000000000	
1813	-9272363.000000000	
1814	-8587093.000000000	
1815	-7875285.500000000	
1816	-7192405.500000000	
1817	-6617856.000000000	
1818	-6208340.000000000	
1819	-5901311.500000000	
1820	-5627434.500000000	
1821	-5433600.000000000	
1822	-5218986.500000000	
1823	-4953514.500000000	
1824	-4639189.500000000	
1825	-4298026.500000000	
1826	-4010496.000000000	
1827	-3869312.000000000	
1828	-3856128.000000000	
1829	-3879125.250000000	
1830	-3923114.750000000	
1831	-4008960.000000000	
1832	-4119125.250000000	
1833	-4174037.250000000	
1834	-4236928.000000000	
1835	-4356096.000000000	
1836	-4526720.000000000	
1837	-4697472.000000000	
1838	-4809514.500000000	
1839	-4868436.500000000	
1840	-4965928.500000000	
1841	-5096362.000000000	
1842	-5237717.000000000	
1843	-5391743.500000000	
1844	-5627434.500000000	
1845	-5870335.500000000	
1846	-6086656.000000000	
1847	-6347605.000000000	
1848	-6691625.500000000	
1849	-7096874.000000000	
1850	-7531049.500000000	
1851	-7981781.000000000	
1852	-8438016.000000000	
1853	-8898176.000000000	
1854	-9368447.000000000	
1855	-9808681.000000000	
1856	-10172329.000000000	
1857	-10498815.000000000	
1858	-10780373.000000000	
1859	-11070932.000000000	
1860	-11334058.000000000	
1861	-11544873.000000000	
1862	-11715027.000000000	
1863	-11908906.000000000	
1864	-12048425.000000000	
1865	-12085589.000000000	
1866	-12088617.000000000	
1867	-12153043.000000000	
1868	-12218025.000000000	
1869	-12137045.000000000	
1870	-11972949.000000000	
1871	-11862613.000000000	
1872	-11792041.000000000	
1873	-11567313.000000000	
1874	-11200766.000000000	
1875	-10837588.000000000	
1876	-10485632.000000000	
1877	-10122496.000000000	
1878	-9684480.000000000	
1879	-9130411.000000000	
1880	-8539904.000000000	
1881	-7927424.000000000	
1882	-7279018.500000000	
1883	-6641749.000000000	
1884	-6070570.500000000	
1885	-5615317.500000000	
1886	-5275392.000000000	
1887	-5039872.000000000	
1888	-4890368.000000000	
1889	-4639616.000000000	
1890	-4318890.500000000	
1891	-4100224.000000000	
1892	-3946794.750000000	
1893	-3885269.250000000	
1894	-3892224.000000000	
1895	-3907711.750000000	
1896	-3924266.750000000	
1897	-4000213.250000000	
1898	-4130388.750000000	
1899	-4239615.500000000	
1900	-4272212.500000000	
1901	-4268031.500000000	
1902	-4261248.000000000	
1903	-4310869.500000000	
1904	-4414592.000000000	
1905	-4520192.000000000	
1906	-4575701.000000000	
1907	-4650196.500000000	
1908	-4792405.000000000	
1909	-4871296.000000000	
1910	-4945152.000000000	
1911	-5114282.000000000	
1912	-5326037.000000000	
1913	-5530410.000000000	
1914	-5740288.000000000	
1915	-5981994.500000000	
1916	-6213589.500000000	
1917	-6493525.500000000	
1918	-6829397.500000000	
1919	-7216896.000000000	
1920	-7612245.500000000	
1921	-7969705.000000000	
1922	-8276693.000000000	
1923	-8598612.000000000	
1924	-8871039.000000000	
1925	-9095339.000000000	
1926	-9298816.000000000	
1927	-9420629.000000000	
1928	-9416533.000000000	
1929	-9404970.000000000	
1930	-9482708.000000000	
1931	-9516544.000000000	
1932	-9433515.000000000	
1933	-9315968.000000000	
1934	-9170475.000000000	
1935	-8960596.000000000	
1936	-8728576.000000000	
1937	-8476842.000000000	
1938	-8192554.500000000	
1939	-7891754.000000000	
1940	-7509248.000000000	
1941	-7043712.000000000	
1942	-6541141.500000000	
1943	-6035626.500000000	
1944	-5455914.500000000	
1945	-4808789.500000000	
1946	-4196608.000000000	
1947	-3807786.250000000	
1948	-3566762.750000000	
1949	-3420885.250000000	
1950	-3312682.750000000	
1951	-3209386.750000000	
1952	-3135573.250000000	
1953	-3085098.750000000	
1954	-3040426.750000000	
1955	-3014954.750000000	
1956	-3003349.250000000	
1957	-2999722.750000000	
1958	-2993536.000000000	
1959	-2993408.000000000	
1960	-3008512.000000000	
1961	-3018026.750000000	
1962	-2988586.750000000	
1963	-2949973.250000000	
1964	-2930389.250000000	
1965	-2919296.000000000	
1966	-2930858.750000000	
1967	-2949930.750000000	
1968	-2926634.750000000	
1969	-2898688.000000000	
1970	-2907818.750000000	
1971	-2922240.000000000	
1972	-2934272.000000000	
1973	-2986154.750000000	
1974	-3039018.750000000	
1975	-3070506.750000000	
1976	-3092522.750000000	
1977	-3068160.000000000	
1978	-3025024.000000000	
1979	-3040384.000000000	
1980	-3073024.000000000	
1981	-3070464.000000000	
1982	-3036629.250000000	
1983	-3005738.750000000	
1984	-2974037.250000000	
1985	-2929024.000000000	
1986	-2888789.250000000	
1987	-2870400.000000000	
1988	-2833194.750000000	
1989	-2767616.000000000	
1990	-2661845.250000000	
1991	-2539648.000000000	
1992	-2416042.750000000	
1993	-2327296.000000000	
1994	-2264917.250000000	
1995	-2175061.250000000	
1996	-2091349.375000000	
1997	-2056704.000000000	
1998	-2012032.000000000	
1999	-1871616.000000000	
2000	-1698346.625000000	
2001	-1605589.375000000	
2002	-1541333.375000000	
2003	-1489109.375000000	
2004	-1417642.625000000	
2005	-1371818.625000000	
2006	-1345578.625000000	
2007	-1305856.000000000	
2008	-1247914.625000000	
2009	-1177173.375000000	
2010	-1119360.000000000	
2011	-1094400.000000000	
2012	-1059968.000000000	
2013	-1002837.312500000	
2014	-983168.000000000	
2015	-979712.000000000	
2016	-940672.000000000	
2017	-912128.000000000	
2018	-890666.687500000	
2019	-854826.687500000	
2020	-847872.000000000	
2021	-819881.500000000	
2022	-752041.000000000	
2023	-726741.312500000	
2024	-716458.687500000	
2025	-691584.000000000	
2026	-678528.000000000	
2027	-687274.687500000	
2028	-699093.312500000	
2029	-662993.000000000	
2030	-615377.812500000	
2031	-604672.000000000	
2032	-631509.312500000	
2033	-651050.687500000	
2034	-635349.312500000	
2035	-600618.687500000	
2036	-609536.000000000	
2037	-624554.687500000	
2038	-601685.312500000	
2039	-588245.312500000	
2040	-588800.000000000	
2041	-573312.000000000	
2042	-555690.687500000	
2043	-553386.687500000	
2044	-556458.687500000	
2045	-543530.687500000	
2046	-532906.687500000	
2047	-538112.000000000	
2048	-509315.656250000	
2049	-499883.562500000	
2050	-477458.125000000	
2051	-455690.781250000	
2052	-471453.093750000	
2053	-452254.718750000	
2054	-409936.562500000	
2055	-385073.000000000	
2056	-391514.312500000	
2057	-384553.687500000	
2058	-355885.906250000	
2059	-327987.875000000	
2060	-302585.781250000	
2061	-297453.000000000	
2062	-294136.562500000	
2063	-295556.250000000	
2064	-274262.093750000	
2065	-249420.703125000	
2066	-228704.515625000	
2067	-223316.140625000	
2068	-223119.468750000	
2069	-214030.109375000	
2070	-219900.640625000	
2071	-210894.390625000	
2072	-198609.078125000	
2073	-194282.078125000	
2074	-188336.000000000	
2075	-169706.156250000	
2076	-161679.968750000	
2077	-143515.500000000	
2078	-166957.421875000	
2079	-172153.562500000	
2080	-167439.593750000	
2081	-149749.984375000	
2082	-120655.367187500	
2083	-132569.953125000	
2084	-135766.546875000	
2085	-136486.234375000	
2086	-121203.820312500	
2087	-127948.976562500	
2088	-129695.765625000	
2089	-126217.468750000	
2090	-126967.046875000	
2091	-114364.867187500	
2092	-126993.976562500	
2093	-127800.007812500	
2094	-128224.703125000	
2095	-114905.789062500	
2096	-127482.304687500	
2097	-128055.484375000	
2098	-127753.710937500	
2099	-115458.851562500	
2100	-128079.703125000	
2101	-128267.523437500	
2102	-128456.476562500	
2103	-128646.562500000	
2104	-116177.453125000	
2105	-128982.015625000	
2106	-129175.289062500	
2107	-129369.375000000	
2108	-116758.554687500	
2109	-129712.953125000	
2110	-129910.718750000	
2111	-130109.687500000	
2112	-130309.851562500	
2113	-117516.265625000	
2114	-130663.335937500	
2115	-130867.031250000	
2116	-131069.187500000	
2117	-118127.781250000	
2118	-131433.781250000	
2119	-131642.312500000	
2120	-131852.187500000	
2121	-132063.375000000	
2122	-118927.929687500	
2123	-132436.234375000	
2124	-132651.171875000	
2125	-132867.500000000	
2126	-119575.367187500	
2127	-133249.421875000	
2128	-133469.625000000	
2129	-133691.281250000	
2130	-120238.671875000	
2131	-134082.640625000	
2132	-134308.203125000	
2133	-134535.281250000	
2134	-134764.031250000	
2135	-121102.601562500	
2136	-135167.937500000	
2137	-135400.828125000	
2138	-135635.218750000	
2139	-121804.210937500	
2140	-136049.312500000	
2141	-136288.093750000	
2142	-136528.578125000	
2143	-136770.687500000	
2144	-122718.703125000	
2145	-137198.328125000	
2146	-137445.000000000	
2147	-137693.343750000	
2148	-123461.937500000	
2149	-138132.218750000	
2150	-138385.406250000	
2151	-138640.359375000	
2152	-124224.828125000	
2153	-139090.765625000	
2154	-139350.734375000	
2155	-139612.515625000	
2156	-139876.125000000	
2157	-125220.492187500	
2158	-140342.015625000	
2159	-140610.859375000	
2160	-140881.671875000	
2161	-126030.703125000	
2162	-141360.250000000	
2163	-141636.453125000	
2164	-141914.734375000	
2165	-142195.046875000	
2166	-127089.085937500	
2167	-142690.500000000	
2168	-142976.500000000	
2169	-143264.671875000	
2170	-127951.117187500	
2171	-143774.109375000	
2172	-144068.250000000	
2173	-144364.578125000	
2174	-128837.742187500	
2175	-144888.640625000	
2176	-145191.171875000	
2177	-145496.062500000	
2178	-145803.234375000	
2179	-129997.367187500	
2180	-146346.593750000	
2181	-146660.421875000	
2182	-146976.625000000	
2183	-130943.398437500	
2184	-147535.968750000	
2185	-147859.078125000	
2186	-148184.484375000	
2187	-148513.031250000	
2188	-132182.156250000	
2189	-149093.750000000	
2190	-149429.265625000	
2191	-149766.953125000	
2192	-133192.875000000	
2193	-150365.265625000	
2194	-150710.281250000	
2195	-151059.031250000	
2196	-151412.062500000	
2197	-134519.859375000	
2198	-152033.687500000	
2199	-152393.375000000	
2200	-152756.515625000	
2201	-135604.796875000	
2202	-153398.687500000	
2203	-153769.468750000	
2204	-154144.078125000	
2205	-136724.281250000	
2206	-154805.687500000	
2207	-155189.312500000	
2208	-155576.281250000	
2209	-155966.062500000	
2210	-138194.437500000	
2211	-156654.515625000	
2212	-157055.125000000	
2213	-157454.375000000	
2214	-139396.468750000	
2215	-158170.906250000	
2216	-158584.296875000	
2217	-158999.703125000	
2218	-159419.781250000	
2219	-140982.234375000	
2220	-160162.187500000	
2221	-160593.750000000	
2222	-161027.875000000	
2223	-142279.375000000	
2224	-161795.000000000	
2225	-162242.015625000	
2226	-162687.578125000	
2227	-143618.484375000	
2228	-163473.718750000	
2229	-163922.156250000	
2230	-164380.312500000	
2231	-164820.218750000	
2232	-145298.078125000	
2233	-165545.359375000	
2234	-165975.140625000	
2235	-166419.046875000	
2236	-146536.562500000	
2237	-167170.953125000	
2238	-167606.484375000	
2239	-168050.218750000	
2240	-168505.031250000	
2241	-148169.906250000	
2242	-169331.843750000	
2243	-169799.656250000	
2244	-170302.968750000	
2245	-149649.546875000	
2246	-171246.765625000	
2247	-171779.687500000	
2248	-172297.343750000	
2249	-172871.453125000	
2250	-151714.078125000	
2251	-173882.984375000	
2252	-174470.046875000	
2253	-175060.671875000	
2254	-153482.312500000	
2255	-176109.640625000	
2256	-176704.046875000	
2257	-177316.062500000	
2258	-155316.375000000	
2259	-178358.359375000	
2260	-178964.093750000	
2261	-179599.187500000	
2262	-180265.765625000	
2263	-157681.875000000	
2264	-181345.203125000	
2265	-181949.281250000	
2266	-182564.375000000	
2267	-159486.265625000	
2268	-183653.781250000	
2269	-184259.437500000	
2270	-184888.843750000	
2271	-185515.484375000	
2272	-161791.578125000	
2273	-186654.531250000	
2274	-187318.453125000	
2275	-188029.265625000	
2276	-163787.046875000	
2277	-189172.218750000	
2278	-189859.031250000	
2279	-190569.703125000	
2280	-165832.156250000	
2281	-191841.187500000	
2282	-192566.062500000	
2283	-193320.343750000	
2284	-194078.515625000	
2285	-168633.953125000	
2286	-195450.031250000	
2287	-196226.765625000	
2288	-197029.109375000	
2289	-170983.546875000	
2290	-198506.031250000	
2291	-199385.593750000	
2292	-200253.218750000	
2293	-201169.921875000	
2294	-174347.484375000	
2295	-202801.593750000	
2296	-203747.062500000	
2297	-204656.937500000	
2298	-177194.281250000	
2299	-206397.703125000	
2300	-207416.359375000	
2301	-208407.968750000	
2302	-180239.828125000	
2303	-210220.531250000	
2304	-211255.546875000	
2305	-212324.437500000	
2306	-213402.750000000	
2307	-184343.796875000	
2308	-215354.437500000	
2309	-216490.078125000	
2310	-217582.000000000	
2311	-187732.828125000	
2312	-219593.671875000	
2313	-220752.765625000	
2314	-221941.546875000	
2315	-223141.312500000	
2316	-192217.921875000	
2317	-225304.343750000	
2318	-226572.296875000	
2319	-227874.828125000	
2320	-196075.875000000	
2321	-230106.875000000	
2322	-231405.687500000	
2323	-232782.437500000	
2324	-234230.203125000	
2325	-201231.437500000	
2326	-236645.703125000	
2327	-237997.859375000	
2328	-239396.234375000	
2329	-205333.953125000	
2330	-241939.718750000	
2331	-243564.796875000	
2332	-245152.453125000	
2333	-210030.859375000	
2334	-247867.875000000	
2335	-249475.359375000	
2336	-251159.078125000	
2337	-252898.750000000	
2338	-216367.453125000	
2339	-255939.937500000	
2340	-257743.250000000	
2341	-259585.171875000	
2342	-221872.562500000	
2343	-262889.500000000	
2344	-264783.656250000	
2345	-266753.031250000	
2346	-268743.500000000	
2347	-229281.531250000	
2348	-272312.437500000	
2349	-274427.500000000	
2350	-276591.125000000	
2351	-235689.812500000	
2352	-280437.250000000	
2353	-282716.375000000	
2354	-285040.406250000	
2355	-242677.781250000	
2356	-289326.500000000	
2357	-291834.156250000	
2358	-294361.937500000	
2359	-296851.000000000	
2360	-252309.765625000	
2361	-301540.250000000	
2362	-304284.125000000	
2363	-307087.312500000	
2364	-260720.531250000	
2365	-312248.437500000	
2366	-315197.687500000	
2367	-318238.531250000	
2368	-321346.031250000	
2369	-272343.718750000	
2370	-327135.375000000	
2371	-330504.125000000	
2372	-333951.593750000	
2373	-282665.250000000	
2374	-340161.718750000	
2375	-343944.125000000	
2376	-347836.250000000	
2377	-351706.343750000	
2378	-297221.031250000	
2379	-358716.656250000	
2380	-362887.312500000	
2381	-367286.687500000	
2382	-310122.781250000	
2383	-375190.906250000	
2384	-379912.000000000	
2385	-384808.750000000	
2386	-324491.812500000	
2387	-393565.937500000	
2388	-398764.500000000	
2389	-404224.000000000	
2390	-409857.562500000	
2391	-345221.250000000	
2392	-420297.000000000	
2393	-426512.937500000	
2394	-432961.218750000	
2395	-364360.031250000	
2396	-444805.468750000	
2397	-451923.937500000	
2398	-459273.750000000	
2399	-466906.031250000	
2400	-392461.187500000	
2401	-480972.031250000	
2402	-489493.312500000	
2403	-498406.000000000	
2404	-418821.187500000	
2405	-514933.968750000	
2406	-524961.750000000	
2407	-535538.062500000	
2408	-449900.750000000	
2409	-555010.562500000	
2410	-566786.562500000	
2411	-579155.375000000	
2412	-592163.812500000	
2413	-497351.781250000	
2414	-616787.187500000	
2415	-631810.375000000	
2416	-647702.812500000	
2417	-544257.312500000	
2418	-677759.437500000	
2419	-696411.250000000	
2420	-716208.687500000	
2421	-737266.687500000	
2422	-620442.812500000	
2423	-777444.875000000	
2424	-802666.625000000	
2425	-829816.500000000	
2426	-699829.125000000	
2427	-882415.125000000	
2428	-915895.937500000	
2429	-952212.937500000	
2430	-806080.250000000	
2431	-1023866.437500000	
2432	-1070037.125000000	
2433	-1120834.250000000	
2434	-1177260.125000000	
2435	-1004708.000000000	
2436	-1292181.750000000	
2437	-1369092.000000000	
2438	-1456221.875000000	
2439	-1257315.375000000	
2440	-1640133.625000000	
2441	-1768998.125000000	
2442	-1920663.500000000	
2443	-2101946.000000000	
2444	-1870557.250000000	
2445	-2521585.500000000	
2446	-2849213.500000000	
2447	-3277797.250000000	
2448	-3102503.500000000	
2449	-4462033.500000000	
2450	-5634914.000000000	
2451	-7660772.500000000	
2452	-12002192.000000000	
2453	-16777216.000000000	
2454	NaN	
2455	NaN	
