Frequenz (Hz), Amplitude (V), FehlerAmp (V), Phase, FehlerPhase bei Temp.:  40,895701, Fehler: 0,0088901,300000E+2	9,015368E-6	1,171381E-6	2,908556E-1	1,870005E-1
1,301000E+2	1,186183E-5	1,769675E-7	-1,087754E-1	1,765423E-2
1,302000E+2	1,232584E-5	1,915735E-7	-1,205482E-1	1,679471E-2
1,303000E+2	1,347886E-5	2,028954E-7	-1,188663E-1	1,297214E-2
1,304000E+2	1,433844E-5	1,588763E-7	-1,380229E-1	1,114239E-2
1,305000E+2	1,373996E-5	2,448418E-7	-1,098309E-1	1,258738E-2
1,306000E+2	1,185326E-5	1,074156E-7	-9,142864E-2	6,793065E-3
1,307000E+2	1,359653E-5	1,589980E-7	-8,375780E-2	1,257785E-2
1,308000E+2	1,366415E-5	1,253775E-7	-9,506471E-2	1,020420E-2
1,309000E+2	1,454492E-5	1,951518E-7	-1,039193E-1	9,413932E-3
1,310000E+2	1,450205E-5	2,876839E-7	-9,640598E-2	9,092230E-3
1,311000E+2	1,558465E-5	1,697369E-7	-1,223930E-1	1,076360E-2
1,312000E+2	1,680396E-5	1,276407E-7	-1,751629E-1	9,011425E-3
1,313000E+2	1,706290E-5	1,249354E-7	-1,703329E-1	6,964033E-3
1,314000E+2	1,688213E-5	1,354501E-7	-1,491814E-1	8,270563E-3
1,315000E+2	1,700816E-5	1,269837E-7	-1,366368E-1	5,487326E-3
1,316000E+2	1,780994E-5	1,026845E-7	-1,525610E-1	7,032832E-3
1,317000E+2	1,766159E-5	1,405428E-7	-1,185315E-1	8,368385E-3
1,318000E+2	1,839119E-5	1,357119E-7	-1,307597E-1	8,008207E-3
1,319000E+2	1,810575E-5	8,932973E-8	-7,608675E-2	5,903019E-3
1,320000E+2	1,838625E-5	1,474945E-7	-1,199080E-1	4,909343E-3
1,321000E+2	1,894063E-5	8,817675E-8	-1,182156E-1	8,871328E-3
1,322000E+2	1,944981E-5	9,817295E-8	-1,227860E-1	4,620302E-3
1,323000E+2	2,016924E-5	8,479661E-8	-1,453016E-1	5,247488E-3
1,324000E+2	2,058373E-5	7,658468E-8	-1,300433E-1	5,323731E-3
1,325000E+2	2,093373E-5	8,836738E-8	-1,502391E-1	5,157791E-3
1,326000E+2	2,120346E-5	7,351844E-8	-1,412505E-1	5,003121E-3
1,327000E+2	2,179686E-5	6,884275E-8	-1,304574E-1	4,554551E-3
1,328000E+2	2,183283E-5	8,979761E-8	-9,233342E-2	3,612771E-3
1,329000E+2	2,248819E-5	1,033920E-7	-1,014988E-1	4,404099E-3
1,330000E+2	2,315862E-5	6,907639E-8	-1,176384E-1	3,718641E-3
1,331000E+2	2,353962E-5	5,442441E-8	-1,244711E-1	4,043909E-3
1,332000E+2	2,395832E-5	7,498517E-8	-1,063430E-1	4,202690E-3
1,333000E+2	2,442021E-5	6,356293E-8	-1,223260E-1	3,506675E-3
1,334000E+2	2,504313E-5	4,689492E-8	-8,471339E-2	1,892995E-3
1,335000E+2	2,550835E-5	6,767081E-8	-9,373982E-2	3,869750E-3
1,336000E+2	2,597098E-5	7,279489E-8	-9,520234E-2	2,835306E-3
1,337000E+2	2,645007E-5	6,491071E-8	-7,096522E-2	3,255299E-3
1,338000E+2	2,718296E-5	7,247137E-8	-6,566380E-2	4,373978E-3
1,339000E+2	2,791092E-5	4,454837E-8	-7,454229E-2	3,062562E-3
1,340000E+2	2,825361E-5	5,775272E-8	-8,073267E-2	3,127158E-3
1,341000E+2	2,886468E-5	5,819278E-8	-6,732421E-2	3,676639E-3
1,342000E+2	2,963772E-5	7,080122E-8	-4,055181E-2	2,519001E-3
1,343000E+2	3,042604E-5	5,527890E-8	-2,510863E-2	1,823981E-3
1,344000E+2	3,127491E-5	8,148977E-8	-6,076606E-3	2,817782E-3
1,345000E+2	3,178900E-5	7,403532E-8	-2,621178E-2	3,212427E-3
1,346000E+2	3,284189E-5	7,824983E-8	-1,366530E-2	2,751326E-3
1,347000E+2	3,369075E-5	6,927397E-8	5,704955E-3	2,625057E-3
1,348000E+2	3,470848E-5	9,338593E-8	2,690408E-2	2,408267E-3
1,349000E+2	3,551556E-5	1,018663E-7	4,490752E-2	2,267943E-3
1,350000E+2	3,665097E-5	1,049775E-7	6,972334E-2	2,234454E-3
1,351000E+2	3,771927E-5	1,032910E-7	6,741700E-2	2,414001E-3
1,352000E+2	3,889759E-5	8,909777E-8	9,334800E-2	2,353810E-3
1,353000E+2	4,020041E-5	8,946989E-8	1,158487E-1	1,849081E-3
1,354000E+2	4,099487E-5	8,328513E-8	1,199245E-1	1,829367E-3
1,355000E+2	4,245373E-5	7,610173E-8	1,329480E-1	1,941597E-3
1,356000E+2	4,423443E-5	1,596153E-7	1,534964E-1	9,671034E-3
1,357000E+2	4,547151E-5	9,278735E-8	2,020432E-1	2,450815E-3
1,358000E+2	4,721421E-5	1,299460E-7	2,268813E-1	2,160553E-3
1,359000E+2	4,879490E-5	2,380122E-7	2,517025E-1	9,899364E-3
1,360000E+2	5,007644E-5	5,417439E-7	2,774598E-1	1,409610E-2
1,361000E+2	5,239581E-5	1,008433E-7	3,051270E-1	2,109280E-3
1,362000E+2	5,407209E-5	1,732958E-7	3,360634E-1	2,687185E-3
1,363000E+2	5,622157E-5	1,229383E-7	3,557288E-1	1,969406E-3
1,364000E+2	5,825868E-5	1,459803E-7	3,937412E-1	2,603280E-3
1,365000E+2	6,065445E-5	4,573238E-7	4,295361E-1	8,423517E-3
1,366000E+2	6,202286E-5	1,998098E-7	4,680909E-1	4,045294E-3
1,367000E+2	6,449723E-5	1,039499E-7	5,273315E-1	2,709710E-3
1,368000E+2	6,690597E-5	1,650226E-7	5,695562E-1	3,644867E-3
1,369000E+2	6,889719E-5	1,167261E-7	6,029817E-1	2,005084E-3
1,370000E+2	7,103037E-5	1,963617E-7	6,631995E-1	5,770189E-3
1,371000E+2	7,294019E-5	3,213594E-7	7,409673E-1	6,458695E-3
1,372000E+2	7,381822E-5	5,560695E-7	7,803925E-1	7,317298E-3
1,373000E+2	7,664486E-5	3,519147E-7	8,464574E-1	5,733300E-3
1,374000E+2	7,788149E-5	2,805043E-7	9,053679E-1	4,828491E-3
1,375000E+2	7,932106E-5	1,871573E-7	9,861926E-1	2,023888E-3
1,376000E+2	8,052027E-5	2,591247E-7	1,049005E+0	3,773151E-3
1,377000E+2	8,071405E-5	1,133789E-7	1,132127E+0	4,637949E-3
1,378000E+2	8,031626E-5	1,065790E-7	1,184636E+0	2,646683E-3
1,379000E+2	8,001367E-5	1,063852E-7	1,252072E+0	3,873996E-3
1,380000E+2	7,915669E-5	1,081383E-7	1,323458E+0	3,541370E-3
1,381000E+2	7,748096E-5	8,550712E-8	1,379636E+0	2,944067E-3
1,382000E+2	7,591301E-5	1,439322E-7	1,453147E+0	3,503631E-3
1,383000E+2	7,526164E-5	5,847824E-7	1,494692E+0	1,633973E-2
1,384000E+2	7,260871E-5	1,686447E-7	1,586962E+0	4,186431E-3
1,385000E+2	7,075783E-5	1,121041E-7	1,653152E+0	3,426830E-3
1,386000E+2	6,868878E-5	9,919350E-8	1,703784E+0	2,959467E-3
1,387000E+2	6,604609E-5	1,804186E-7	1,728264E+0	3,164262E-3
1,388000E+2	6,380962E-5	1,335709E-7	1,775738E+0	3,307066E-3
1,389000E+2	6,158241E-5	1,168605E-7	1,824479E+0	2,616374E-3
1,390000E+2	5,958636E-5	1,306153E-7	1,872814E+0	2,178201E-3
1,391000E+2	5,763647E-5	9,889420E-8	1,916998E+0	3,004454E-3
1,392000E+2	5,571799E-5	1,084772E-7	1,955091E+0	2,661114E-3
1,393000E+2	5,362184E-5	9,753265E-8	1,979577E+0	1,878077E-3
1,394000E+2	5,186276E-5	9,876632E-8	2,012831E+0	2,980208E-3
1,395000E+2	5,006619E-5	8,611657E-8	2,043634E+0	2,679671E-3
1,396000E+2	4,820903E-5	1,222642E-7	2,068227E+0	2,346620E-3
1,397000E+2	4,657783E-5	7,261204E-8	2,088649E+0	2,341772E-3
1,398000E+2	4,505329E-5	9,106559E-8	2,120512E+0	1,645355E-3
1,399000E+2	4,372257E-5	1,410438E-7	2,139971E+0	3,374582E-3
1,400000E+2	4,203747E-5	7,785712E-8	2,155371E+0	1,721784E-3
1,401000E+2	4,130978E-5	1,835576E-7	2,179632E+0	3,033306E-3
1,402000E+2	3,972600E-5	8,856335E-8	2,202792E+0	2,274547E-3
1,403000E+2	3,845317E-5	7,812880E-8	2,206527E+0	2,088389E-3
1,404000E+2	3,729494E-5	8,135242E-8	2,224232E+0	2,063863E-3
1,405000E+2	3,613327E-5	1,218738E-7	2,246511E+0	2,538609E-3
1,406000E+2	3,507746E-5	1,089204E-7	2,249223E+0	2,540812E-3
1,407000E+2	3,430358E-5	3,133484E-7	2,266476E+0	5,665062E-3
1,408000E+2	3,329712E-5	8,273265E-8	2,287024E+0	2,350974E-3
1,409000E+2	3,237572E-5	2,776569E-7	2,272982E+0	8,930291E-3
1,410000E+2	3,193833E-5	6,953188E-7	2,251580E+0	3,993850E-2
1,411000E+2	3,057688E-5	8,088672E-8	2,315784E+0	2,608730E-3
1,412000E+2	2,993198E-5	5,962909E-8	2,334462E+0	2,049291E-3
1,413000E+2	2,922830E-5	5,781157E-8	2,348693E+0	2,191751E-3
1,414000E+2	2,856302E-5	8,021789E-8	2,358801E+0	3,055735E-3
1,415000E+2	2,773555E-5	6,953016E-8	2,361161E+0	3,069901E-3
1,416000E+2	2,723227E-5	6,779122E-8	2,369488E+0	4,170889E-3
1,417000E+2	2,649956E-5	5,682786E-8	2,390250E+0	1,939268E-3
1,418000E+2	2,610496E-5	6,026246E-8	2,394672E+0	2,455226E-3
1,419000E+2	2,548835E-5	6,892083E-8	2,402680E+0	2,162010E-3
1,420000E+2	2,483590E-5	7,348497E-8	2,410419E+0	1,852113E-3
1,421000E+2	2,435774E-5	6,445080E-8	2,405724E+0	2,936689E-3
1,422000E+2	2,389366E-5	8,936639E-8	2,415667E+0	4,060152E-3
1,423000E+2	2,348654E-5	7,684139E-8	2,424169E+0	3,287971E-3
1,424000E+2	2,300748E-5	1,076320E-7	2,434890E+0	4,313406E-3
1,425000E+2	2,247409E-5	7,895006E-8	2,435063E+0	4,003870E-3
1,426000E+2	2,199264E-5	5,975776E-8	2,444271E+0	3,029818E-3
1,427000E+2	2,157508E-5	6,842428E-8	2,448524E+0	2,608495E-3
1,428000E+2	2,119277E-5	6,090401E-8	2,444960E+0	2,259209E-3
1,429000E+2	2,082248E-5	4,490484E-8	2,454650E+0	2,179933E-3
1,430000E+2	2,052037E-5	4,989037E-8	2,464424E+0	1,810681E-3
1,431000E+2	2,013984E-5	5,321879E-8	2,478028E+0	1,877744E-3
1,432000E+2	1,966638E-5	4,899097E-8	2,475276E+0	1,902619E-3
1,433000E+2	1,936114E-5	4,204625E-8	2,481755E+0	3,327595E-3
1,434000E+2	1,910559E-5	3,500556E-8	2,491614E+0	2,089429E-3
1,435000E+2	1,856435E-5	6,433359E-8	2,459106E+0	3,014506E-3
1,436000E+2	1,829343E-5	3,573096E-8	2,469804E+0	2,027277E-3
1,437000E+2	1,806265E-5	4,218554E-8	2,474335E+0	2,365927E-3
1,438000E+2	1,776071E-5	2,739646E-8	2,488984E+0	1,842231E-3
1,439000E+2	1,749004E-5	7,378736E-8	2,494152E+0	4,552181E-3
1,440000E+2	1,729216E-5	6,292238E-8	2,499871E+0	4,832723E-3
1,441000E+2	1,695921E-5	7,857281E-8	2,510374E+0	5,522485E-3
1,442000E+2	1,677753E-5	1,038844E-7	2,504034E+0	6,956930E-3
1,443000E+2	1,625388E-5	9,397038E-8	2,505010E+0	5,043945E-3
1,444000E+2	1,629549E-5	7,597226E-8	2,518966E+0	4,136436E-3
1,445000E+2	1,600948E-5	9,744073E-8	2,522273E+0	4,640931E-3
1,446000E+2	1,575018E-5	1,358012E-7	2,524436E+0	7,612687E-3
1,447000E+2	1,574303E-5	1,037310E-7	2,527323E+0	7,595783E-3
1,448000E+2	1,529128E-5	1,241811E-7	2,515958E+0	8,936502E-3
1,449000E+2	1,502459E-5	1,386698E-7	2,525784E+0	5,869104E-3
1,450000E+2	1,481011E-5	1,354860E-7	2,536697E+0	1,027157E-2
1,451000E+2	1,438780E-5	1,129108E-7	2,537741E+0	9,409291E-3
1,452000E+2	1,477874E-5	1,343225E-7	2,535374E+0	9,188928E-3
1,453000E+2	1,417699E-5	1,731175E-7	2,522995E+0	9,306170E-3
1,454000E+2	1,422010E-5	9,315818E-8	2,523582E+0	8,510971E-3
1,455000E+2	1,386048E-5	7,120290E-8	2,526845E+0	9,163859E-3
1,456000E+2	1,370860E-5	1,047680E-7	2,540446E+0	5,055693E-3
1,457000E+2	1,381901E-5	8,617571E-8	2,544509E+0	8,194615E-3
1,458000E+2	1,345728E-5	9,502133E-8	2,535055E+0	4,809988E-3
1,459000E+2	1,324414E-5	1,077166E-7	2,554597E+0	7,503981E-3
1,460000E+2	1,315543E-5	8,958848E-8	2,542855E+0	7,116445E-3
1,461000E+2	1,268036E-5	8,598712E-8	2,547242E+0	7,543212E-3
1,462000E+2	1,289538E-5	7,992309E-8	2,550814E+0	6,216013E-3
1,463000E+2	1,262638E-5	7,812642E-8	2,576708E+0	7,244564E-3
1,464000E+2	1,264538E-5	6,287840E-8	2,548674E+0	4,915756E-3
1,465000E+2	1,238268E-5	3,827935E-8	2,562527E+0	3,089613E-3
1,466000E+2	1,217638E-5	7,113644E-8	2,568364E+0	4,385875E-3
1,467000E+2	1,215941E-5	4,207850E-8	2,573014E+0	2,511132E-3
1,468000E+2	1,200643E-5	3,177282E-8	2,570972E+0	2,593589E-3
1,469000E+2	1,185976E-5	2,639096E-8	2,576629E+0	3,206690E-3
1,470000E+2	1,179120E-5	3,545490E-8	2,579214E+0	3,107654E-3
1,471000E+2	1,149318E-5	3,595440E-8	2,553392E+0	2,114484E-3
1,472000E+2	1,140230E-5	2,686599E-8	2,556101E+0	2,736541E-3
1,473000E+2	1,125553E-5	3,096169E-8	2,562012E+0	2,526714E-3
1,474000E+2	1,124615E-5	3,323615E-8	2,572701E+0	2,393180E-3
1,475000E+2	1,110827E-5	3,767052E-8	2,574799E+0	3,419696E-3
1,476000E+2	1,099746E-5	4,115751E-8	2,592905E+0	2,702414E-3
1,477000E+2	1,087931E-5	7,610716E-8	2,573745E+0	1,023464E-2
1,478000E+2	1,068642E-5	3,226249E-8	2,560004E+0	3,568717E-3
1,479000E+2	1,065668E-5	1,027602E-7	2,563466E+0	5,151343E-3
1,480000E+2	1,051649E-5	3,500315E-8	2,567218E+0	2,745529E-3
1,481000E+2	1,046312E-5	2,647686E-8	2,573855E+0	3,913366E-3
