Frequenz (Hz), Amplitude (V), FehlerAmp (V), Phase, FehlerPhase bei Temp.:  39,791218, Fehler: 0,0255311,300000E+2	1,447196E-5	3,417305E-7	-2,857823E-1	1,992709E-1
1,301000E+2	1,483522E-5	2,096458E-7	-2,941825E-1	1,377866E-2
1,302000E+2	1,513421E-5	1,759135E-7	-2,707371E-1	1,430138E-2
1,303000E+2	1,531671E-5	1,528075E-7	-2,755750E-1	1,394346E-2
1,304000E+2	1,563077E-5	1,688496E-7	-2,616091E-1	1,154178E-2
1,305000E+2	1,581747E-5	1,458207E-7	-2,582089E-1	1,153330E-2
1,306000E+2	1,623885E-5	9,928329E-8	-2,995171E-1	9,109924E-3
1,307000E+2	1,674795E-5	4,996347E-7	-2,274822E-1	1,912815E-2
1,308000E+2	1,634968E-5	1,256026E-7	-2,430294E-1	1,038733E-2
1,309000E+2	1,649472E-5	1,333996E-7	-2,551910E-1	8,759008E-3
1,310000E+2	1,681027E-5	1,134425E-7	-2,566030E-1	1,000683E-2
1,311000E+2	1,687961E-5	1,181981E-7	-2,680846E-1	7,850885E-3
1,312000E+2	1,715865E-5	1,157829E-7	-2,602456E-1	7,833777E-3
1,313000E+2	1,684866E-5	2,935637E-7	-2,989023E-1	2,759597E-3
1,314000E+2	1,770555E-5	1,107023E-7	-2,487738E-1	8,333918E-3
1,315000E+2	1,812452E-5	1,012791E-7	-2,386076E-1	7,044491E-3
1,316000E+2	1,836425E-5	1,048834E-7	-2,272968E-1	5,578817E-3
1,317000E+2	1,863443E-5	1,007454E-7	-2,288961E-1	6,634523E-3
1,318000E+2	1,898571E-5	8,754493E-8	-2,219416E-1	5,679515E-3
1,319000E+2	1,940702E-5	9,172543E-8	-2,102331E-1	5,595352E-3
1,320000E+2	1,958426E-5	8,532145E-8	-2,156050E-1	5,100510E-3
1,321000E+2	1,989907E-5	7,704313E-8	-2,154376E-1	4,514905E-3
1,322000E+2	2,008158E-5	8,813518E-8	-2,230170E-1	5,075949E-3
1,323000E+2	2,050635E-5	7,942750E-8	-2,131511E-1	3,898032E-3
1,324000E+2	2,088848E-5	6,493956E-8	-2,000581E-1	6,167589E-3
1,325000E+2	2,110926E-5	8,099147E-8	-2,141605E-1	5,036555E-3
1,326000E+2	2,149404E-5	7,451164E-8	-2,125895E-1	3,175040E-3
1,327000E+2	2,181034E-5	8,620701E-8	-1,988178E-1	4,371469E-3
1,328000E+2	2,248986E-5	8,609852E-8	-1,819229E-1	4,172818E-3
1,329000E+2	2,283994E-5	8,221888E-8	-1,702904E-1	3,961033E-3
1,330000E+2	2,319721E-5	5,699500E-8	-1,834889E-1	4,057680E-3
1,331000E+2	2,378753E-5	1,252414E-7	-1,726444E-1	6,669635E-3
1,332000E+2	2,427654E-5	1,138481E-7	-1,524129E-1	3,030982E-3
1,333000E+2	2,480381E-5	9,513621E-8	-1,422386E-1	4,445685E-3
1,334000E+2	2,499597E-5	7,505495E-8	-1,681931E-1	4,204469E-3
1,335000E+2	2,530898E-5	1,254167E-7	-1,539596E-1	9,350439E-3
1,336000E+2	2,622896E-5	9,242868E-8	-1,426263E-1	2,347085E-3
1,337000E+2	2,684255E-5	7,819472E-8	-1,321093E-1	3,505542E-3
1,338000E+2	2,741403E-5	6,763792E-8	-1,169918E-1	3,003820E-3
1,339000E+2	2,801812E-5	5,892595E-8	-1,182671E-1	2,372992E-3
1,340000E+2	2,876832E-5	7,157445E-8	-1,052337E-1	2,968841E-3
1,341000E+2	2,952990E-5	7,721347E-8	-8,784197E-2	2,761713E-3
1,342000E+2	3,023089E-5	8,457492E-8	-8,116845E-2	3,607650E-3
1,343000E+2	3,085091E-5	6,763257E-8	-7,755520E-2	1,578720E-3
1,344000E+2	3,176071E-5	7,909087E-8	-6,025557E-2	2,353653E-3
1,345000E+2	3,239775E-5	7,121064E-8	-6,666893E-2	2,453018E-3
1,346000E+2	3,324850E-5	9,364849E-8	-5,364741E-2	2,697161E-3
1,347000E+2	3,420289E-5	7,075754E-8	-3,552775E-2	2,031292E-3
1,348000E+2	3,516977E-5	7,403141E-8	-1,655310E-2	2,727913E-3
1,349000E+2	3,626303E-5	5,126015E-8	6,512945E-3	1,912140E-3
1,350000E+2	3,760417E-5	1,100333E-7	2,766083E-2	2,209983E-3
1,351000E+2	3,841596E-5	7,378779E-8	3,208186E-2	1,816505E-3
1,352000E+2	3,966006E-5	7,160797E-8	5,344434E-2	1,901554E-3
1,353000E+2	4,093266E-5	9,409636E-8	7,783199E-2	2,035682E-3
1,354000E+2	4,194638E-5	6,560187E-8	7,897449E-2	1,280084E-3
1,355000E+2	4,341595E-5	9,898750E-8	1,032826E-1	1,877484E-3
1,356000E+2	4,508126E-5	1,150581E-7	1,291001E-1	1,997670E-3
1,357000E+2	4,661161E-5	1,119744E-7	1,599518E-1	2,032556E-3
1,358000E+2	4,828253E-5	8,841168E-8	1,902403E-1	2,121889E-3
1,359000E+2	5,010765E-5	1,233479E-7	2,201800E-1	2,441446E-3
1,360000E+2	5,156752E-5	9,814033E-8	2,286948E-1	3,270525E-3
1,361000E+2	5,333778E-5	1,140899E-7	2,577580E-1	2,120931E-3
1,362000E+2	5,532781E-5	1,194911E-7	2,946558E-1	2,543975E-3
1,363000E+2	5,765414E-5	1,254631E-7	3,404893E-1	3,174746E-3
1,364000E+2	5,982605E-5	1,438767E-7	3,854690E-1	2,807678E-3
1,365000E+2	6,144962E-5	8,900482E-8	3,941411E-1	1,274057E-3
1,366000E+2	6,362479E-5	1,339800E-7	4,428555E-1	3,185089E-3
1,367000E+2	6,615460E-5	1,468080E-7	4,948287E-1	3,000977E-3
1,368000E+2	6,840797E-5	1,460724E-7	5,523050E-1	3,465708E-3
1,369000E+2	7,062634E-5	1,418737E-7	6,131958E-1	3,125668E-3
1,370000E+2	7,293832E-5	1,250863E-7	6,752381E-1	3,794583E-3
1,371000E+2	7,525444E-5	1,147353E-7	7,412734E-1	3,341543E-3
1,372000E+2	7,654305E-5	9,303736E-8	7,886530E-1	2,643267E-3
1,373000E+2	7,802070E-5	1,360712E-7	8,579042E-1	3,913497E-3
1,374000E+2	7,941607E-5	1,341376E-7	9,341746E-1	4,542928E-3
1,375000E+2	8,071127E-5	1,069851E-7	1,009706E+0	4,065543E-3
1,376000E+2	8,107522E-5	8,019924E-8	1,086032E+0	4,236285E-3
1,377000E+2	8,124865E-5	7,914539E-8	1,167104E+0	4,019482E-3
1,378000E+2	8,022806E-5	9,819169E-8	1,217601E+0	2,553693E-3
1,379000E+2	7,948709E-5	9,333869E-8	1,289185E+0	4,452161E-3
1,380000E+2	7,834370E-5	1,516922E-7	1,366959E+0	4,068642E-3
1,381000E+2	7,637286E-5	1,590853E-7	1,411298E+0	2,740576E-3
1,382000E+2	7,470334E-5	1,402575E-7	1,483355E+0	3,319887E-3
1,383000E+2	7,298750E-5	1,137423E-7	1,547510E+0	4,307396E-3
1,384000E+2	7,101201E-5	1,678181E-7	1,609763E+0	3,492171E-3
1,385000E+2	6,872484E-5	1,701367E-7	1,671337E+0	3,689664E-3
1,386000E+2	6,667477E-5	1,058763E-7	1,730485E+0	3,220563E-3
1,387000E+2	6,376345E-5	1,620591E-7	1,752430E+0	2,258310E-3
1,388000E+2	6,175447E-5	2,185544E-7	1,798042E+0	3,677894E-3
1,389000E+2	5,920273E-5	1,918145E-7	1,843884E+0	3,217428E-3
1,390000E+2	5,743732E-5	2,250537E-7	1,887918E+0	4,594711E-3
1,391000E+2	5,527017E-5	1,523888E-7	1,931512E+0	3,161636E-3
1,392000E+2	5,345828E-5	2,300694E-7	1,964609E+0	3,261399E-3
1,393000E+2	5,145983E-5	1,902745E-7	1,978416E+0	5,632790E-3
1,394000E+2	4,944712E-5	1,997634E-7	2,004663E+0	3,385567E-3
1,395000E+2	4,760801E-5	2,142709E-7	2,036017E+0	3,638784E-3
1,396000E+2	4,578920E-5	1,634103E-7	2,066249E+0	4,713904E-3
1,397000E+2	4,465096E-5	1,689110E-7	2,100994E+0	4,501813E-3
1,398000E+2	4,290770E-5	1,184565E-7	2,101030E+0	3,640014E-3
1,399000E+2	4,177372E-5	1,803758E-7	2,138463E+0	3,274747E-3
1,400000E+2	4,056266E-5	1,609199E-7	2,162587E+0	2,648850E-3
1,401000E+2	3,927057E-5	1,133741E-7	2,184581E+0	2,870066E-3
1,402000E+2	3,816126E-5	1,400710E-7	2,211951E+0	3,927352E-3
1,403000E+2	3,690364E-5	1,157494E-7	2,208486E+0	3,385855E-3
1,404000E+2	3,575797E-5	9,301383E-8	2,232577E+0	3,128150E-3
1,405000E+2	3,470452E-5	1,106105E-7	2,248406E+0	2,166803E-3
1,406000E+2	3,357775E-5	1,109633E-7	2,251467E+0	2,622615E-3
1,407000E+2	3,286834E-5	9,819793E-8	2,273546E+0	3,047677E-3
1,408000E+2	3,189356E-5	1,077031E-7	2,290656E+0	2,810764E-3
1,409000E+2	3,121293E-5	7,495845E-8	2,296149E+0	3,023408E-3
1,410000E+2	3,041379E-5	9,750175E-8	2,312493E+0	3,098247E-3
1,411000E+2	2,987423E-5	9,545079E-8	2,325589E+0	3,232280E-3
1,412000E+2	2,906990E-5	1,492179E-7	2,323231E+0	3,685836E-3
1,413000E+2	2,812376E-5	6,713465E-8	2,339927E+0	3,709935E-3
1,414000E+2	2,747169E-5	6,054026E-8	2,356263E+0	3,611237E-3
1,415000E+2	2,678054E-5	6,979660E-8	2,353843E+0	3,654841E-3
1,416000E+2	2,625859E-5	5,519958E-8	2,365595E+0	2,141419E-3
1,417000E+2	2,554416E-5	8,584822E-8	2,378024E+0	4,084854E-3
1,418000E+2	2,507769E-5	1,196151E-7	2,366477E+0	4,347702E-3
1,419000E+2	2,450022E-5	5,570471E-8	2,387933E+0	3,087657E-3
1,420000E+2	2,411073E-5	6,417404E-8	2,397256E+0	2,810238E-3
1,421000E+2	2,360376E-5	1,248189E-7	2,403377E+0	4,239915E-3
1,422000E+2	2,295700E-5	4,461022E-8	2,408946E+0	2,172674E-3
1,423000E+2	2,265999E-5	7,210902E-8	2,415005E+0	2,353154E-3
1,424000E+2	2,224650E-5	5,177207E-8	2,429982E+0	2,395711E-3
1,425000E+2	2,160932E-5	4,699690E-8	2,404502E+0	2,622323E-3
1,426000E+2	2,116644E-5	7,954706E-8	2,408905E+0	3,180628E-3
1,427000E+2	2,075507E-5	4,887017E-8	2,417046E+0	2,476809E-3
1,428000E+2	2,050101E-5	3,470510E-8	2,434155E+0	2,507150E-3
1,429000E+2	2,013768E-5	4,271859E-8	2,438301E+0	2,385745E-3
1,430000E+2	1,986073E-5	3,436657E-8	2,454472E+0	1,704543E-3
1,431000E+2	1,946248E-5	4,146253E-8	2,460820E+0	2,425878E-3
1,432000E+2	1,903676E-5	2,355633E-8	2,455366E+0	2,215144E-3
1,433000E+2	1,882759E-5	4,791847E-8	2,462411E+0	2,590007E-3
1,434000E+2	1,857266E-5	3,875573E-8	2,473910E+0	3,617479E-3
1,435000E+2	1,797515E-5	6,045085E-8	2,447552E+0	3,047885E-3
1,436000E+2	1,771708E-5	4,978256E-8	2,457475E+0	3,086949E-3
1,437000E+2	1,742502E-5	5,120924E-8	2,460944E+0	4,470239E-3
1,438000E+2	1,722645E-5	4,656465E-8	2,468265E+0	3,309397E-3
1,439000E+2	1,693821E-5	6,937811E-8	2,481625E+0	4,223013E-3
1,440000E+2	1,674449E-5	4,812115E-8	2,487619E+0	3,424262E-3
1,441000E+2	1,634881E-5	6,233529E-8	2,482909E+0	4,085467E-3
1,442000E+2	1,618755E-5	1,160405E-7	2,495643E+0	4,552199E-3
1,443000E+2	1,587690E-5	8,428154E-8	2,495802E+0	4,905492E-3
1,444000E+2	1,571627E-5	1,031338E-7	2,507056E+0	5,799288E-3
1,445000E+2	1,536937E-5	1,082028E-7	2,495757E+0	7,467979E-3
1,446000E+2	1,518781E-5	1,342817E-7	2,485774E+0	7,261752E-3
1,447000E+2	1,505729E-5	1,142819E-7	2,504429E+0	8,330267E-3
1,448000E+2	1,483360E-5	6,686117E-8	2,501761E+0	4,038870E-3
1,449000E+2	1,488447E-5	1,222483E-7	2,497632E+0	1,045041E-2
1,450000E+2	1,430736E-5	1,897000E-7	2,552073E+0	9,507163E-3
1,451000E+2	1,417406E-5	1,783214E-7	2,517616E+0	1,105592E-2
1,452000E+2	1,426741E-5	1,907416E-7	2,524699E+0	9,117719E-3
1,453000E+2	1,383104E-5	8,892150E-8	2,532057E+0	5,578151E-3
1,454000E+2	1,374854E-5	9,209413E-8	2,522904E+0	9,399414E-3
1,455000E+2	1,374454E-5	1,031370E-7	2,530068E+0	5,155046E-3
1,456000E+2	1,344228E-5	8,281183E-8	2,529010E+0	6,364967E-3
1,457000E+2	1,315132E-5	9,215211E-8	2,537538E+0	9,866564E-3
1,458000E+2	1,304494E-5	5,368297E-8	2,533950E+0	6,508569E-3
1,459000E+2	1,279997E-5	9,848379E-8	2,547647E+0	7,202436E-3
1,460000E+2	1,279476E-5	4,462374E-8	2,546587E+0	2,394832E-3
1,461000E+2	1,264573E-5	5,793912E-8	2,537103E+0	5,486988E-3
1,462000E+2	1,238584E-5	5,028137E-8	2,549628E+0	6,524052E-3
1,463000E+2	1,244859E-5	5,372782E-8	2,554748E+0	3,587539E-3
1,464000E+2	1,225522E-5	8,396719E-8	2,559601E+0	6,568563E-3
1,465000E+2	1,200651E-5	4,148070E-8	2,556313E+0	2,880532E-3
1,466000E+2	1,189118E-5	5,738094E-8	2,559637E+0	4,552816E-3
1,467000E+2	1,182647E-5	2,765321E-8	2,571479E+0	4,344404E-3
1,468000E+2	1,166643E-5	5,684834E-8	2,559509E+0	4,103595E-3
1,469000E+2	1,161412E-5	3,945079E-8	2,563129E+0	4,738455E-3
1,470000E+2	1,132536E-5	3,877239E-8	2,555397E+0	3,973030E-3
1,471000E+2	1,124826E-5	4,443705E-8	2,550947E+0	4,290702E-3
1,472000E+2	1,112896E-5	5,548606E-8	2,567422E+0	2,881946E-3
1,473000E+2	1,105075E-5	5,533232E-8	2,575677E+0	3,349486E-3
1,474000E+2	1,091846E-5	5,197164E-8	2,566544E+0	3,876411E-3
1,475000E+2	1,082357E-5	3,551847E-8	2,571259E+0	4,119009E-3
1,476000E+2	1,090720E-5	7,971983E-8	2,573925E+0	7,171720E-3
1,477000E+2	1,065868E-5	5,700958E-8	2,571824E+0	6,355789E-3
1,478000E+2	1,054734E-5	5,239914E-8	2,593038E+0	7,621512E-3
1,479000E+2	1,030954E-5	4,630666E-8	2,572886E+0	4,674330E-3
1,480000E+2	1,039066E-5	4,268489E-8	2,576605E+0	5,079751E-3
1,481000E+2	1,018906E-5	3,244191E-8	2,577301E+0	4,308918E-3
