Frequenz (Hz), Amplitude (V), FehlerAmp (V), Phase, FehlerPhase bei Temp.:  59,189679, Fehler: 0,0241031,300000E+2	1,273658E-5	5,151841E-7	-2,868863E-1	2,116571E-1
1,301000E+2	1,355454E-5	3,472917E-7	-2,560671E-1	2,315445E-2
1,302000E+2	1,361583E-5	3,736782E-7	-2,973609E-1	2,465049E-2
1,303000E+2	1,485306E-5	5,612665E-7	-2,803579E-1	3,354575E-2
1,304000E+2	1,449112E-5	3,329662E-7	-2,676773E-1	3,437677E-2
1,305000E+2	1,439559E-5	3,340365E-7	-2,283214E-1	2,608404E-2
1,306000E+2	1,415511E-5	4,015583E-7	-2,631507E-1	3,219765E-2
1,307000E+2	1,458494E-5	3,149017E-7	-3,173136E-1	2,620408E-2
1,308000E+2	1,529835E-5	4,249096E-7	-2,074829E-1	2,814369E-2
1,309000E+2	1,599615E-5	4,070389E-7	-2,832826E-1	2,009650E-2
1,310000E+2	1,549209E-5	3,316492E-7	-2,694146E-1	2,324698E-2
1,311000E+2	1,516257E-5	2,984387E-7	-2,617394E-1	2,123214E-2
1,312000E+2	1,556528E-5	3,143789E-7	-2,632269E-1	1,414946E-2
1,313000E+2	1,593957E-5	1,544671E-7	-2,554205E-1	8,102404E-3
1,314000E+2	1,660691E-5	2,974232E-7	-2,223802E-1	1,244856E-2
1,315000E+2	1,691678E-5	2,198674E-7	-2,245706E-1	2,177821E-2
1,316000E+2	1,679446E-5	3,173923E-7	-2,318623E-1	1,613837E-2
1,317000E+2	1,739994E-5	2,993786E-7	-2,075782E-1	9,365097E-3
1,318000E+2	1,759453E-5	2,877670E-7	-2,149329E-1	1,275245E-2
1,319000E+2	1,769746E-5	3,115227E-7	-2,142231E-1	2,374591E-2
1,320000E+2	1,852150E-5	2,273858E-7	-2,014942E-1	1,852595E-2
1,321000E+2	1,861106E-5	2,407762E-7	-1,452345E-1	1,126679E-2
1,322000E+2	1,917702E-5	2,124219E-7	-2,031312E-1	1,096991E-2
1,323000E+2	1,919001E-5	1,498431E-7	-1,698147E-1	1,667254E-2
1,324000E+2	2,009018E-5	3,507887E-7	-1,732301E-1	1,175413E-2
1,325000E+2	1,963595E-5	3,858199E-7	-1,732103E-1	2,700624E-2
1,326000E+2	2,024678E-5	2,669492E-7	-1,878262E-1	1,714913E-2
1,327000E+2	2,121460E-5	3,643562E-7	-1,799488E-1	1,972228E-2
1,328000E+2	2,119062E-5	2,352378E-7	-1,732011E-1	1,223662E-2
1,329000E+2	2,207728E-5	3,453190E-7	-1,340232E-1	1,381292E-2
1,330000E+2	2,195419E-5	2,739735E-7	-1,871763E-1	1,236597E-2
1,331000E+2	2,340526E-5	4,009484E-7	-1,566159E-1	1,758534E-2
1,332000E+2	2,282987E-5	4,161098E-7	-1,222154E-1	1,442479E-2
1,333000E+2	2,347920E-5	3,087248E-7	-1,349497E-1	1,407230E-2
1,334000E+2	2,413897E-5	2,008468E-7	-1,535314E-1	1,281762E-2
1,335000E+2	2,500368E-5	2,421357E-7	-1,157066E-1	6,685312E-3
1,336000E+2	2,548366E-5	3,186498E-7	-9,529901E-2	1,060868E-2
1,337000E+2	2,635693E-5	2,521437E-7	-1,158498E-1	7,290128E-3
1,338000E+2	2,713647E-5	2,150082E-7	-7,270701E-2	1,094037E-2
1,339000E+2	2,750430E-5	2,852622E-7	-9,271948E-2	7,332477E-3
1,340000E+2	2,875112E-5	3,700132E-7	-9,133245E-2	8,512129E-3
1,341000E+2	2,934151E-5	4,561727E-7	-5,963726E-2	1,436673E-2
1,342000E+2	3,022231E-5	3,059897E-7	-4,461380E-2	6,841287E-3
1,343000E+2	3,075500E-5	2,943862E-7	-3,815845E-2	1,058819E-2
1,344000E+2	3,227124E-5	4,243608E-7	-9,334752E-3	8,947903E-3
1,345000E+2	3,251595E-5	3,142291E-7	-2,922328E-2	1,156531E-2
1,346000E+2	3,329792E-5	3,326738E-7	3,424147E-3	1,192675E-2
1,347000E+2	3,549127E-5	2,278365E-7	1,541387E-2	7,138444E-3
1,348000E+2	3,710768E-5	2,633016E-7	5,050318E-2	9,085463E-3
1,349000E+2	3,756006E-5	2,723316E-7	7,514399E-2	9,973752E-3
1,350000E+2	3,978385E-5	3,197062E-7	9,855040E-2	6,820394E-3
1,351000E+2	3,907813E-5	4,732635E-7	1,416443E-1	1,976924E-2
1,352000E+2	3,734354E-5	8,345781E-7	3,095388E-1	1,277689E-2
1,353000E+2	3,586044E-5	1,229496E-6	3,987968E-1	1,788939E-2
1,354000E+2	2,983402E-5	7,303040E-7	4,741138E-1	1,235273E-2
1,355000E+2	2,608588E-5	5,371803E-7	4,313164E-1	1,500463E-2
1,356000E+2	2,405107E-5	3,595429E-7	2,991852E-1	1,787787E-2
1,357000E+2	2,478769E-5	2,993807E-7	3,271207E-1	9,242235E-3
1,358000E+2	2,526028E-5	2,620559E-7	2,718044E-1	1,069647E-2
1,359000E+2	2,651471E-5	2,392592E-7	3,491869E-1	1,188569E-2
1,360000E+2	2,765821E-5	3,371434E-7	3,973067E-1	1,316973E-2
1,361000E+2	2,862403E-5	2,099249E-7	4,370204E-1	8,232643E-3
1,362000E+2	3,047754E-5	2,367053E-7	5,007777E-1	6,309053E-3
1,363000E+2	3,162873E-5	1,656165E-7	5,398508E-1	6,954472E-3
1,364000E+2	3,301590E-5	1,793337E-7	6,123273E-1	7,520079E-3
1,365000E+2	3,429587E-5	2,040919E-7	6,586139E-1	5,058694E-3
1,366000E+2	3,494293E-5	2,714505E-7	6,950790E-1	3,719572E-3
1,367000E+2	3,628736E-5	2,342033E-7	7,895604E-1	5,339645E-3
1,368000E+2	3,782420E-5	3,070212E-7	8,704570E-1	8,695982E-3
1,369000E+2	3,878806E-5	3,688474E-7	9,942011E-1	1,186611E-2
1,370000E+2	4,251756E-5	3,977121E-7	1,165403E+0	9,123617E-3
1,371000E+2	4,298732E-5	4,440451E-7	1,260203E+0	1,157603E-2
1,372000E+2	4,964930E-5	1,047879E-6	1,398075E+0	9,997207E-3
1,373000E+2	6,249685E-5	1,418389E-6	1,508639E+0	1,126567E-2
1,374000E+2	4,750815E-5	1,100924E-6	1,577953E+0	1,107386E-2
1,375000E+2	4,273335E-5	6,332598E-7	1,596494E+0	1,163897E-2
1,376000E+2	4,982059E-5	1,131691E-6	1,767290E+0	7,178448E-3
1,377000E+2	4,520157E-5	4,988194E-7	1,818153E+0	9,279681E-3
1,378000E+2	5,051049E-5	1,051027E-6	1,879298E+0	7,186021E-3
1,379000E+2	5,080062E-5	7,455538E-7	1,945517E+0	8,114978E-3
1,380000E+2	4,970169E-5	1,286325E-6	1,999274E+0	9,679705E-3
1,381000E+2	5,572067E-5	1,060843E-6	1,962716E+0	1,441404E-2
1,382000E+2	5,874310E-5	1,923032E-7	1,927150E+0	4,768385E-3
1,383000E+2	5,506290E-5	4,897856E-7	2,034603E+0	1,469072E-2
1,384000E+2	4,803511E-5	9,454293E-7	2,161239E+0	1,212503E-2
1,385000E+2	4,437742E-5	4,412850E-7	2,205575E+0	7,125862E-3
1,386000E+2	4,134668E-5	6,354210E-7	2,235083E+0	9,173431E-3
1,387000E+2	3,510354E-5	9,382003E-7	2,296696E+0	1,226556E-2
1,388000E+2	3,282309E-5	6,363226E-7	2,354494E+0	7,294059E-3
1,389000E+2	2,949350E-5	5,349665E-7	2,397209E+0	1,107247E-2
1,390000E+2	2,938853E-5	3,198172E-7	2,406939E+0	7,837317E-3
1,391000E+2	3,038120E-5	2,746904E-7	2,429443E+0	7,875712E-3
1,392000E+2	2,750735E-5	5,275174E-7	2,480041E+0	1,155449E-2
1,393000E+2	3,034837E-5	5,217922E-7	2,490325E+0	1,995003E-2
1,394000E+2	2,957248E-5	2,860524E-7	2,495119E+0	9,243624E-3
1,395000E+2	2,768067E-5	2,899930E-7	2,521811E+0	7,009875E-3
1,396000E+2	2,673914E-5	4,741866E-7	2,534717E+0	1,630900E-2
1,397000E+2	2,631949E-5	2,428292E-7	2,539466E+0	8,816177E-3
1,398000E+2	2,298786E-5	3,868756E-7	2,565408E+0	1,152156E-2
1,399000E+2	2,309491E-5	3,622058E-7	2,595866E+0	8,467785E-3
1,400000E+2	2,495465E-5	2,968475E-7	2,578676E+0	1,160751E-2
1,401000E+2	2,540296E-5	2,922852E-7	2,561905E+0	1,139467E-2
1,402000E+2	2,614786E-5	5,418128E-7	2,530211E+0	1,537553E-2
1,403000E+2	2,616521E-5	4,605918E-7	2,509273E+0	1,477354E-2
1,404000E+2	2,400093E-5	4,439978E-7	2,566171E+0	1,117399E-2
1,405000E+2	2,366569E-5	3,735990E-7	2,594440E+0	1,415524E-2
1,406000E+2	2,439637E-5	4,771539E-7	2,529024E+0	1,792090E-2
1,407000E+2	2,285198E-5	2,749346E-7	2,582853E+0	1,596355E-2
1,408000E+2	2,165646E-5	3,204265E-7	2,651703E+0	1,957651E-2
1,409000E+2	2,192369E-5	3,696834E-7	2,606579E+0	1,932467E-2
1,410000E+2	2,179223E-5	1,861347E-7	2,549153E+0	8,658600E-3
1,411000E+2	2,182547E-5	2,538733E-7	2,562836E+0	1,094493E-2
1,412000E+2	2,054444E-5	3,187579E-7	2,604937E+0	1,136128E-2
1,413000E+2	1,897257E-5	3,680162E-7	2,669373E+0	1,369662E-2
1,414000E+2	1,936475E-5	3,014813E-7	2,650436E+0	1,555181E-2
1,415000E+2	1,865136E-5	4,647959E-7	2,621554E+0	1,501386E-2
1,416000E+2	1,946408E-5	3,020532E-7	2,596867E+0	1,037890E-2
1,417000E+2	1,826580E-5	2,584187E-7	2,644956E+0	1,558572E-2
1,418000E+2	1,825158E-5	2,218352E-7	2,641028E+0	1,190005E-2
1,419000E+2	1,826973E-5	2,183136E-7	2,628924E+0	1,083774E-2
1,420000E+2	1,817258E-5	1,238750E-7	2,617738E+0	9,863706E-3
1,421000E+2	1,786092E-5	9,683631E-8	2,613782E+0	4,145618E-3
1,422000E+2	1,675751E-5	1,658078E-7	2,639707E+0	5,916109E-3
1,423000E+2	1,585669E-5	1,373595E-7	2,697807E+0	1,062534E-2
1,424000E+2	1,606441E-5	9,315553E-8	2,684567E+0	6,361915E-3
1,425000E+2	1,628272E-5	1,652320E-7	2,659284E+0	1,300080E-2
1,426000E+2	1,558883E-5	2,115821E-7	2,662984E+0	1,585336E-2
1,427000E+2	1,607035E-5	1,778767E-7	2,675589E+0	1,349578E-2
1,428000E+2	1,450667E-5	1,860645E-7	2,699509E+0	1,007496E-2
1,429000E+2	1,507951E-5	1,788433E-7	2,661917E+0	1,323431E-2
1,430000E+2	1,502886E-5	2,486689E-7	2,668794E+0	1,630459E-2
1,431000E+2	1,447281E-5	2,161160E-7	2,664180E+0	1,384535E-2
1,432000E+2	1,447569E-5	1,581553E-7	2,639203E+0	1,253106E-2
1,433000E+2	1,430836E-5	1,789416E-7	2,693400E+0	2,267551E-2
1,434000E+2	1,336401E-5	2,481333E-7	2,702241E+0	1,298139E-2
1,435000E+2	1,315473E-5	2,173024E-7	2,742633E+0	2,036557E-2
1,436000E+2	1,344493E-5	2,006126E-7	2,661149E+0	1,427295E-2
1,437000E+2	1,332769E-5	2,015938E-7	2,672845E+0	1,326899E-2
1,438000E+2	1,334116E-5	2,147681E-7	2,621851E+0	1,401585E-2
1,439000E+2	1,322391E-5	2,014603E-7	2,645213E+0	1,215554E-2
1,440000E+2	1,282416E-5	1,930997E-7	2,657232E+0	1,625648E-2
1,441000E+2	1,282041E-5	1,411274E-7	2,639147E+0	1,129105E-2
1,442000E+2	1,232659E-5	1,702642E-7	2,670592E+0	1,804251E-2
1,443000E+2	1,212799E-5	2,296353E-7	2,659173E+0	1,766402E-2
1,444000E+2	1,250626E-5	1,741011E-7	2,661314E+0	1,174663E-2
1,445000E+2	1,172844E-5	1,331220E-7	2,686960E+0	2,284003E-2
1,446000E+2	1,184279E-5	1,806127E-7	2,700651E+0	1,850026E-2
1,447000E+2	1,151999E-5	1,412616E-7	2,720280E+0	1,296042E-2
1,448000E+2	1,162785E-5	2,193275E-7	2,695806E+0	2,230572E-2
1,449000E+2	1,123769E-5	3,646994E-7	2,625508E+0	1,904892E-2
1,450000E+2	1,166011E-5	2,360780E-7	2,672400E+0	2,211316E-2
1,451000E+2	1,068400E-5	3,250630E-7	2,627595E+0	2,078638E-2
1,452000E+2	1,083880E-5	3,669974E-7	2,703461E+0	2,484789E-2
1,453000E+2	1,076177E-5	1,689800E-7	2,745939E+0	1,501592E-2
1,454000E+2	9,857442E-6	2,489325E-7	2,740887E+0	2,171126E-2
1,455000E+2	9,855500E-6	3,203705E-7	2,781887E+0	2,787391E-2
1,456000E+2	9,738504E-6	2,248415E-7	2,698585E+0	2,378032E-2
1,457000E+2	9,848754E-6	1,824330E-7	2,750245E+0	1,984228E-2
1,458000E+2	9,872985E-6	3,193664E-7	2,737028E+0	2,420479E-2
1,459000E+2	9,746894E-6	3,350929E-7	2,739600E+0	3,463924E-2
1,460000E+2	1,018440E-5	3,910366E-7	2,423437E+0	2,916487E-1
1,461000E+2	9,748046E-6	4,908083E-7	2,724522E+0	2,555936E-2
1,462000E+2	1,105390E-5	5,296621E-7	2,641427E+0	3,481576E-2
1,463000E+2	9,604289E-6	3,570367E-7	2,708866E+0	2,593719E-2
1,464000E+2	9,851567E-6	2,641030E-7	2,653566E+0	3,160637E-2
1,465000E+2	8,858878E-6	2,955504E-7	2,640984E+0	3,571052E-2
1,466000E+2	8,503198E-6	3,539520E-7	2,394810E+0	2,749997E-1
1,467000E+2	8,950661E-6	2,745293E-7	2,750722E+0	3,185425E-2
1,468000E+2	8,809462E-6	2,356571E-7	2,736032E+0	2,095711E-2
1,469000E+2	9,032773E-6	2,910851E-7	2,666694E+0	2,911212E-2
1,470000E+2	9,550906E-6	2,333050E-7	2,656470E+0	2,738110E-2
1,471000E+2	9,355281E-6	3,267986E-7	2,641578E+0	2,821166E-2
1,472000E+2	8,696910E-6	4,958205E-7	2,767698E+0	4,478234E-2
1,473000E+2	8,872477E-6	4,770421E-7	1,862536E+0	4,727635E-1
1,474000E+2	8,491734E-6	3,087833E-7	2,794254E+0	4,723126E-2
1,475000E+2	8,563286E-6	5,102920E-7	2,722219E+0	3,885855E-2
1,476000E+2	8,474400E-6	2,803065E-7	2,762691E+0	2,865292E-2
1,477000E+2	8,461223E-6	2,357696E-7	2,810410E+0	3,087524E-2
1,478000E+2	7,984316E-6	2,259709E-7	2,414647E+0	2,839624E-1
1,479000E+2	7,938536E-6	2,154718E-7	2,692072E+0	2,526393E-2
1,480000E+2	7,703389E-6	2,598548E-7	2,682846E+0	3,475165E-2
1,481000E+2	8,333688E-6	2,610887E-7	2,682580E+0	3,411397E-2
