Frequenz (Hz), Amplitude (V), FehlerAmp (V), Phase, FehlerPhase bei Temp.:  42,695024, Fehler: 0,0000001,300000E+2	1,210007E-5	3,508352E-7	-3,467113E-2	1,455554E-1
1,301000E+2	1,325418E-5	2,034404E-7	-1,616007E-1	1,156773E-2
1,302000E+2	1,479758E-5	1,311476E-7	-2,137464E-1	1,541601E-2
1,303000E+2	1,483412E-5	1,496579E-7	-2,080405E-1	1,439573E-2
1,304000E+2	1,506917E-5	1,568505E-7	-2,070746E-1	1,194675E-2
1,305000E+2	1,496164E-5	1,727020E-7	-1,903764E-1	1,162556E-2
1,306000E+2	1,435675E-5	1,677721E-7	-1,602417E-1	1,178307E-2
1,307000E+2	1,541879E-5	1,253379E-7	-2,159219E-1	9,791705E-3
1,308000E+2	1,581735E-5	1,505884E-7	-2,084049E-1	8,896300E-3
1,309000E+2	1,588097E-5	1,850309E-7	-1,952683E-1	8,433726E-3
1,310000E+2	1,618020E-5	1,456130E-7	-2,003850E-1	9,016214E-3
1,311000E+2	1,697117E-5	1,119953E-7	-2,307421E-1	8,414239E-3
1,312000E+2	1,717615E-5	1,489126E-7	-2,268361E-1	9,174845E-3
1,313000E+2	1,729085E-5	1,449123E-7	-2,457688E-1	8,842901E-3
1,314000E+2	1,759525E-5	1,404817E-7	-2,190127E-1	7,128184E-3
1,315000E+2	1,791796E-5	1,365833E-7	-2,154718E-1	7,311881E-3
1,316000E+2	1,826387E-5	1,676567E-7	-2,082760E-1	8,168996E-3
1,317000E+2	1,826745E-5	1,312447E-7	-2,082341E-1	7,030269E-3
1,318000E+2	1,843917E-5	1,525659E-7	-1,914966E-1	9,880697E-3
1,319000E+2	1,896677E-5	1,083480E-7	-2,368998E-1	4,937717E-3
1,320000E+2	1,966759E-5	7,182999E-8	-2,246672E-1	6,603017E-3
1,321000E+2	1,955748E-5	1,082498E-7	-1,969573E-1	6,286172E-3
1,322000E+2	1,973396E-5	9,373088E-8	-1,777338E-1	5,816575E-3
1,323000E+2	1,995293E-5	1,208945E-7	-1,549144E-1	6,064784E-3
1,324000E+2	2,056064E-5	7,984023E-8	-1,465233E-1	6,911925E-3
1,325000E+2	2,074680E-5	1,036990E-7	-1,745786E-1	7,425198E-3
1,326000E+2	2,129104E-5	8,594870E-8	-1,750065E-1	5,497030E-3
1,327000E+2	2,156814E-5	6,533529E-8	-1,731291E-1	3,831639E-3
1,328000E+2	2,235265E-5	8,704842E-8	-1,767057E-1	5,690716E-3
1,329000E+2	2,276838E-5	1,188088E-7	-1,806378E-1	6,014562E-3
1,330000E+2	2,325504E-5	8,379337E-8	-1,638638E-1	3,031594E-3
1,331000E+2	2,365039E-5	1,606386E-7	-1,819723E-1	5,897118E-3
1,332000E+2	2,380793E-5	1,629869E-7	-1,663352E-1	5,921089E-3
1,333000E+2	2,443589E-5	1,654165E-7	-1,489049E-1	7,606036E-3
1,334000E+2	2,526105E-5	2,013347E-7	-1,592627E-1	5,999473E-3
1,335000E+2	2,601504E-5	9,793072E-8	-1,525612E-1	5,538022E-3
1,336000E+2	2,619807E-5	8,483101E-8	-1,435491E-1	4,281125E-3
1,337000E+2	2,684057E-5	7,204259E-8	-1,336628E-1	2,727738E-3
1,338000E+2	2,752964E-5	1,035788E-7	-1,115078E-1	5,884710E-3
1,339000E+2	2,789039E-5	1,655770E-7	-9,986748E-2	6,456891E-3
1,340000E+2	2,840354E-5	1,410900E-7	-9,507463E-2	6,724765E-3
1,341000E+2	2,993352E-5	1,334443E-7	-8,530009E-2	5,848257E-3
1,342000E+2	3,043801E-5	1,098346E-7	-8,521846E-2	2,003887E-3
1,343000E+2	3,088314E-5	1,420010E-7	-7,954020E-2	4,522857E-3
1,344000E+2	3,189911E-5	1,355124E-7	-5,450950E-2	3,883976E-3
1,345000E+2	3,267437E-5	9,283891E-8	-4,415704E-2	3,417042E-3
1,346000E+2	3,374281E-5	1,946836E-7	-2,368998E-2	4,313769E-3
1,347000E+2	3,467214E-5	1,315073E-7	-4,465958E-3	4,038765E-3
1,348000E+2	3,560627E-5	1,482767E-7	-2,270576E-2	5,470426E-3
1,349000E+2	3,603671E-5	1,800441E-7	-4,110148E-3	6,646216E-3
1,350000E+2	3,809262E-5	2,172411E-7	1,577818E-2	4,204926E-3
1,351000E+2	3,865310E-5	2,169341E-7	4,327044E-2	3,606159E-3
1,352000E+2	4,029141E-5	1,342978E-7	7,793839E-2	3,638887E-3
1,353000E+2	4,161281E-5	1,680457E-7	9,874624E-2	2,991226E-3
1,354000E+2	4,280946E-5	2,179511E-7	1,033128E-1	4,865543E-3
1,355000E+2	4,419906E-5	1,773447E-7	1,635110E-1	3,527420E-3
1,356000E+2	4,572813E-5	1,635994E-7	1,820586E-1	3,692865E-3
1,357000E+2	4,744309E-5	1,376464E-7	1,989791E-1	2,558310E-3
1,358000E+2	4,942341E-5	1,459564E-7	2,281393E-1	3,054934E-3
1,359000E+2	5,123661E-5	1,777272E-7	2,588390E-1	3,551434E-3
1,360000E+2	5,322517E-5	1,470303E-7	2,809144E-1	3,363492E-3
1,361000E+2	5,479380E-5	1,886303E-7	3,259281E-1	3,428379E-3
1,362000E+2	5,744612E-5	1,742188E-7	3,696825E-1	4,060345E-3
1,363000E+2	5,890846E-5	1,830925E-7	3,667577E-1	3,313961E-3
1,364000E+2	6,107800E-5	2,548770E-7	4,172196E-1	3,627456E-3
1,365000E+2	6,342173E-5	1,848530E-7	4,719678E-1	4,063310E-3
1,366000E+2	6,575152E-5	1,434493E-7	5,284222E-1	3,467479E-3
1,367000E+2	6,823140E-5	1,490711E-7	5,788671E-1	3,867675E-3
1,368000E+2	7,071169E-5	1,077966E-7	6,349259E-1	3,624505E-3
1,369000E+2	7,260062E-5	1,753230E-7	6,740107E-1	3,049285E-3
1,370000E+2	7,497921E-5	1,533890E-7	7,402524E-1	3,588961E-3
1,371000E+2	7,687616E-5	1,860517E-7	8,086525E-1	3,731308E-3
1,372000E+2	7,838976E-5	1,779996E-7	8,785743E-1	3,650301E-3
1,373000E+2	7,993647E-5	1,793613E-7	9,513191E-1	3,712681E-3
1,374000E+2	8,126383E-5	2,036960E-7	1,029942E+0	4,815887E-3
1,375000E+2	8,054835E-5	2,021097E-7	1,098706E+0	3,884948E-3
1,376000E+2	8,092934E-5	1,963803E-7	1,172057E+0	3,989282E-3
1,377000E+2	8,061404E-5	1,862122E-7	1,251403E+0	4,343878E-3
1,378000E+2	7,879767E-5	1,752534E-7	1,303641E+0	2,891141E-3
1,379000E+2	7,795322E-5	1,849337E-7	1,376269E+0	4,587871E-3
1,380000E+2	7,605923E-5	2,186190E-7	1,448936E+0	5,923335E-3
1,381000E+2	7,482386E-5	2,652413E-7	1,518837E+0	5,029100E-3
1,382000E+2	7,255020E-5	2,249360E-7	1,578626E+0	5,080789E-3
1,383000E+2	7,027407E-5	2,771471E-7	1,649602E+0	5,763556E-3
1,384000E+2	6,810149E-5	2,347113E-7	1,688277E+0	4,435747E-3
1,385000E+2	6,545317E-5	3,237597E-7	1,746280E+0	5,194421E-3
1,386000E+2	6,331751E-5	3,452916E-7	1,774573E+0	4,763025E-3
1,387000E+2	6,060928E-5	2,411757E-7	1,828274E+0	3,781464E-3
1,388000E+2	5,883605E-5	2,107133E-7	1,865588E+0	4,886980E-3
1,389000E+2	5,667947E-5	3,462489E-7	1,919917E+0	5,340044E-3
1,390000E+2	5,382411E-5	2,997291E-7	1,930911E+0	5,419722E-3
1,391000E+2	5,183345E-5	2,589387E-7	1,963505E+0	5,719853E-3
1,392000E+2	4,972742E-5	3,898868E-7	2,007214E+0	6,244765E-3
1,393000E+2	4,841829E-5	1,865146E-7	2,039449E+0	4,213378E-3
1,394000E+2	4,712402E-5	1,964311E-7	2,064227E+0	4,338169E-3
1,395000E+2	4,533126E-5	1,722821E-7	2,093492E+0	3,463397E-3
1,396000E+2	4,347474E-5	1,864148E-7	2,114350E+0	4,926150E-3
1,397000E+2	4,216622E-5	1,911977E-7	2,147437E+0	4,051930E-3
1,398000E+2	4,092537E-5	2,224269E-7	2,146717E+0	3,535356E-3
1,399000E+2	3,887310E-5	1,850434E-7	2,141267E+0	6,078658E-3
1,400000E+2	3,779875E-5	1,201159E-7	2,168855E+0	3,397998E-3
1,401000E+2	3,694517E-5	1,048726E-7	2,194658E+0	2,953968E-3
1,402000E+2	3,602136E-5	1,188677E-7	2,212295E+0	2,851934E-3
1,403000E+2	3,482892E-5	1,017936E-7	2,232256E+0	2,925303E-3
1,404000E+2	3,378029E-5	7,408310E-8	2,256468E+0	2,878613E-3
1,405000E+2	3,262344E-5	1,064213E-7	2,277817E+0	2,322711E-3
1,406000E+2	3,204438E-5	1,187426E-7	2,257561E+0	3,549571E-3
1,407000E+2	3,092066E-5	7,046399E-8	2,284194E+0	4,559002E-3
1,408000E+2	3,038632E-5	1,295311E-7	2,295178E+0	3,061354E-3
1,409000E+2	2,950658E-5	7,899251E-8	2,310071E+0	3,996350E-3
1,410000E+2	2,857227E-5	8,313215E-8	2,333831E+0	3,101538E-3
1,411000E+2	2,788997E-5	1,360335E-7	2,347748E+0	4,335038E-3
1,412000E+2	2,692920E-5	1,335822E-7	2,332644E+0	6,741224E-3
1,413000E+2	2,648044E-5	1,862471E-7	2,349619E+0	7,203390E-3
1,414000E+2	2,603740E-5	1,777655E-7	2,345072E+0	1,001027E-2
1,415000E+2	2,512938E-5	2,102731E-7	2,366501E+0	1,022722E-2
1,416000E+2	2,489306E-5	1,333287E-7	2,378785E+0	6,317403E-3
1,417000E+2	2,474387E-5	1,777453E-7	2,396907E+0	7,803358E-3
1,418000E+2	2,399787E-5	1,741616E-7	2,396902E+0	7,168295E-3
1,419000E+2	2,355914E-5	1,494049E-7	2,401080E+0	5,978842E-3
1,420000E+2	2,265932E-5	1,064519E-7	2,392146E+0	3,580756E-3
1,421000E+2	2,232393E-5	1,032351E-7	2,408289E+0	5,387183E-3
1,422000E+2	2,183439E-5	4,172878E-8	2,413051E+0	1,933658E-3
1,423000E+2	2,144785E-5	4,277390E-8	2,430297E+0	2,700141E-3
1,424000E+2	2,117526E-5	6,258370E-8	2,442766E+0	2,067334E-3
1,425000E+2	2,027407E-5	8,335479E-8	2,415548E+0	5,173180E-3
1,426000E+2	2,008391E-5	1,020396E-7	2,432662E+0	4,933941E-3
1,427000E+2	1,984155E-5	1,618139E-7	2,434657E+0	5,868348E-3
1,428000E+2	1,942976E-5	5,123754E-8	2,448212E+0	2,520100E-3
1,429000E+2	1,928729E-5	8,223871E-8	2,455623E+0	4,934930E-3
1,430000E+2	1,877678E-5	6,966792E-8	2,454156E+0	4,905276E-3
1,431000E+2	1,842580E-5	1,206764E-7	2,464396E+0	5,456657E-3
1,432000E+2	1,806583E-5	7,765888E-8	2,473623E+0	7,548764E-3
1,433000E+2	1,777285E-5	1,150090E-7	2,479203E+0	6,860820E-3
1,434000E+2	1,763660E-5	1,440300E-7	2,495848E+0	6,792798E-3
1,435000E+2	1,708409E-5	8,300275E-8	2,455156E+0	1,080447E-2
1,436000E+2	1,680101E-5	1,354274E-7	2,481120E+0	9,958501E-3
1,437000E+2	1,670685E-5	1,094797E-7	2,482159E+0	7,646645E-3
1,438000E+2	1,663533E-5	1,698831E-7	2,467741E+0	7,737434E-3
1,439000E+2	1,630829E-5	1,149958E-7	2,484857E+0	6,868684E-3
1,440000E+2	1,632089E-5	2,931070E-7	2,477346E+0	2,297440E-2
1,441000E+2	1,563990E-5	1,375709E-7	2,475293E+0	1,417137E-2
1,442000E+2	1,550056E-5	1,212779E-7	2,487700E+0	8,560187E-3
1,443000E+2	1,539195E-5	1,265370E-7	2,494163E+0	8,466785E-3
1,444000E+2	1,494815E-5	1,999099E-7	2,484501E+0	1,923251E-2
1,445000E+2	1,484161E-5	1,441564E-7	2,465900E+0	8,599270E-3
1,446000E+2	1,501011E-5	2,916552E-7	2,474482E+0	1,534376E-2
1,447000E+2	1,405871E-5	4,004716E-7	2,491490E+0	2,040285E-2
1,448000E+2	1,434901E-5	3,299343E-7	2,526123E+0	2,578943E-2
1,449000E+2	1,390844E-5	3,670194E-7	2,542238E+0	2,409980E-2
1,450000E+2	1,405792E-5	2,890155E-7	2,544561E+0	1,989036E-2
1,451000E+2	1,429185E-5	2,538832E-7	2,486659E+0	1,618130E-2
1,452000E+2	1,406885E-5	2,571497E-7	2,552044E+0	2,637034E-2
1,453000E+2	1,389765E-5	2,800286E-7	2,545747E+0	2,431303E-2
1,454000E+2	1,346327E-5	1,650067E-7	2,563633E+0	1,182585E-2
1,455000E+2	1,323052E-5	1,266809E-7	2,549127E+0	9,412754E-3
1,456000E+2	1,270142E-5	1,582451E-7	2,537210E+0	1,663033E-2
1,457000E+2	1,315376E-5	1,574427E-7	2,518224E+0	1,624633E-2
1,458000E+2	1,244917E-5	2,668020E-7	2,567495E+0	1,940065E-2
1,459000E+2	1,250521E-5	1,687818E-7	2,531284E+0	1,110802E-2
1,460000E+2	1,229644E-5	1,373432E-7	2,546102E+0	1,442011E-2
1,461000E+2	1,205988E-5	2,300939E-7	2,571360E+0	1,583853E-2
1,462000E+2	1,174653E-5	2,718897E-7	2,595994E+0	2,544940E-2
1,463000E+2	1,114805E-5	3,052083E-7	2,535365E+0	2,112907E-2
1,464000E+2	1,112737E-5	2,640925E-7	2,558565E+0	2,521007E-2
1,465000E+2	1,159346E-5	3,579930E-7	2,557886E+0	2,038413E-2
1,466000E+2	1,204287E-5	2,505115E-7	2,560916E+0	2,001689E-2
1,467000E+2	1,126636E-5	1,780483E-7	2,570573E+0	1,128267E-2
1,468000E+2	1,096636E-5	1,166233E-7	2,580962E+0	8,289641E-3
1,469000E+2	1,111757E-5	1,065197E-7	2,551634E+0	1,116850E-2
1,470000E+2	1,055690E-5	3,007580E-7	2,605562E+0	2,468762E-2
1,471000E+2	1,092395E-5	1,217567E-7	2,599176E+0	1,389450E-2
1,472000E+2	1,046350E-5	1,959914E-7	2,559181E+0	1,615786E-2
1,473000E+2	1,078243E-5	1,876993E-7	2,562744E+0	2,155572E-2
1,474000E+2	1,047420E-5	2,163478E-7	2,600274E+0	2,174311E-2
1,475000E+2	9,892933E-6	2,426595E-7	2,467192E+0	2,791124E-2
1,476000E+2	1,034391E-5	1,470383E-7	2,565473E+0	1,243521E-2
1,477000E+2	1,057183E-5	3,804236E-7	2,572971E+0	4,692415E-2
1,478000E+2	9,767372E-6	5,827179E-7	2,538460E+0	3,704811E-2
1,479000E+2	9,826988E-6	1,448276E-7	2,537412E+0	2,365372E-2
1,480000E+2	1,020492E-5	1,568941E-7	2,572359E+0	1,876172E-2
1,481000E+2	9,960139E-6	2,199504E-7	2,549469E+0	2,664617E-2
