Frequenz (Hz), Amplitude (V), FehlerAmp (V), Phase, FehlerPhase bei Temp.:  46,599606, Fehler: 0,0109441,300000E+2	1,394233E-5	3,604308E-7	-2,473642E-1	1,596008E-1
1,301000E+2	1,444343E-5	1,942475E-7	-2,918105E-1	1,288181E-2
1,302000E+2	1,480654E-5	2,260123E-7	-2,905750E-1	1,407106E-2
1,303000E+2	1,523504E-5	1,619358E-7	-2,918601E-1	1,279372E-2
1,304000E+2	1,537312E-5	1,251860E-7	-2,809493E-1	1,153239E-2
1,305000E+2	1,543319E-5	1,490236E-7	-2,761793E-1	1,148506E-2
1,306000E+2	1,543983E-5	1,380972E-7	-2,816843E-1	6,067996E-3
1,307000E+2	1,566237E-5	1,635980E-7	-3,031732E-1	1,147578E-2
1,308000E+2	1,546046E-5	2,334880E-7	-2,922760E-1	1,796630E-2
1,309000E+2	1,637575E-5	1,884646E-7	-2,617023E-1	1,354980E-2
1,310000E+2	1,655768E-5	1,157340E-7	-2,740212E-1	1,335988E-2
1,311000E+2	1,703512E-5	2,350853E-7	-2,547237E-1	1,607569E-2
1,312000E+2	1,700746E-5	1,962271E-7	-2,714229E-1	1,790652E-2
1,313000E+2	1,680572E-5	4,481312E-7	-2,704475E-1	2,349450E-2
1,314000E+2	1,817591E-5	3,239731E-7	-2,338777E-1	1,562516E-2
1,315000E+2	1,745442E-5	1,740204E-7	-2,364456E-1	1,832186E-2
1,316000E+2	1,783229E-5	1,711492E-7	-2,572016E-1	1,438266E-2
1,317000E+2	1,845201E-5	1,137577E-7	-2,340777E-1	7,410762E-3
1,318000E+2	1,850853E-5	1,653620E-7	-2,373630E-1	7,562502E-3
1,319000E+2	1,912388E-5	1,168746E-7	-2,564735E-1	8,188432E-3
1,320000E+2	1,918538E-5	1,158772E-7	-2,522567E-1	5,944936E-3
1,321000E+2	1,956824E-5	7,353406E-8	-2,434525E-1	4,254234E-3
1,322000E+2	1,995839E-5	7,896008E-8	-2,268607E-1	4,725678E-3
1,323000E+2	2,028905E-5	8,765445E-8	-2,196906E-1	4,235750E-3
1,324000E+2	2,062788E-5	9,715684E-8	-2,078607E-1	4,119575E-3
1,325000E+2	2,105806E-5	9,891092E-8	-2,132315E-1	4,034333E-3
1,326000E+2	2,146363E-5	9,251234E-8	-1,989911E-1	3,004858E-3
1,327000E+2	2,176600E-5	7,964444E-8	-2,094039E-1	3,993657E-3
1,328000E+2	2,217216E-5	6,992354E-8	-2,097961E-1	4,794267E-3
1,329000E+2	2,262673E-5	7,813640E-8	-1,984450E-1	3,032757E-3
1,330000E+2	2,309526E-5	6,497265E-8	-1,873791E-1	3,852194E-3
1,331000E+2	2,372401E-5	6,814216E-8	-1,762838E-1	2,912689E-3
1,332000E+2	2,419337E-5	7,386908E-8	-1,580728E-1	3,637767E-3
1,333000E+2	2,441816E-5	1,110301E-7	-2,004224E-1	3,609678E-3
1,334000E+2	2,502616E-5	8,574897E-8	-1,736139E-1	4,979440E-3
1,335000E+2	2,573196E-5	1,186776E-7	-1,583752E-1	3,857337E-3
1,336000E+2	2,651213E-5	1,494238E-7	-1,395846E-1	5,510145E-3
1,337000E+2	2,685933E-5	9,186240E-8	-1,340167E-1	5,250977E-3
1,338000E+2	2,742933E-5	1,523055E-7	-1,233588E-1	3,926434E-3
1,339000E+2	2,838038E-5	1,458840E-7	-1,017202E-1	5,764038E-3
1,340000E+2	2,889273E-5	1,431043E-7	-1,085188E-1	5,165089E-3
1,341000E+2	2,972821E-5	1,787138E-7	-9,538274E-2	5,821280E-3
1,342000E+2	3,038174E-5	1,057039E-7	-8,812142E-2	4,960139E-3
1,343000E+2	3,129602E-5	8,872244E-8	-7,164633E-2	3,075717E-3
1,344000E+2	3,214614E-5	1,250070E-7	-5,608018E-2	3,206886E-3
1,345000E+2	3,289604E-5	1,940478E-7	-6,325825E-2	4,053136E-3
1,346000E+2	3,393010E-5	1,018143E-7	-5,005970E-2	2,876742E-3
1,347000E+2	3,489378E-5	1,124137E-7	-2,567796E-2	3,182899E-3
1,348000E+2	3,610308E-5	8,695260E-8	-4,221910E-3	3,067501E-3
1,349000E+2	3,719780E-5	1,961364E-7	2,025285E-2	3,591210E-3
1,350000E+2	3,871958E-5	1,336960E-7	4,747835E-2	4,146078E-3
1,351000E+2	3,955828E-5	1,283169E-7	4,662444E-2	1,435296E-3
1,352000E+2	4,090063E-5	2,582405E-7	6,724974E-2	4,443856E-3
1,353000E+2	4,226358E-5	2,598519E-7	9,698416E-2	5,875124E-3
1,354000E+2	4,360062E-5	2,223478E-7	1,028629E-1	4,122001E-3
1,355000E+2	4,563977E-5	2,642460E-7	1,274179E-1	3,647640E-3
1,356000E+2	4,709956E-5	2,342898E-7	1,715946E-1	4,784642E-3
1,357000E+2	4,866866E-5	2,118822E-7	1,914839E-1	3,309122E-3
1,358000E+2	5,083053E-5	1,361576E-7	2,214812E-1	2,815065E-3
1,359000E+2	5,278580E-5	1,328297E-7	2,592425E-1	2,228354E-3
1,360000E+2	5,467358E-5	1,310117E-7	2,848686E-1	1,862212E-3
1,361000E+2	5,680979E-5	1,605604E-7	3,249343E-1	2,663562E-3
1,362000E+2	5,895484E-5	2,124406E-7	3,698273E-1	3,437034E-3
1,363000E+2	6,100619E-5	1,668990E-7	3,981272E-1	2,680789E-3
1,364000E+2	6,357067E-5	1,859970E-7	4,494751E-1	2,747042E-3
1,365000E+2	6,515265E-5	1,296670E-7	4,687552E-1	1,440464E-3
1,366000E+2	6,785892E-5	1,894157E-7	5,248066E-1	3,632085E-3
1,367000E+2	7,021974E-5	1,982231E-7	5,882420E-1	4,434547E-3
1,368000E+2	7,267637E-5	2,726545E-7	6,539839E-1	5,256343E-3
1,369000E+2	7,498600E-5	2,316205E-7	7,315888E-1	3,999061E-3
1,370000E+2	7,678609E-5	2,181778E-7	7,936423E-1	5,382527E-3
1,371000E+2	7,809678E-5	2,884519E-7	8,576861E-1	5,042183E-3
1,372000E+2	7,979163E-5	2,867428E-7	9,410544E-1	4,894190E-3
1,373000E+2	8,064230E-5	3,148201E-7	1,024428E+0	5,275219E-3
1,374000E+2	8,141408E-5	1,021476E-7	1,101506E+0	6,252434E-3
1,375000E+2	8,022972E-5	1,721179E-7	1,142510E+0	2,665019E-3
1,376000E+2	7,971612E-5	9,871700E-8	1,216768E+0	4,049555E-3
1,377000E+2	7,888323E-5	7,870907E-8	1,295121E+0	4,128867E-3
1,378000E+2	7,772871E-5	1,322339E-7	1,371167E+0	4,534379E-3
1,379000E+2	7,620303E-5	1,250403E-7	1,446450E+0	4,373519E-3
1,380000E+2	7,431517E-5	7,136886E-8	1,519747E+0	3,424062E-3
1,381000E+2	7,167658E-5	1,599196E-7	1,564117E+0	3,261743E-3
1,382000E+2	6,942736E-5	1,867294E-7	1,625988E+0	4,147877E-3
1,383000E+2	6,739547E-5	1,780431E-7	1,689881E+0	2,751448E-3
1,384000E+2	6,475006E-5	1,646002E-7	1,747866E+0	3,892825E-3
1,385000E+2	6,271986E-5	2,031149E-7	1,801090E+0	4,457862E-3
1,386000E+2	6,006040E-5	3,543906E-7	1,845466E+0	4,856107E-3
1,387000E+2	5,754295E-5	1,946832E-7	1,865837E+0	4,119427E-3
1,388000E+2	5,550216E-5	1,949129E-7	1,904258E+0	4,408408E-3
1,389000E+2	5,293667E-5	1,670085E-7	1,950901E+0	3,700125E-3
1,390000E+2	5,158156E-5	2,217104E-7	1,990857E+0	4,909563E-3
1,391000E+2	4,989161E-5	2,475709E-7	2,022477E+0	4,169744E-3
1,392000E+2	4,752649E-5	2,162242E-7	2,055328E+0	4,235816E-3
1,393000E+2	4,584671E-5	2,038993E-7	2,065159E+0	5,705273E-3
1,394000E+2	4,400193E-5	3,223390E-7	2,094263E+0	5,236909E-3
1,395000E+2	4,264456E-5	2,115051E-7	2,106329E+0	8,235858E-3
1,396000E+2	4,110932E-5	1,872327E-7	2,138638E+0	4,578618E-3
1,397000E+2	3,998875E-5	1,350480E-7	2,166341E+0	4,588814E-3
1,398000E+2	3,870911E-5	9,162216E-8	2,193049E+0	2,756322E-3
1,399000E+2	3,729936E-5	1,119987E-7	2,195282E+0	2,915291E-3
1,400000E+2	3,594920E-5	2,024416E-7	2,228465E+0	6,384598E-3
1,401000E+2	3,539630E-5	1,253578E-7	2,232952E+0	4,564925E-3
1,402000E+2	3,390971E-5	2,055612E-7	2,249189E+0	7,014884E-3
1,403000E+2	3,317737E-5	2,239658E-7	2,244684E+0	6,312436E-3
1,404000E+2	3,218861E-5	2,949362E-7	2,280749E+0	9,816596E-3
1,405000E+2	3,134095E-5	3,040976E-7	2,284750E+0	5,366759E-3
1,406000E+2	3,084712E-5	2,738000E-7	2,301622E+0	1,142173E-2
1,407000E+2	2,913443E-5	3,212817E-7	2,303354E+0	8,029677E-3
1,408000E+2	2,944069E-5	2,455509E-7	2,323855E+0	6,121183E-3
1,409000E+2	2,769053E-5	3,561665E-7	2,319876E+0	1,662902E-2
1,410000E+2	2,710154E-5	4,953811E-7	2,363443E+0	1,407742E-2
1,411000E+2	2,673166E-5	3,030615E-7	2,352682E+0	9,486774E-3
1,412000E+2	2,613100E-5	2,403711E-7	2,356190E+0	1,497622E-2
1,413000E+2	2,565301E-5	3,420988E-7	2,381713E+0	1,230515E-2
1,414000E+2	2,496007E-5	3,053968E-7	2,370843E+0	8,638013E-3
1,415000E+2	2,482682E-5	3,583409E-7	2,371538E+0	1,425336E-2
1,416000E+2	2,419984E-5	2,724876E-7	2,369546E+0	9,491386E-3
1,417000E+2	2,315139E-5	4,665159E-7	2,416346E+0	1,437698E-2
1,418000E+2	2,259074E-5	2,788397E-7	2,387072E+0	1,239515E-2
1,419000E+2	2,188522E-5	1,404277E-7	2,411750E+0	9,117706E-3
1,420000E+2	2,164573E-5	2,585818E-7	2,406422E+0	1,214304E-2
1,421000E+2	2,103914E-5	3,962088E-7	2,454892E+0	1,561215E-2
1,422000E+2	2,026779E-5	3,263794E-7	2,413701E+0	2,235837E-2
1,423000E+2	2,059321E-5	2,125971E-7	2,400550E+0	1,360361E-2
1,424000E+2	2,032447E-5	1,729577E-7	2,421721E+0	6,023474E-3
1,425000E+2	1,961952E-5	1,990352E-7	2,437776E+0	9,342180E-3
1,426000E+2	1,974531E-5	4,413711E-7	2,445144E+0	2,189687E-2
1,427000E+2	2,005024E-5	3,997140E-7	2,465511E+0	1,860225E-2
1,428000E+2	1,997841E-5	3,885633E-7	2,452133E+0	1,542579E-2
1,429000E+2	1,830094E-5	2,016131E-7	2,452658E+0	9,878204E-3
1,430000E+2	1,804900E-5	1,806354E-7	2,487780E+0	1,344497E-2
1,431000E+2	1,786629E-5	2,349225E-7	2,440481E+0	8,789455E-3
1,432000E+2	1,744154E-5	2,938698E-7	2,477637E+0	1,490934E-2
1,433000E+2	1,732250E-5	1,870076E-7	2,484396E+0	1,272454E-2
1,434000E+2	1,687102E-5	1,386702E-7	2,461999E+0	1,056735E-2
1,435000E+2	1,638072E-5	2,333394E-7	2,452092E+0	1,204615E-2
1,436000E+2	1,639100E-5	1,804317E-7	2,464770E+0	1,187224E-2
1,437000E+2	1,591319E-5	2,342052E-7	2,470922E+0	1,679902E-2
1,438000E+2	1,576563E-5	1,623442E-7	2,475499E+0	9,164897E-3
1,439000E+2	1,565694E-5	2,091017E-7	2,486376E+0	1,246978E-2
1,440000E+2	1,561413E-5	2,210685E-7	2,489396E+0	1,053579E-2
1,441000E+2	1,528134E-5	1,468796E-7	2,479007E+0	2,010716E-2
1,442000E+2	1,468754E-5	2,618184E-7	2,524559E+0	1,871022E-2
1,443000E+2	1,446382E-5	2,332796E-7	2,509230E+0	1,967435E-2
1,444000E+2	1,478046E-5	2,024243E-7	2,525584E+0	1,332633E-2
1,445000E+2	1,440469E-5	1,291485E-7	2,537728E+0	9,079372E-3
1,446000E+2	1,443835E-5	3,447139E-7	2,545886E+0	2,016118E-2
1,447000E+2	1,367361E-5	1,843423E-7	2,483952E+0	2,072602E-2
1,448000E+2	1,401022E-5	1,953846E-7	2,507147E+0	1,268168E-2
1,449000E+2	1,316635E-5	2,278613E-7	2,549156E+0	1,317425E-2
1,450000E+2	1,340695E-5	1,942157E-7	2,527065E+0	1,511973E-2
1,451000E+2	1,312342E-5	2,117847E-7	2,517220E+0	1,338171E-2
1,452000E+2	1,276112E-5	1,892598E-7	2,544720E+0	1,570359E-2
1,453000E+2	1,330122E-5	1,666537E-7	2,546783E+0	1,677045E-2
1,454000E+2	1,254925E-5	2,873237E-7	2,519304E+0	2,141346E-2
1,455000E+2	1,291882E-5	1,701320E-7	2,554444E+0	1,339177E-2
1,456000E+2	1,261389E-5	8,650681E-8	2,534812E+0	6,772253E-3
1,457000E+2	1,248622E-5	1,774335E-7	2,554714E+0	1,304272E-2
1,458000E+2	1,204636E-5	1,599749E-7	2,503232E+0	1,288453E-2
1,459000E+2	1,158797E-5	2,265648E-7	2,534508E+0	1,809433E-2
1,460000E+2	1,197845E-5	1,410888E-7	2,546911E+0	1,139030E-2
1,461000E+2	1,161754E-5	1,444947E-7	2,567104E+0	1,033995E-2
1,462000E+2	1,162950E-5	1,243541E-7	2,544972E+0	1,405696E-2
1,463000E+2	1,147358E-5	1,324026E-7	2,556021E+0	8,587722E-3
1,464000E+2	1,127413E-5	9,818116E-8	2,570712E+0	8,581382E-3
1,465000E+2	1,114666E-5	1,068340E-7	2,565758E+0	7,134315E-3
1,466000E+2	1,105425E-5	6,806433E-8	2,562143E+0	5,639009E-3
1,467000E+2	1,105967E-5	4,697105E-8	2,570082E+0	4,706713E-3
1,468000E+2	1,083382E-5	4,133861E-8	2,566224E+0	5,641874E-3
1,469000E+2	1,083277E-5	7,054586E-8	2,557202E+0	6,085330E-3
1,470000E+2	1,065636E-5	6,403370E-8	2,564535E+0	5,802667E-3
1,471000E+2	1,065647E-5	6,597105E-8	2,574320E+0	5,531798E-3
1,472000E+2	1,065961E-5	7,656661E-8	2,578891E+0	1,065563E-2
1,473000E+2	1,038151E-5	1,249449E-7	2,615362E+0	1,352889E-2
1,474000E+2	1,030259E-5	5,771537E-8	2,582680E+0	7,474776E-3
1,475000E+2	1,021660E-5	9,196902E-8	2,572827E+0	5,152780E-3
1,476000E+2	1,005711E-5	9,386724E-8	2,574093E+0	1,075397E-2
1,477000E+2	1,020157E-5	1,333898E-7	2,588310E+0	1,563745E-2
1,478000E+2	9,836563E-6	9,604783E-8	2,580233E+0	1,109555E-2
1,479000E+2	9,835426E-6	1,833398E-7	2,552768E+0	1,521052E-2
1,480000E+2	9,780377E-6	1,060925E-7	2,532264E+0	1,930448E-2
1,481000E+2	9,622344E-6	1,783956E-7	2,559508E+0	1,708690E-2
