Frequenz (Hz), Amplitude (V), FehlerAmp (V), Phase, FehlerPhase bei Temp.:  50,473076, Fehler: 0,0000001,300000E+2	1,395855E-5	4,031324E-7	-2,001288E-1	1,557241E-1
1,301000E+2	1,473134E-5	1,151031E-7	-3,137226E-1	1,095219E-2
1,302000E+2	1,477973E-5	2,073868E-7	-3,252101E-1	1,733814E-2
1,303000E+2	1,482252E-5	1,650795E-7	-2,906668E-1	1,462136E-2
1,304000E+2	1,497664E-5	1,910028E-7	-2,931340E-1	9,208449E-3
1,305000E+2	1,527903E-5	1,398933E-7	-2,878307E-1	1,208823E-2
1,306000E+2	1,602382E-5	7,381793E-8	-2,396661E-1	4,385120E-3
1,307000E+2	1,577009E-5	1,302679E-7	-2,713233E-1	8,687999E-3
1,308000E+2	1,609487E-5	1,089753E-7	-2,640579E-1	8,582684E-3
1,309000E+2	1,608505E-5	1,040762E-7	-2,919100E-1	7,704275E-3
1,310000E+2	1,641780E-5	1,121241E-7	-2,853645E-1	7,718185E-3
1,311000E+2	1,661525E-5	1,002311E-7	-2,813434E-1	6,495127E-3
1,312000E+2	1,696172E-5	1,122966E-7	-2,614708E-1	7,213332E-3
1,313000E+2	1,729412E-5	9,652235E-8	-2,435640E-1	8,708846E-3
1,314000E+2	1,751385E-5	1,646200E-7	-2,766832E-1	7,643750E-3
1,315000E+2	1,765227E-5	1,354940E-7	-2,531568E-1	6,943619E-3
1,316000E+2	1,815164E-5	8,953298E-8	-2,438177E-1	6,662215E-3
1,317000E+2	1,817846E-5	9,144793E-8	-2,631654E-1	6,766161E-3
1,318000E+2	1,847582E-5	1,040140E-7	-2,542339E-1	6,074048E-3
1,319000E+2	1,884404E-5	9,711083E-8	-2,430476E-1	5,247140E-3
1,320000E+2	1,919513E-5	1,136731E-7	-2,321780E-1	5,687533E-3
1,321000E+2	1,965257E-5	7,285664E-8	-2,189206E-1	5,146227E-3
1,322000E+2	1,964971E-5	7,977273E-8	-2,505770E-1	4,987780E-3
1,323000E+2	2,007318E-5	6,489353E-8	-2,473582E-1	4,159952E-3
1,324000E+2	2,047849E-5	7,174201E-8	-2,314132E-1	4,237787E-3
1,325000E+2	2,089123E-5	8,917792E-8	-2,193248E-1	4,987875E-3
1,326000E+2	1,827091E-5	8,451151E-7	-1,496699E-1	1,754561E-2
1,327000E+2	1,325855E-5	6,114838E-8	-1,447431E-1	1,027630E-2
1,328000E+2	1,340272E-5	6,449291E-8	-1,488555E-1	5,093576E-3
1,329000E+2	1,356975E-5	6,358721E-8	-1,561851E-1	5,604340E-3
1,330000E+2	1,383344E-5	6,822177E-8	-1,454833E-1	4,580986E-3
1,331000E+2	1,396182E-5	5,286032E-8	-1,579277E-1	7,467148E-3
1,332000E+2	1,436976E-5	9,619106E-8	-1,602231E-1	6,975234E-3
1,333000E+2	1,472759E-5	5,546656E-8	-1,397871E-1	5,644402E-3
1,334000E+2	1,501779E-5	9,969600E-8	-1,207070E-1	4,961187E-3
1,335000E+2	1,541050E-5	7,616377E-8	-1,231021E-1	5,766501E-3
1,336000E+2	1,558089E-5	1,215894E-7	-1,094687E-1	9,627258E-3
1,337000E+2	1,607813E-5	7,507336E-8	-1,091654E-1	4,396516E-3
1,338000E+2	1,645252E-5	7,198509E-8	-9,969828E-2	5,129978E-3
1,339000E+2	1,678959E-5	7,613977E-8	-7,891524E-2	6,015901E-3
1,340000E+2	1,724548E-5	1,281067E-7	-8,976279E-2	8,023617E-3
1,341000E+2	1,771254E-5	1,626544E-7	-8,296839E-2	7,804925E-3
1,342000E+2	1,809713E-5	8,777269E-8	-6,881516E-2	5,106077E-3
1,343000E+2	1,839970E-5	1,634147E-7	-5,003526E-2	6,568931E-3
1,344000E+2	1,917746E-5	1,180104E-7	-3,088999E-2	4,859865E-3
1,345000E+2	1,942573E-5	1,138433E-7	-3,271907E-2	6,284061E-3
1,346000E+2	2,000003E-5	1,077800E-7	-1,892448E-2	3,647087E-3
1,347000E+2	2,050824E-5	1,072778E-7	-4,929869E-3	4,280689E-3
1,348000E+2	2,127233E-5	9,616483E-8	1,918622E-2	3,065313E-3
1,349000E+2	2,185243E-5	4,296798E-8	3,313992E-2	2,611146E-3
1,350000E+2	2,268444E-5	8,107618E-8	6,401730E-2	3,346873E-3
1,351000E+2	2,329665E-5	5,784834E-8	6,611676E-2	4,283712E-3
1,352000E+2	2,422206E-5	9,872232E-8	7,990508E-2	4,708133E-3
1,353000E+2	2,487604E-5	1,039374E-7	1,101047E-1	3,342264E-3
1,354000E+2	2,594806E-5	1,125404E-7	1,341779E-1	3,648801E-3
1,355000E+2	2,677849E-5	6,272353E-8	1,659471E-1	2,809221E-3
1,356000E+2	2,806311E-5	1,091050E-7	1,978099E-1	4,100460E-3
1,357000E+2	2,886781E-5	9,032124E-8	2,178923E-1	2,314422E-3
1,358000E+2	3,005261E-5	1,254374E-7	2,536542E-1	3,295777E-3
1,359000E+2	3,118522E-5	1,120929E-7	2,902335E-1	6,253928E-3
1,360000E+2	3,216969E-5	1,535321E-7	2,914659E-1	3,772595E-3
1,361000E+2	3,335326E-5	1,011550E-7	3,400712E-1	4,624425E-3
1,362000E+2	3,483018E-5	2,002374E-7	3,982282E-1	5,390780E-3
1,363000E+2	3,626653E-5	9,277674E-8	4,342618E-1	3,511247E-3
1,364000E+2	3,759098E-5	9,263716E-8	4,888307E-1	2,916218E-3
1,365000E+2	3,887231E-5	8,994804E-8	5,295363E-1	1,846805E-3
1,366000E+2	4,034232E-5	8,961098E-8	5,866061E-1	2,939934E-3
1,367000E+2	4,176466E-5	1,454237E-7	6,576526E-1	3,572144E-3
1,368000E+2	4,327441E-5	1,054264E-7	7,244945E-1	3,815655E-3
1,369000E+2	4,418670E-5	9,476204E-8	7,800845E-1	3,229861E-3
1,370000E+2	4,543641E-5	9,887564E-8	8,560581E-1	4,201841E-3
1,371000E+2	4,637379E-5	9,767107E-8	9,323763E-1	4,381870E-3
1,372000E+2	4,643354E-5	7,864682E-8	9,898262E-1	3,003680E-3
1,373000E+2	4,705765E-5	1,339833E-7	1,070405E+0	5,340664E-3
1,374000E+2	4,708373E-5	1,173296E-7	1,161868E+0	6,264149E-3
1,375000E+2	4,693374E-5	1,883809E-7	1,232781E+0	6,360576E-3
1,376000E+2	4,669240E-5	1,366754E-7	1,318643E+0	7,149084E-3
1,377000E+2	4,527346E-5	1,414091E-7	1,377513E+0	6,337791E-3
1,378000E+2	4,459666E-5	2,539160E-7	1,455199E+0	5,617141E-3
1,379000E+2	4,358671E-5	2,022257E-7	1,525743E+0	6,628905E-3
1,380000E+2	4,213664E-5	2,355651E-7	1,590228E+0	5,949378E-3
1,381000E+2	4,090296E-5	2,486195E-7	1,655813E+0	8,186782E-3
1,382000E+2	3,956695E-5	1,951990E-7	1,718943E+0	3,978380E-3
1,383000E+2	3,780404E-5	1,543178E-7	1,749569E+0	3,967167E-3
1,384000E+2	3,632416E-5	1,794808E-7	1,798348E+0	4,820783E-3
1,385000E+2	3,521804E-5	2,296029E-7	1,865460E+0	6,522959E-3
1,386000E+2	3,351311E-5	1,951950E-7	1,902078E+0	6,459877E-3
1,387000E+2	3,224928E-5	2,497453E-7	1,933407E+0	5,677354E-3
1,388000E+2	3,153741E-5	3,211542E-7	2,008277E+0	8,973695E-3
1,389000E+2	3,061305E-5	1,674413E-7	2,015651E+0	5,664733E-3
1,390000E+2	2,916717E-5	2,475468E-7	2,057939E+0	7,613989E-3
1,391000E+2	2,760670E-5	2,043017E-7	2,075522E+0	7,716551E-3
1,392000E+2	2,701188E-5	1,587071E-7	2,108520E+0	6,961179E-3
1,393000E+2	2,543257E-5	2,838936E-7	2,141573E+0	1,355817E-2
1,394000E+2	2,490594E-5	2,993001E-7	2,140117E+0	5,356574E-3
1,395000E+2	2,412141E-5	3,046080E-7	2,161381E+0	1,508145E-2
1,396000E+2	2,232118E-5	2,805113E-7	2,199279E+0	1,331938E-2
1,397000E+2	2,220678E-5	3,143553E-7	2,209485E+0	1,413842E-2
1,398000E+2	2,100608E-5	3,196670E-7	2,206911E+0	1,528306E-2
1,399000E+2	2,090174E-5	2,824389E-7	2,233842E+0	1,071552E-2
1,400000E+2	2,123935E-5	3,295663E-7	2,252206E+0	9,913397E-3
1,401000E+2	1,961435E-5	1,924296E-7	2,274153E+0	1,205790E-2
1,402000E+2	1,906497E-5	2,972402E-7	2,238787E+0	1,789605E-2
1,403000E+2	1,837606E-5	8,806616E-8	2,266241E+0	5,769063E-3
1,404000E+2	1,786465E-5	4,222490E-8	2,301075E+0	2,517458E-3
1,405000E+2	1,752561E-5	4,855904E-8	2,319901E+0	3,009706E-3
1,406000E+2	1,711261E-5	6,061660E-8	2,335798E+0	5,442482E-3
1,407000E+2	1,670087E-5	9,098105E-8	2,359001E+0	6,980869E-3
1,408000E+2	1,583779E-5	5,813571E-7	2,353329E+0	2,466624E-2
1,409000E+2	1,557791E-5	3,960179E-7	2,364749E+0	3,129976E-2
1,410000E+2	1,508382E-5	2,853559E-7	2,341218E+0	2,099931E-2
1,411000E+2	1,523598E-5	3,196366E-7	2,371501E+0	1,943967E-2
1,412000E+2	1,444502E-5	2,141162E-7	2,419897E+0	2,151699E-2
1,413000E+2	1,454799E-5	4,165411E-7	2,426322E+0	1,935280E-2
1,414000E+2	1,377580E-5	3,124981E-7	2,422850E+0	3,025857E-2
1,415000E+2	1,340965E-5	2,265565E-7	2,385581E+0	1,690945E-2
1,416000E+2	1,349886E-5	1,828141E-7	2,430342E+0	1,510420E-2
1,417000E+2	1,328604E-5	9,636696E-8	2,397744E+0	9,664704E-3
1,418000E+2	1,317394E-5	2,879210E-7	2,469253E+0	2,428696E-2
1,419000E+2	1,249143E-5	9,129679E-8	2,436255E+0	7,934274E-3
1,420000E+2	1,259813E-5	9,543845E-8	2,459172E+0	9,836683E-3
1,421000E+2	1,208339E-5	4,459800E-8	2,466196E+0	2,852279E-3
1,422000E+2	1,183641E-5	3,761650E-8	2,449424E+0	4,249071E-3
1,423000E+2	1,165333E-5	7,937828E-8	2,461771E+0	6,290913E-3
1,424000E+2	1,126174E-5	5,701321E-8	2,469016E+0	3,535400E-3
1,425000E+2	1,115286E-5	6,236434E-8	2,467727E+0	6,549708E-3
1,426000E+2	1,072718E-5	1,490352E-7	2,485973E+0	1,176787E-2
1,427000E+2	1,093345E-5	9,256424E-8	2,492225E+0	8,305045E-3
1,428000E+2	1,065445E-5	2,158896E-7	2,478752E+0	1,865601E-2
1,429000E+2	1,051435E-5	1,880670E-7	2,520366E+0	1,972995E-2
1,430000E+2	1,003838E-5	3,854075E-7	2,498096E+0	3,439715E-2
1,431000E+2	1,025295E-5	2,207362E-7	2,503411E+0	1,746605E-2
1,432000E+2	9,945722E-6	1,640683E-7	2,503344E+0	1,441316E-2
1,433000E+2	9,720012E-6	2,031602E-7	2,486664E+0	1,268849E-2
1,434000E+2	9,583062E-6	9,391230E-8	2,496088E+0	8,517345E-3
1,435000E+2	9,534898E-6	1,829416E-7	2,504535E+0	2,304751E-2
1,436000E+2	9,121986E-6	1,696875E-7	2,528444E+0	2,409372E-2
1,437000E+2	9,293660E-6	2,240145E-7	2,515760E+0	3,126525E-2
1,438000E+2	9,129579E-6	2,623241E-7	2,537939E+0	2,902536E-2
1,439000E+2	8,837254E-6	2,461061E-7	2,549862E+0	2,318927E-2
1,440000E+2	8,378612E-6	2,280279E-7	2,526000E+0	2,375230E-2
1,441000E+2	8,794368E-6	1,956226E-7	2,485949E+0	2,750139E-2
1,442000E+2	9,184720E-6	3,174790E-7	2,542895E+0	3,739894E-2
1,443000E+2	8,417396E-6	1,574098E-7	2,557587E+0	2,094516E-2
1,444000E+2	8,229841E-6	3,972447E-7	2,517099E+0	3,568764E-2
1,445000E+2	8,022125E-6	2,929144E-7	2,553321E+0	2,042375E-2
1,446000E+2	7,735958E-6	2,282741E-7	2,602292E+0	2,381960E-2
1,447000E+2	8,145921E-6	2,931968E-7	2,625356E+0	2,324720E-2
1,448000E+2	8,076756E-6	3,533422E-7	2,511811E+0	4,030871E-2
1,449000E+2	7,982740E-6	3,472626E-7	2,522887E+0	3,911126E-2
1,450000E+2	6,950888E-6	2,517643E-7	2,482070E+0	4,806366E-2
1,451000E+2	7,745430E-6	2,965458E-7	2,502987E+0	3,844569E-2
1,452000E+2	7,339896E-6	1,629107E-7	2,620450E+0	2,654831E-2
1,453000E+2	7,251499E-6	2,838156E-7	2,607440E+0	3,750681E-2
1,454000E+2	7,554358E-6	2,508181E-7	2,588390E+0	3,720555E-2
1,455000E+2	6,744604E-6	2,186369E-7	2,585076E+0	3,009622E-2
1,456000E+2	7,046635E-6	2,003443E-7	2,563390E+0	2,709975E-2
1,457000E+2	6,819887E-6	1,774927E-7	2,578905E+0	2,819444E-2
1,458000E+2	6,923817E-6	2,239935E-7	2,588955E+0	3,278376E-2
1,459000E+2	6,785856E-6	1,233536E-7	2,593302E+0	2,479606E-2
1,460000E+2	6,730283E-6	2,482667E-7	2,519588E+0	3,396111E-2
1,461000E+2	7,123374E-6	2,495469E-7	2,547469E+0	4,538508E-2
1,462000E+2	6,620754E-6	2,059358E-7	2,577509E+0	3,042002E-2
1,463000E+2	6,528340E-6	1,921611E-7	2,570734E+0	3,500551E-2
1,464000E+2	6,392702E-6	1,893327E-7	2,631965E+0	2,564519E-2
1,465000E+2	6,419047E-6	2,136215E-7	2,557141E+0	4,833166E-2
1,466000E+2	6,308382E-6	2,327129E-7	2,578470E+0	3,467772E-2
1,467000E+2	6,284876E-6	1,693253E-7	2,549160E+0	3,043265E-2
1,468000E+2	6,067582E-6	2,494970E-7	2,619957E+0	2,959760E-2
1,469000E+2	6,247957E-6	2,776708E-7	2,662520E+0	4,303663E-2
1,470000E+2	5,992109E-6	2,214111E-7	2,557606E+0	3,658803E-2
1,471000E+2	6,004658E-6	2,863167E-7	2,575190E+0	4,881666E-2
1,472000E+2	5,748373E-6	2,753657E-7	2,561597E+0	4,161030E-2
1,473000E+2	5,825110E-6	2,754052E-7	2,559808E+0	3,221560E-2
1,474000E+2	5,644269E-6	2,741425E-7	2,547060E+0	4,255298E-2
1,475000E+2	5,975894E-6	3,531090E-7	2,516265E+0	3,377035E-2
1,476000E+2	5,116249E-6	2,184669E-7	2,697785E+0	3,641077E-2
1,477000E+2	5,997302E-6	1,561369E-7	2,569601E+0	3,793050E-2
1,478000E+2	6,123784E-6	2,758202E-7	2,073198E+0	3,892448E-1
1,479000E+2	5,655119E-6	1,634488E-7	2,526742E+0	4,216077E-2
1,480000E+2	5,198756E-6	3,472304E-7	2,055337E+0	3,962159E-1
1,481000E+2	6,208999E-6	5,466805E-7	2,093545E+0	3,693368E-1
