Frequenz (Hz), Amplitude (V), FehlerAmp (V), Phase, FehlerPhase bei Temp.:  55,108795, Fehler: 0,0153191,300000E+2	7,779002E-6	2,233989E-7	-2,470853E-1	2,068716E-1
1,301000E+2	7,892239E-6	1,892195E-7	-2,624756E-1	2,219735E-2
1,302000E+2	7,884148E-6	1,244618E-7	-2,681731E-1	1,972255E-2
1,303000E+2	8,239383E-6	1,855561E-7	-2,921520E-1	2,748773E-2
1,304000E+2	7,872834E-6	1,921707E-7	-2,192726E-1	3,223849E-2
1,305000E+2	8,265506E-6	1,054021E-7	-2,946040E-1	1,592160E-2
1,306000E+2	8,340488E-6	1,122842E-7	-2,719222E-1	1,428482E-2
1,307000E+2	8,545379E-6	1,092430E-7	-2,606787E-1	1,575324E-2
1,308000E+2	8,461420E-6	1,224265E-7	-2,664965E-1	1,374172E-2
1,309000E+2	9,032722E-6	1,765222E-7	-2,663588E-1	1,788400E-2
1,310000E+2	8,862130E-6	1,001895E-7	-2,609061E-1	1,101284E-2
1,311000E+2	8,825976E-6	1,042270E-7	-2,382497E-1	1,175479E-2
1,312000E+2	8,981378E-6	1,085933E-7	-2,401597E-1	1,013626E-2
1,313000E+2	9,152694E-6	1,043051E-7	-2,206337E-1	1,047848E-2
1,314000E+2	9,369589E-6	7,690752E-8	-2,403955E-1	1,015194E-2
1,315000E+2	9,480019E-6	8,038524E-8	-2,446097E-1	1,025977E-2
1,316000E+2	9,687691E-6	8,954141E-8	-2,221979E-1	9,198404E-3
1,317000E+2	9,869302E-6	8,089127E-8	-2,122678E-1	7,093270E-3
1,318000E+2	9,986625E-6	8,461852E-8	-1,983978E-1	1,143796E-2
1,319000E+2	1,010505E-5	7,146231E-8	-2,120676E-1	1,060817E-2
1,320000E+2	1,034994E-5	7,022595E-8	-2,035650E-1	1,015259E-2
1,321000E+2	1,056052E-5	8,103434E-8	-1,886334E-1	8,603395E-3
1,322000E+2	1,068895E-5	7,417688E-8	-1,954069E-1	6,962085E-3
1,323000E+2	1,087416E-5	6,622655E-8	-2,016276E-1	8,299371E-3
1,324000E+2	1,101050E-5	7,866218E-8	-2,070193E-1	7,157854E-3
1,325000E+2	1,121249E-5	6,326801E-8	-1,942395E-1	7,202756E-3
1,326000E+2	1,143603E-5	5,386134E-8	-1,842590E-1	6,136561E-3
1,327000E+2	1,159807E-5	3,902649E-8	-1,954712E-1	2,872960E-3
1,328000E+2	1,179769E-5	5,000390E-8	-1,847782E-1	6,515906E-3
1,329000E+2	1,203995E-5	4,704703E-8	-1,796415E-1	5,784370E-3
1,330000E+2	1,228414E-5	5,749086E-8	-1,611325E-1	5,677327E-3
1,331000E+2	1,256112E-5	5,040281E-8	-1,514035E-1	4,758750E-3
1,332000E+2	1,282243E-5	6,350307E-8	-1,307412E-1	4,236622E-3
1,333000E+2	1,312470E-5	5,199044E-8	-1,141013E-1	5,080571E-3
1,334000E+2	1,341969E-5	5,466940E-8	-1,233278E-1	4,476357E-3
1,335000E+2	1,367290E-5	5,089547E-8	-1,122549E-1	3,994823E-3
1,336000E+2	1,383529E-5	6,540188E-8	-1,185898E-1	4,763087E-3
1,337000E+2	1,422363E-5	5,565734E-8	-1,036848E-1	5,415400E-3
1,338000E+2	1,459081E-5	7,846432E-8	-8,597405E-2	4,382364E-3
1,339000E+2	1,492980E-5	6,756184E-8	-7,765704E-2	5,337038E-3
1,340000E+2	1,515113E-5	8,354254E-8	-7,476458E-2	5,308492E-3
1,341000E+2	1,582463E-5	7,158176E-8	-4,906991E-2	5,231308E-3
1,342000E+2	1,595501E-5	5,957826E-8	-6,125994E-2	6,852343E-3
1,343000E+2	1,628157E-5	5,894810E-8	-5,831661E-2	3,055031E-3
1,344000E+2	1,680671E-5	4,906576E-8	-3,056617E-2	4,305563E-3
1,345000E+2	2,514585E-5	1,709598E-6	3,937058E-2	1,975407E-2
1,346000E+2	3,468673E-5	8,037352E-8	-2,079988E-2	2,317392E-3
1,347000E+2	3,580072E-5	9,731476E-8	2,869713E-3	2,479928E-3
1,348000E+2	3,691667E-5	8,982903E-8	1,011889E-2	2,247424E-3
1,349000E+2	3,827350E-5	1,460438E-7	2,836044E-2	2,928277E-3
1,350000E+2	3,952829E-5	1,173665E-7	5,399554E-2	2,610655E-3
1,351000E+2	4,078118E-5	1,002075E-7	5,439367E-2	1,453688E-3
1,352000E+2	4,224737E-5	1,052248E-7	8,341262E-2	2,491450E-3
1,353000E+2	4,405169E-5	1,047448E-7	1,097331E-1	2,439887E-3
1,354000E+2	4,568705E-5	1,383489E-7	1,409110E-1	2,639776E-3
1,355000E+2	4,747695E-5	8,750145E-8	1,623167E-1	1,693797E-3
1,356000E+2	4,954572E-5	1,591609E-7	1,971479E-1	2,547402E-3
1,357000E+2	5,152808E-5	1,539539E-7	2,366546E-1	2,405660E-3
1,358000E+2	5,383384E-5	1,528755E-7	2,781836E-1	2,915957E-3
1,359000E+2	5,144538E-5	2,200250E-6	3,147524E-1	3,952497E-3
1,360000E+2	2,918269E-5	1,387817E-7	3,580734E-1	5,950057E-3
1,361000E+2	3,063113E-5	1,303707E-7	4,049650E-1	5,937604E-3
1,362000E+2	3,188543E-5	1,539653E-7	4,533741E-1	5,608843E-3
1,363000E+2	3,329135E-5	1,066613E-7	4,997397E-1	3,685407E-3
1,364000E+2	3,449004E-5	1,081088E-7	5,591292E-1	4,286468E-3
1,365000E+2	3,589964E-5	9,674569E-8	6,266756E-1	4,039521E-3
1,366000E+2	3,692427E-5	9,701550E-8	6,769004E-1	2,748053E-3
1,367000E+2	3,817432E-5	5,505771E-8	7,497052E-1	3,813877E-3
1,368000E+2	3,984387E-5	2,420304E-7	8,594948E-1	1,276286E-2
1,369000E+2	4,082606E-5	2,342110E-7	9,322496E-1	9,306083E-3
1,370000E+2	4,085603E-5	9,984615E-8	9,804222E-1	3,850554E-3
1,371000E+2	4,114257E-5	4,589804E-8	1,061716E+0	4,057362E-3
1,372000E+2	4,124565E-5	8,562064E-8	1,140566E+0	5,363192E-3
1,373000E+2	4,133791E-5	5,678441E-8	1,230590E+0	5,463707E-3
1,374000E+2	4,094275E-5	5,722424E-8	1,320625E+0	4,976965E-3
1,375000E+2	3,969570E-5	7,406025E-8	1,363574E+0	2,605256E-3
1,376000E+2	3,881825E-5	6,069993E-8	1,440255E+0	4,764340E-3
1,377000E+2	3,775368E-5	9,155312E-8	1,529006E+0	4,512654E-3
1,378000E+2	3,656848E-5	6,294005E-8	1,598579E+0	4,442360E-3
1,379000E+2	3,528992E-5	8,308914E-8	1,671974E+0	3,582414E-3
1,380000E+2	3,395139E-5	8,362211E-8	1,738471E+0	3,704839E-3
1,381000E+2	3,252521E-5	8,281715E-8	1,789487E+0	3,342144E-3
1,382000E+2	3,130028E-5	7,182955E-8	1,844276E+0	3,978411E-3
1,383000E+2	3,002640E-5	1,000499E-7	1,859394E+0	2,077151E-3
1,384000E+2	2,867391E-5	5,228722E-8	1,906005E+0	2,978592E-3
1,385000E+2	2,765999E-5	7,821617E-8	1,950885E+0	3,061072E-3
1,386000E+2	2,658498E-5	6,665573E-8	1,994857E+0	3,098566E-3
1,387000E+2	2,570752E-5	6,903899E-8	2,030459E+0	2,767267E-3
1,388000E+2	2,462110E-5	7,222896E-8	2,066304E+0	2,806062E-3
1,389000E+2	2,371620E-5	1,006577E-7	2,109326E+0	4,832184E-3
1,390000E+2	2,279944E-5	9,446276E-8	2,125499E+0	6,861774E-3
1,391000E+2	2,191587E-5	1,598752E-7	2,167870E+0	4,886421E-3
1,392000E+2	2,112548E-5	8,123935E-8	2,155772E+0	2,389031E-3
1,393000E+2	2,051351E-5	5,488970E-8	2,186595E+0	2,059615E-3
1,394000E+2	1,972823E-5	4,814417E-8	2,211873E+0	2,276390E-3
1,395000E+2	1,913506E-5	5,382872E-8	2,235803E+0	2,402625E-3
1,396000E+2	1,849375E-5	4,482997E-8	2,247171E+0	2,672613E-3
1,397000E+2	1,781936E-5	3,927793E-8	2,263788E+0	1,820989E-3
1,398000E+2	1,739708E-5	3,807639E-8	2,283578E+0	2,409137E-3
1,399000E+2	1,679672E-5	3,397182E-8	2,285746E+0	2,256050E-3
1,400000E+2	1,629394E-5	4,526388E-8	2,307390E+0	2,777674E-3
1,401000E+2	1,578981E-5	5,206066E-8	2,329990E+0	2,637631E-3
1,402000E+2	1,547264E-5	4,753278E-8	2,343588E+0	2,989533E-3
1,403000E+2	1,495346E-5	4,666066E-8	2,340601E+0	3,757939E-3
1,404000E+2	1,440785E-5	6,753195E-8	2,356902E+0	4,118504E-3
1,405000E+2	1,408083E-5	4,482713E-8	2,365559E+0	4,842084E-3
1,406000E+2	1,381721E-5	1,284274E-7	2,378708E+0	1,431236E-2
1,407000E+2	1,355280E-5	1,755793E-7	2,408917E+0	1,411155E-2
1,408000E+2	1,339531E-5	2,213314E-7	2,411276E+0	1,404288E-2
1,409000E+2	1,273608E-5	7,004696E-8	2,410924E+0	5,756413E-3
1,410000E+2	1,245890E-5	5,645443E-8	2,422386E+0	4,313264E-3
1,411000E+2	1,220569E-5	8,329667E-8	2,431859E+0	2,445348E-3
1,412000E+2	1,194160E-5	6,352280E-8	2,431111E+0	1,027211E-2
1,413000E+2	1,175247E-5	7,139589E-8	2,457177E+0	7,928291E-3
1,414000E+2	1,110635E-5	1,216388E-7	2,441044E+0	9,638442E-3
1,415000E+2	1,109054E-5	9,217547E-8	2,422865E+0	1,215541E-2
1,416000E+2	1,064861E-5	1,534195E-7	2,438767E+0	1,632728E-2
1,417000E+2	1,071424E-5	2,001769E-7	2,480682E+0	1,637815E-2
1,418000E+2	1,031188E-5	1,649471E-7	2,450303E+0	1,099735E-2
1,419000E+2	1,043991E-5	1,733370E-7	2,498557E+0	1,794970E-2
1,420000E+2	1,014632E-5	2,005731E-8	2,483039E+0	3,634474E-3
1,421000E+2	9,948860E-6	3,487206E-8	2,494143E+0	3,954988E-3
1,422000E+2	9,598923E-6	6,775252E-8	2,479335E+0	6,437170E-3
1,423000E+2	9,483248E-6	3,611071E-8	2,481822E+0	3,630133E-3
1,424000E+2	9,278683E-6	2,455521E-8	2,482239E+0	2,657688E-3
1,425000E+2	9,239064E-6	5,108081E-8	2,492152E+0	8,112990E-3
1,426000E+2	9,060198E-6	6,562871E-8	2,507785E+0	7,705513E-3
1,427000E+2	8,887883E-6	7,598154E-8	2,515462E+0	9,669838E-3
1,428000E+2	8,734630E-6	5,290473E-8	2,481030E+0	9,155907E-3
1,429000E+2	8,543297E-6	4,554590E-8	2,506231E+0	3,841189E-3
1,430000E+2	8,470392E-6	4,779832E-8	2,504167E+0	7,382667E-3
1,431000E+2	8,443700E-6	6,233520E-8	2,531543E+0	8,772653E-3
1,432000E+2	8,400365E-6	7,434798E-8	2,512988E+0	9,280022E-3
1,433000E+2	7,934713E-6	8,568280E-8	2,519252E+0	8,559183E-3
1,434000E+2	7,646153E-6	1,290056E-7	2,504300E+0	1,600488E-2
1,435000E+2	7,825385E-6	7,216853E-8	2,531250E+0	7,467574E-3
1,436000E+2	7,772759E-6	7,838918E-8	2,556521E+0	9,190060E-3
1,437000E+2	7,488579E-6	8,840012E-8	2,537725E+0	1,144861E-2
1,438000E+2	7,563592E-6	5,024291E-8	2,541076E+0	9,123124E-3
1,439000E+2	7,451467E-6	8,110679E-8	2,563386E+0	1,113619E-2
1,440000E+2	7,242364E-6	8,277253E-8	2,522877E+0	1,522683E-2
1,441000E+2	7,249360E-6	1,044400E-7	2,535319E+0	1,262573E-2
1,442000E+2	7,045599E-6	1,122090E-7	2,564360E+0	1,832911E-2
1,443000E+2	6,690586E-6	1,750557E-7	2,546401E+0	1,868673E-2
1,444000E+2	6,682008E-6	1,399271E-7	2,499453E+0	3,020854E-2
1,445000E+2	7,133434E-6	2,123889E-7	2,540759E+0	2,244437E-2
1,446000E+2	6,764111E-6	3,261597E-7	2,534393E+0	4,615948E-2
1,447000E+2	6,828150E-6	2,851325E-7	2,446393E+0	3,664569E-2
1,448000E+2	6,776610E-6	2,128773E-7	2,517198E+0	3,470740E-2
1,449000E+2	6,609552E-6	1,601835E-7	2,560404E+0	4,095579E-2
1,450000E+2	6,175415E-6	2,086243E-7	2,472731E+0	3,808731E-2
1,451000E+2	6,572198E-6	2,019283E-7	2,547909E+0	2,745051E-2
1,452000E+2	6,450466E-6	1,898069E-7	2,581861E+0	2,813413E-2
1,453000E+2	6,004375E-6	3,387434E-7	2,557830E+0	4,362185E-2
1,454000E+2	6,034825E-6	2,859230E-7	2,397346E+0	2,889942E-1
1,455000E+2	6,154189E-6	2,590081E-7	2,528558E+0	4,270253E-2
1,456000E+2	5,934419E-6	2,623909E-7	2,602328E+0	3,768155E-2
1,457000E+2	6,356691E-6	2,041131E-7	2,611523E+0	3,192450E-2
1,458000E+2	5,858051E-6	3,298852E-7	2,586786E+0	3,425300E-2
1,459000E+2	6,077350E-6	3,217956E-7	1,741199E+0	4,651995E-1
1,460000E+2	6,059225E-6	1,929752E-7	2,560897E+0	2,622937E-2
1,461000E+2	5,744091E-6	1,054585E-7	2,613746E+0	2,487993E-2
1,462000E+2	5,590208E-6	3,953618E-8	2,596496E+0	6,165459E-3
1,463000E+2	5,525375E-6	3,238423E-8	2,602661E+0	6,287430E-3
1,464000E+2	5,527410E-6	3,837846E-8	2,613627E+0	7,160327E-3
1,465000E+2	5,287293E-6	1,800151E-7	2,608960E+0	2,145915E-2
1,466000E+2	5,166505E-6	8,636458E-8	2,628969E+0	2,159647E-2
1,467000E+2	5,289820E-6	6,449648E-8	2,584622E+0	5,883092E-3
1,468000E+2	4,931942E-6	1,455554E-7	2,610966E+0	2,386720E-2
1,469000E+2	5,526616E-6	1,340328E-7	2,577219E+0	2,494185E-2
1,470000E+2	5,169359E-6	1,577557E-7	2,656280E+0	2,327084E-2
1,471000E+2	5,092370E-6	1,388338E-7	2,634046E+0	2,060726E-2
1,472000E+2	4,937950E-6	1,472610E-7	2,617012E+0	2,865803E-2
1,473000E+2	5,121306E-6	1,231017E-7	2,625404E+0	1,981510E-2
1,474000E+2	4,927453E-6	1,464134E-7	2,588650E+0	3,747544E-2
1,475000E+2	4,704426E-6	1,447736E-7	2,633445E+0	2,642694E-2
1,476000E+2	4,949555E-6	1,796031E-7	2,462383E+0	2,938530E-1
1,477000E+2	4,984147E-6	2,084233E-7	2,357776E+0	2,831477E-1
1,478000E+2	4,701985E-6	1,406477E-7	2,706101E+0	3,163751E-2
1,479000E+2	4,664643E-6	1,288196E-7	2,564214E+0	4,184547E-2
1,480000E+2	4,716964E-6	1,372479E-7	2,584670E+0	3,238556E-2
1,481000E+2	4,808003E-6	1,731357E-7	2,677388E+0	4,150010E-2
