Frequenz (Hz), Amplitude (V), FehlerAmp (V), Phase, FehlerPhase bei Temp.:  59,625250, Fehler: 0,0234521,300000E+2	6,715043E-6	3,067208E-7	-2,483029E-1	2,103325E-1
1,301000E+2	6,552864E-6	2,061260E-7	-2,184509E-1	3,461852E-2
1,302000E+2	6,709866E-6	2,308957E-7	-2,613666E-1	4,226775E-2
1,303000E+2	6,936206E-6	3,947978E-7	-3,558744E-1	4,153584E-2
1,304000E+2	7,446295E-6	2,533007E-7	-2,607685E-1	3,363248E-2
1,305000E+2	7,400972E-6	2,591182E-7	-3,065420E-1	2,913192E-2
1,306000E+2	6,857013E-6	2,562231E-7	-2,465906E-1	6,623254E-2
1,307000E+2	7,211494E-6	1,562066E-7	-2,605965E-1	2,443319E-2
1,308000E+2	7,229540E-6	1,043644E-7	-2,829396E-1	1,927206E-2
1,309000E+2	7,426866E-6	9,996889E-8	-2,433381E-1	2,120047E-2
1,310000E+2	7,511955E-6	1,483205E-7	-2,622241E-1	1,619537E-2
1,311000E+2	7,592896E-6	1,214723E-7	-2,446105E-1	1,872957E-2
1,312000E+2	7,594567E-6	1,021654E-7	-2,314431E-1	1,611268E-2
1,313000E+2	7,869877E-6	9,747979E-8	-2,096296E-1	1,264270E-2
1,314000E+2	7,878919E-6	1,113489E-7	-2,777659E-1	1,474673E-2
1,315000E+2	8,050414E-6	6,655240E-8	-2,264916E-1	1,227524E-2
1,316000E+2	8,195244E-6	6,110190E-8	-2,190916E-1	1,178721E-2
1,317000E+2	8,297392E-6	7,869365E-8	-2,117706E-1	1,112259E-2
1,318000E+2	8,604663E-6	1,519633E-7	-2,071252E-1	1,302195E-2
1,319000E+2	8,848238E-6	1,175761E-7	-1,809072E-1	9,647959E-3
1,320000E+2	8,682456E-6	1,840565E-7	-1,945382E-1	2,439768E-2
1,321000E+2	9,250444E-6	1,167714E-7	-2,473681E-1	1,152807E-2
1,322000E+2	9,033916E-6	1,655781E-7	-2,057986E-1	2,473480E-2
1,323000E+2	9,386306E-6	1,088080E-7	-1,897217E-1	1,044253E-2
1,324000E+2	9,408373E-6	1,645726E-7	-1,391164E-1	1,215378E-2
1,325000E+2	9,408088E-6	2,038920E-7	-1,489562E-1	2,150592E-2
1,326000E+2	9,880223E-6	1,135063E-7	-2,116631E-1	1,358459E-2
1,327000E+2	9,954057E-6	1,299231E-7	-1,812730E-1	1,764688E-2
1,328000E+2	1,020333E-5	1,990160E-7	-1,763233E-1	1,545357E-2
1,329000E+2	1,048573E-5	5,847420E-8	-1,443262E-1	4,497880E-3
1,330000E+2	1,064910E-5	7,143364E-8	-1,521194E-1	4,819740E-3
1,331000E+2	1,084887E-5	6,896424E-8	-1,320723E-1	7,435336E-3
1,332000E+2	1,113887E-5	8,964022E-8	-1,423174E-1	9,453239E-3
1,333000E+2	1,155198E-5	1,432123E-7	-1,272036E-1	8,438279E-3
1,334000E+2	1,133877E-5	1,570357E-7	-9,544156E-2	1,406104E-2
1,335000E+2	1,192671E-5	6,178233E-8	-1,062572E-1	6,614899E-3
1,336000E+2	1,231896E-5	1,562980E-7	-9,311140E-2	1,286792E-2
1,337000E+2	1,259233E-5	1,492531E-7	-6,203919E-2	1,654704E-2
1,338000E+2	1,295416E-5	1,341967E-7	-2,170121E-2	1,184432E-2
1,339000E+2	1,354799E-5	2,221844E-7	-8,611042E-2	1,304601E-2
1,340000E+2	1,371835E-5	1,489921E-7	-6,757026E-2	8,994529E-3
1,341000E+2	1,393098E-5	8,048841E-8	-6,988638E-2	5,621050E-3
1,342000E+2	1,428498E-5	8,175165E-8	-6,056697E-2	5,996083E-3
1,343000E+2	1,481304E-5	1,923039E-7	-4,690265E-2	1,483187E-2
1,344000E+2	1,525939E-5	1,649141E-7	1,002450E-2	1,262034E-2
1,345000E+2	1,587593E-5	1,157358E-7	-6,936243E-3	6,333734E-3
1,346000E+2	1,609583E-5	1,739085E-7	2,743456E-2	8,830024E-3
1,347000E+2	1,655128E-5	3,223008E-7	8,000451E-2	2,045239E-2
1,348000E+2	1,743918E-5	3,893006E-7	2,588350E-2	1,800341E-2
1,349000E+2	1,781930E-5	2,036824E-7	6,138392E-2	1,630731E-2
1,350000E+2	1,863582E-5	3,034189E-7	3,314833E-2	1,401185E-2
1,351000E+2	1,950189E-5	1,997179E-7	9,737852E-2	1,129822E-2
1,352000E+2	1,994866E-5	1,788437E-7	1,444837E-1	1,422122E-2
1,353000E+2	2,114080E-5	3,336273E-7	1,830816E-1	1,060126E-2
1,354000E+2	2,174754E-5	1,809813E-7	1,792834E-1	1,103056E-2
1,355000E+2	2,239470E-5	2,397583E-7	2,143496E-1	9,867436E-3
1,356000E+2	2,318769E-5	2,834663E-7	2,303459E-1	1,658983E-2
1,357000E+2	2,433393E-5	2,336736E-7	2,797920E-1	1,521503E-2
1,358000E+2	2,501845E-5	1,722260E-7	3,158616E-1	2,906063E-3
1,359000E+2	2,676422E-5	2,480932E-7	3,680337E-1	8,209982E-3
1,360000E+2	2,762058E-5	2,511386E-7	4,121267E-1	1,007788E-2
1,361000E+2	2,879818E-5	2,202899E-7	4,592435E-1	8,874258E-3
1,362000E+2	3,043388E-5	2,791275E-7	5,053752E-1	9,040879E-3
1,363000E+2	3,138427E-5	2,649901E-7	5,407274E-1	4,827741E-3
1,364000E+2	3,255028E-5	2,698519E-7	5,899619E-1	7,020967E-3
1,365000E+2	3,328164E-5	2,042071E-7	6,726644E-1	8,550226E-3
1,366000E+2	3,528533E-5	2,606022E-7	7,442941E-1	8,696323E-3
1,367000E+2	3,606779E-5	3,051489E-7	8,442643E-1	8,519241E-3
1,368000E+2	3,660799E-5	2,300528E-7	9,152953E-1	6,088599E-3
1,369000E+2	3,785550E-5	3,227151E-7	9,798614E-1	6,238600E-3
1,370000E+2	3,776151E-5	1,258571E-7	1,064962E+0	5,367875E-3
1,371000E+2	3,807674E-5	2,853239E-7	1,142335E+0	9,943333E-3
1,372000E+2	3,797280E-5	2,849043E-7	1,235218E+0	9,010245E-3
1,373000E+2	3,745367E-5	2,832036E-7	1,325600E+0	5,081311E-3
1,374000E+2	3,672266E-5	2,753766E-7	1,411576E+0	9,675745E-3
1,375000E+2	3,568850E-5	2,709764E-7	1,480712E+0	7,504622E-3
1,376000E+2	3,485993E-5	2,423998E-7	1,536462E+0	1,160092E-2
1,377000E+2	3,378881E-5	2,503045E-7	1,624477E+0	7,139134E-3
1,378000E+2	3,270051E-5	1,381784E-7	1,688731E+0	3,636381E-3
1,379000E+2	3,085336E-5	2,753291E-7	1,743661E+0	5,771299E-3
1,380000E+2	2,994016E-5	9,039929E-8	1,808625E+0	3,274010E-3
1,381000E+2	2,877282E-5	2,157613E-7	1,858290E+0	6,980842E-3
1,382000E+2	2,724557E-5	2,258214E-7	1,927165E+0	5,027932E-3
1,383000E+2	2,641686E-5	2,285013E-7	1,957593E+0	7,222507E-3
1,384000E+2	2,567807E-5	2,771121E-7	1,968673E+0	8,151515E-3
1,385000E+2	2,434996E-5	2,591991E-7	2,022963E+0	1,354692E-2
1,386000E+2	2,328843E-5	3,370393E-7	2,041129E+0	9,740479E-3
1,387000E+2	2,301411E-5	3,259026E-7	2,079636E+0	1,876410E-2
1,388000E+2	2,129130E-5	3,293243E-7	2,113743E+0	1,555623E-2
1,389000E+2	2,062453E-5	2,252268E-7	2,179839E+0	1,348260E-2
1,390000E+2	1,885935E-5	3,024292E-7	2,153060E+0	1,672727E-2
1,391000E+2	1,957072E-5	4,045079E-7	2,208924E+0	1,400013E-2
1,392000E+2	1,839458E-5	3,820618E-7	2,232711E+0	1,639487E-2
1,393000E+2	1,800002E-5	3,394661E-7	2,262985E+0	1,469950E-2
1,394000E+2	1,734120E-5	2,040371E-7	2,216449E+0	2,385422E-2
1,395000E+2	1,657182E-5	1,262176E-7	2,278694E+0	1,148844E-2
1,396000E+2	1,632112E-5	2,566174E-7	2,362364E+0	1,823909E-2
1,397000E+2	1,554355E-5	3,286496E-7	2,318808E+0	1,446970E-2
1,398000E+2	1,552996E-5	3,266872E-7	2,328541E+0	2,409103E-2
1,399000E+2	1,477980E-5	3,575108E-7	2,356039E+0	2,956615E-2
1,400000E+2	1,459309E-5	4,045828E-7	2,363700E+0	2,169005E-2
1,401000E+2	1,336133E-5	5,087473E-7	2,373026E+0	3,398229E-2
1,402000E+2	1,269554E-5	3,302095E-7	2,392547E+0	2,039328E-2
1,403000E+2	1,313191E-5	1,829993E-7	2,381127E+0	1,776189E-2
1,404000E+2	1,281020E-5	3,220024E-7	2,411769E+0	1,641460E-2
1,405000E+2	1,290057E-5	3,415055E-7	2,404244E+0	2,922767E-2
1,406000E+2	1,216685E-5	2,669286E-7	2,434347E+0	2,170519E-2
1,407000E+2	1,178560E-5	1,597174E-7	2,424898E+0	1,908268E-2
1,408000E+2	1,132747E-5	2,362795E-7	2,405367E+0	2,377064E-2
1,409000E+2	1,094744E-5	3,190092E-7	2,416057E+0	2,438519E-2
1,410000E+2	1,067536E-5	2,262922E-7	2,411627E+0	2,206635E-2
1,411000E+2	1,032145E-5	3,403944E-7	2,502608E+0	3,119730E-2
1,412000E+2	1,082759E-5	2,723382E-7	2,393797E+0	3,129105E-2
1,413000E+2	1,004764E-5	2,340011E-7	2,428197E+0	1,537354E-2
1,414000E+2	9,800881E-6	2,511857E-7	2,468590E+0	2,808312E-2
1,415000E+2	9,472351E-6	2,473323E-7	2,418087E+0	2,811880E-2
1,416000E+2	9,339918E-6	2,313380E-7	2,420112E+0	2,261393E-2
1,417000E+2	9,272522E-6	2,283620E-7	2,562971E+0	2,584711E-2
1,418000E+2	9,013959E-6	2,569555E-7	2,522085E+0	2,550055E-2
1,419000E+2	9,145287E-6	2,597006E-7	2,489563E+0	2,606372E-2
1,420000E+2	8,987994E-6	2,368480E-7	2,600765E+0	3,123999E-2
1,421000E+2	8,623343E-6	2,267079E-7	2,570675E+0	3,546092E-2
1,422000E+2	9,544019E-6	4,177619E-7	2,597528E+0	4,379261E-2
1,423000E+2	8,972864E-6	2,965265E-7	2,534543E+0	3,734429E-2
1,424000E+2	9,673719E-6	3,624286E-7	2,747338E+0	3,143553E-2
1,425000E+2	8,418158E-6	2,408329E-7	2,720497E+0	3,799674E-2
1,426000E+2	8,238007E-6	2,290820E-7	2,719598E+0	3,662855E-2
1,427000E+2	8,395146E-6	2,710110E-7	2,588647E+0	3,555648E-2
1,428000E+2	7,559602E-6	2,901234E-7	2,638473E+0	4,776362E-2
1,429000E+2	7,894398E-6	2,438883E-7	2,714024E+0	3,799377E-2
1,430000E+2	7,643554E-6	3,014481E-7	2,659777E+0	4,162585E-2
1,431000E+2	7,688088E-6	2,515568E-7	2,661287E+0	3,122185E-2
1,432000E+2	7,653580E-6	3,375819E-7	2,348141E+0	2,811455E-1
1,433000E+2	7,241500E-6	2,279817E-7	2,804614E+0	2,821406E-2
1,434000E+2	7,723675E-6	2,632753E-7	2,720576E+0	4,481499E-2
1,435000E+2	7,529031E-6	2,992733E-7	2,660341E+0	4,565637E-2
1,436000E+2	7,128413E-6	2,987805E-7	2,343297E+0	2,857684E-1
1,437000E+2	7,930906E-6	3,794462E-7	2,772806E+0	2,094130E-2
1,438000E+2	7,828686E-6	3,107421E-7	2,420876E+0	2,931851E-1
1,439000E+2	7,704744E-6	2,792376E-7	2,482099E+0	2,922949E-1
1,440000E+2	7,089965E-6	2,172615E-7	2,090628E+0	3,985313E-1
1,441000E+2	6,691660E-6	2,267960E-7	2,604485E+0	2,129786E-2
1,442000E+2	6,376888E-6	2,119726E-7	2,654029E+0	3,654846E-2
1,443000E+2	6,758701E-6	2,263856E-7	2,631882E+0	3,075706E-2
1,444000E+2	5,965181E-6	2,851444E-7	2,103102E+0	4,008989E-1
1,445000E+2	6,254361E-6	2,803288E-7	2,700094E+0	4,735025E-2
1,446000E+2	5,825484E-6	2,766406E-7	2,701709E+0	4,483807E-2
1,447000E+2	6,273657E-6	2,465385E-7	1,792445E+0	4,684452E-1
1,448000E+2	6,024037E-6	2,262974E-7	2,700396E+0	3,076749E-2
1,449000E+2	5,845818E-6	1,870350E-7	2,641748E+0	4,308895E-2
1,450000E+2	5,525702E-6	1,903483E-7	2,686903E+0	4,620926E-2
1,451000E+2	5,192019E-6	2,206365E-7	1,851273E+0	4,721092E-1
1,452000E+2	5,608325E-6	2,846360E-7	2,637631E+0	4,562923E-2
1,453000E+2	5,766810E-6	3,306331E-7	2,584352E+0	5,799025E-2
1,454000E+2	6,448049E-6	3,713836E-7	1,462851E+0	4,989840E-1
1,455000E+2	5,164233E-6	2,445934E-7	2,505229E+0	3,171312E-2
1,456000E+2	5,489324E-6	2,502559E-7	2,691475E+0	4,156995E-2
1,457000E+2	4,934901E-6	2,281390E-7	2,687152E+0	6,554736E-2
1,458000E+2	5,265909E-6	1,834733E-7	2,484332E+0	2,934946E-1
1,459000E+2	5,007234E-6	1,504343E-7	2,689548E+0	3,468035E-2
1,460000E+2	4,739744E-6	1,254314E-7	2,624256E+0	2,855518E-2
1,461000E+2	5,014383E-6	2,112359E-7	2,654699E+0	3,769389E-2
1,462000E+2	4,697853E-6	2,216617E-7	2,372158E+0	2,867454E-1
1,463000E+2	4,988893E-6	1,381917E-7	2,613196E+0	2,604757E-2
1,464000E+2	4,766466E-6	1,915330E-7	2,712008E+0	3,362404E-2
1,465000E+2	4,634311E-6	1,863671E-7	2,614867E+0	4,410286E-2
1,466000E+2	5,029540E-6	2,902191E-7	2,608920E+0	5,695011E-2
1,467000E+2	5,176868E-6	3,297137E-7	2,292291E+0	2,861894E-1
1,468000E+2	4,873647E-6	2,917816E-7	2,559030E+0	5,927973E-2
1,469000E+2	5,489084E-6	3,258433E-7	2,414730E+0	2,929639E-1
1,470000E+2	4,609941E-6	2,625637E-7	1,376092E+0	5,638007E-1
1,471000E+2	4,995951E-6	3,068939E-7	1,923461E+0	4,758013E-1
1,472000E+2	4,880179E-6	3,310477E-7	2,304612E+0	3,073046E-1
1,473000E+2	5,659149E-6	3,515655E-7	1,929288E+0	4,662335E-1
1,474000E+2	5,854821E-6	3,779075E-7	1,649230E+0	5,343438E-1
1,475000E+2	4,142137E-6	3,626401E-7	1,101520E+0	5,946444E-1
1,476000E+2	5,685712E-6	2,384134E-7	1,599185E+0	5,216230E-1
1,477000E+2	6,956862E-6	3,328067E-7	2,881637E+0	3,804578E-2
1,478000E+2	5,291317E-6	3,091118E-7	2,223149E+0	4,001121E-1
1,479000E+2	7,155538E-6	3,052179E-7	2,115692E+0	4,030220E-1
1,480000E+2	5,822942E-6	3,684222E-7	1,638639E+0	5,366606E-1
1,481000E+2	6,527143E-6	3,427499E-7	1,700993E+0	5,438611E-1
