Frequenz (Hz), Amplitude (V), FehlerAmp (V), Phase, FehlerPhase bei Temp.:  60,843812, Fehler: 0,0000001,300000E+2	8,230645E-6	2,846846E-7	9,457370E-2	1,946472E-1
1,301000E+2	1,029239E-5	2,892193E-7	4,857891E-2	3,139723E-2
1,302000E+2	1,039284E-5	2,694943E-7	-3,190407E-2	2,665523E-2
1,303000E+2	1,017915E-5	2,535201E-7	6,816532E-2	2,460478E-2
1,304000E+2	1,113025E-5	2,132228E-7	3,596808E-2	1,486364E-2
1,305000E+2	1,091094E-5	1,641940E-7	5,414600E-2	1,388865E-2
1,306000E+2	1,192427E-5	1,354423E-7	6,806325E-2	1,131527E-2
1,307000E+2	1,258188E-5	1,914498E-7	3,068150E-2	2,021806E-2
1,308000E+2	1,191896E-5	2,620807E-7	6,516528E-2	1,968152E-2
1,309000E+2	1,223431E-5	3,808447E-7	2,333248E-2	2,628276E-2
1,310000E+2	1,396312E-5	2,795013E-7	-5,354092E-2	3,334185E-2
1,311000E+2	1,458934E-5	3,824964E-7	-4,558501E-2	2,476707E-2
1,312000E+2	1,406550E-5	3,971628E-7	-4,963484E-3	2,540230E-2
1,313000E+2	1,460474E-5	3,638246E-7	1,982305E-2	1,272301E-2
1,314000E+2	1,479798E-5	2,819279E-7	4,929432E-3	2,146113E-2
1,315000E+2	1,470468E-5	2,984334E-7	2,181906E-2	2,186677E-2
1,316000E+2	1,631031E-5	3,496977E-7	-2,048843E-2	1,790840E-2
1,317000E+2	1,706712E-5	2,205999E-7	-1,022690E-1	1,724738E-2
1,318000E+2	1,758109E-5	4,139718E-7	-1,071198E-1	2,188989E-2
1,319000E+2	1,771643E-5	4,636150E-7	-1,038514E-1	2,485220E-2
1,320000E+2	1,859604E-5	4,077077E-7	-8,405624E-2	1,577059E-2
1,321000E+2	1,903857E-5	3,345788E-7	-1,370184E-1	2,882146E-2
1,322000E+2	1,858533E-5	2,835770E-7	-1,296526E-1	2,032519E-2
1,323000E+2	1,919153E-5	3,041608E-7	-1,270902E-1	1,926323E-2
1,324000E+2	1,922483E-5	2,336506E-7	-7,934431E-2	1,194326E-2
1,325000E+2	1,952710E-5	1,533732E-7	-5,670899E-2	1,100850E-2
1,326000E+2	1,988937E-5	1,904227E-7	-5,200495E-2	1,402322E-2
1,327000E+2	1,996968E-5	2,136372E-7	-3,608393E-2	8,703964E-3
1,328000E+2	1,909960E-5	2,692544E-7	7,515287E-2	1,567090E-2
1,329000E+2	1,876444E-5	1,753548E-7	1,114507E-1	1,811947E-2
1,330000E+2	2,012802E-5	3,021060E-7	1,004104E-1	1,372659E-2
1,331000E+2	2,040630E-5	2,557076E-7	4,983606E-2	1,707633E-2
1,332000E+2	2,177867E-5	2,686194E-7	3,156155E-2	1,302218E-2
1,333000E+2	2,369881E-5	2,309736E-7	-2,590040E-2	1,300740E-2
1,334000E+2	2,458375E-5	2,107766E-7	-7,167654E-2	1,189401E-2
1,335000E+2	2,497264E-5	1,271270E-7	-7,372729E-2	5,517003E-3
1,336000E+2	2,587872E-5	7,623758E-8	-8,554548E-2	5,410895E-3
1,337000E+2	2,643567E-5	6,142340E-8	-5,379048E-2	3,992286E-3
1,338000E+2	2,681725E-5	9,430597E-8	1,939105E-3	5,137634E-3
1,339000E+2	2,727393E-5	1,005903E-7	2,819485E-2	5,915247E-3
1,340000E+2	2,766227E-5	1,274822E-7	7,541234E-2	6,663813E-3
1,341000E+2	2,824419E-5	1,462355E-7	1,066600E-1	8,567660E-3
1,342000E+2	2,736694E-5	2,609135E-7	1,738597E-1	7,403684E-3
1,343000E+2	2,646508E-5	3,750501E-7	2,340124E-1	8,526827E-3
1,344000E+2	2,616638E-5	2,273184E-7	2,770098E-1	6,124046E-3
1,345000E+2	2,638674E-5	2,339519E-7	3,149599E-1	7,937607E-3
1,346000E+2	2,980576E-5	4,234620E-7	2,598159E-1	1,386535E-2
1,347000E+2	3,236543E-5	3,694109E-7	2,614731E-1	9,127730E-3
1,348000E+2	3,513361E-5	4,445118E-7	1,736256E-1	1,846995E-2
1,349000E+2	3,652201E-5	3,715643E-7	1,975907E-1	1,146477E-2
1,350000E+2	3,494876E-5	6,289703E-7	3,159681E-1	1,676289E-2
1,351000E+2	3,263634E-5	3,461270E-7	4,089747E-1	4,876417E-3
1,352000E+2	3,445358E-5	3,326060E-7	4,429898E-1	4,952417E-3
1,353000E+2	3,368885E-5	7,189259E-7	4,797013E-1	6,933958E-3
1,354000E+2	3,544128E-5	4,891300E-7	5,053612E-1	5,748333E-3
1,355000E+2	3,741319E-5	4,176676E-7	5,450946E-1	4,406259E-3
1,356000E+2	4,221689E-5	4,080062E-7	5,454391E-1	5,060848E-3
1,357000E+2	4,186632E-5	3,801947E-7	5,953792E-1	5,513314E-3
1,358000E+2	4,383650E-5	3,784416E-7	6,374554E-1	5,748634E-3
1,359000E+2	5,041283E-5	4,069668E-7	6,267928E-1	6,364459E-3
1,360000E+2	4,874094E-5	5,225316E-7	6,849281E-1	7,792709E-3
1,361000E+2	5,003023E-5	3,173634E-7	7,392422E-1	4,344900E-3
1,362000E+2	5,296570E-5	5,857185E-7	7,957747E-1	5,945743E-3
1,363000E+2	5,235935E-5	4,990253E-7	8,805413E-1	5,107972E-3
1,364000E+2	4,755374E-5	7,146869E-7	9,616737E-1	4,490322E-3
1,365000E+2	4,791654E-5	4,177602E-7	1,010144E+0	3,103799E-3
1,366000E+2	4,927790E-5	9,892316E-7	1,072193E+0	5,589539E-3
1,367000E+2	4,950023E-5	6,523604E-7	1,155322E+0	5,224974E-3
1,368000E+2	5,340006E-5	1,298430E-6	1,225918E+0	4,614713E-3
1,369000E+2	5,256972E-5	3,252657E-7	1,319120E+0	5,273163E-3
1,370000E+2	4,851758E-5	2,957660E-7	1,388066E+0	6,299714E-3
1,371000E+2	4,612627E-5	4,529839E-7	1,459699E+0	4,347361E-3
1,372000E+2	4,342010E-5	2,600480E-7	1,503161E+0	6,063362E-3
1,373000E+2	4,578277E-5	6,579635E-7	1,607386E+0	6,597206E-3
1,374000E+2	4,126496E-5	2,046097E-7	1,653701E+0	5,381167E-3
1,375000E+2	3,864140E-5	8,938646E-8	1,697561E+0	5,324701E-3
1,376000E+2	3,818055E-5	2,190916E-7	1,783652E+0	7,757203E-3
1,377000E+2	3,644150E-5	1,418412E-7	1,852224E+0	5,724218E-3
1,378000E+2	3,506684E-5	1,434925E-7	1,879644E+0	6,255385E-3
1,379000E+2	3,256424E-5	1,905385E-7	1,888783E+0	4,175191E-3
1,380000E+2	3,082159E-5	8,923600E-8	1,929545E+0	5,054549E-3
1,381000E+2	2,949925E-5	9,579689E-8	1,987611E+0	5,363800E-3
1,382000E+2	2,891189E-5	1,274568E-7	2,073341E+0	7,572093E-3
1,383000E+2	2,748997E-5	1,172419E-7	2,105289E+0	4,236415E-3
1,384000E+2	2,617787E-5	9,908473E-8	2,129172E+0	6,268024E-3
1,385000E+2	2,508614E-5	1,723456E-7	2,158786E+0	9,575510E-3
1,386000E+2	2,390311E-5	1,121082E-7	2,182149E+0	6,141984E-3
1,387000E+2	2,248029E-5	9,828048E-8	2,175086E+0	4,541822E-3
1,388000E+2	2,147430E-5	1,158097E-7	2,189298E+0	6,350114E-3
1,389000E+2	2,052367E-5	1,245719E-7	2,219492E+0	6,349664E-3
1,390000E+2	2,003868E-5	1,732386E-7	2,253363E+0	1,008371E-2
1,391000E+2	1,973620E-5	2,479140E-7	2,307986E+0	1,105170E-2
1,392000E+2	1,888641E-5	1,984057E-7	2,346938E+0	1,281620E-2
1,393000E+2	1,871843E-5	1,819088E-7	2,409444E+0	9,371454E-3
1,394000E+2	1,850715E-5	1,499436E-7	2,437235E+0	8,109355E-3
1,395000E+2	1,824048E-5	1,813029E-7	2,466042E+0	8,602410E-3
1,396000E+2	1,791497E-5	1,508009E-7	2,475714E+0	8,979202E-3
1,397000E+2	1,654804E-5	1,252344E-7	2,508171E+0	7,268146E-3
1,398000E+2	1,673824E-5	1,904768E-7	2,525749E+0	9,373653E-3
1,399000E+2	1,630798E-5	1,503059E-7	2,542974E+0	8,361735E-3
1,400000E+2	1,550848E-5	1,576167E-7	2,532136E+0	1,452640E-2
1,401000E+2	1,762529E-5	2,576462E-7	2,678034E+0	9,941150E-3
1,402000E+2	1,461062E-5	2,496819E-7	2,573641E+0	1,614821E-2
1,403000E+2	1,388679E-5	2,864340E-7	2,601125E+0	1,816365E-2
1,404000E+2	1,427126E-5	2,075511E-7	2,623306E+0	1,437162E-2
1,405000E+2	1,370004E-5	1,782483E-7	2,605765E+0	8,628372E-3
1,406000E+2	1,364797E-5	2,548339E-7	2,636573E+0	1,541621E-2
1,407000E+2	1,396508E-5	2,111833E-7	2,679760E+0	9,881475E-3
1,408000E+2	1,487695E-5	2,890063E-7	2,741523E+0	8,078531E-3
1,409000E+2	1,545075E-5	2,460350E-7	2,753097E+0	9,205896E-3
1,410000E+2	1,241152E-5	1,636489E-7	2,696700E+0	6,946287E-3
1,411000E+2	1,364233E-5	4,024256E-7	2,728800E+0	1,471624E-2
1,412000E+2	1,434465E-5	7,265358E-7	2,739881E+0	1,472972E-2
1,413000E+2	1,723369E-5	3,350482E-7	2,727153E+0	1,452047E-2
1,414000E+2	1,346721E-5	3,872379E-7	2,747241E+0	1,397282E-2
1,415000E+2	1,233776E-5	3,306701E-7	2,766145E+0	1,307005E-2
1,416000E+2	1,009792E-5	1,594137E-7	2,669420E+0	1,784878E-2
1,417000E+2	1,029603E-5	2,784124E-7	2,627237E+0	2,686591E-2
1,418000E+2	1,202961E-5	4,729863E-7	2,723390E+0	2,304172E-2
1,419000E+2	1,322754E-5	3,655675E-7	2,811537E+0	1,409310E-2
1,420000E+2	1,420068E-5	1,624110E-7	2,769437E+0	1,656906E-2
1,421000E+2	1,408644E-5	2,518887E-7	2,767934E+0	1,702280E-2
1,422000E+2	1,119287E-5	2,623894E-7	2,751204E+0	2,509987E-2
1,423000E+2	1,271524E-5	5,240597E-7	2,819477E+0	2,546733E-2
1,424000E+2	1,139681E-5	3,096052E-7	2,855718E+0	1,424973E-2
1,425000E+2	9,560359E-6	2,827472E-7	2,769583E+0	1,993092E-2
1,426000E+2	9,391954E-6	3,195440E-7	2,799386E+0	1,829072E-2
1,427000E+2	1,001018E-5	1,582694E-7	2,849010E+0	1,575639E-2
1,428000E+2	1,128222E-5	3,055532E-7	2,829934E+0	1,602769E-2
1,429000E+2	1,027099E-5	4,781977E-7	2,775220E+0	1,184637E-2
1,430000E+2	7,598617E-6	1,171470E-7	2,687276E+0	1,539732E-2
1,431000E+2	7,726823E-6	1,455351E-7	2,688481E+0	1,760033E-2
1,432000E+2	7,692772E-6	1,365961E-7	2,737672E+0	2,034998E-2
1,433000E+2	1,070796E-5	3,978053E-7	2,781146E+0	1,602341E-2
1,434000E+2	7,580541E-6	2,016791E-7	2,725731E+0	2,342698E-2
1,435000E+2	6,842539E-6	1,044298E-7	2,616382E+0	2,226893E-2
1,436000E+2	6,710607E-6	1,175101E-7	2,671899E+0	1,973951E-2
1,437000E+2	6,473616E-6	1,587841E-7	2,619770E+0	2,484570E-2
1,438000E+2	6,954028E-6	2,339791E-7	2,717688E+0	3,276440E-2
1,439000E+2	7,874343E-6	2,197192E-7	2,805490E+0	1,868831E-2
1,440000E+2	8,508215E-6	2,943773E-7	2,860415E+0	2,182613E-2
1,441000E+2	7,028025E-6	2,505464E-7	2,718108E+0	2,585699E-2
1,442000E+2	6,055431E-6	2,495936E-7	2,689772E+0	3,442026E-2
1,443000E+2	6,052500E-6	2,041279E-7	2,728084E+0	2,926691E-2
1,444000E+2	6,323152E-6	1,968738E-7	2,653114E+0	3,402808E-2
1,445000E+2	6,001273E-6	1,769123E-7	2,699472E+0	2,212311E-2
1,446000E+2	5,872228E-6	1,800402E-7	2,723089E+0	3,211852E-2
1,447000E+2	6,351996E-6	1,513626E-7	2,826064E+0	3,300550E-2
1,448000E+2	6,600169E-6	2,433453E-7	2,812100E+0	3,221459E-2
1,449000E+2	5,720341E-6	2,453560E-7	2,793864E+0	4,739527E-2
1,450000E+2	5,787509E-6	2,369028E-7	2,692883E+0	4,188129E-2
1,451000E+2	5,244974E-6	2,630606E-7	2,617828E+0	3,029385E-2
1,452000E+2	5,290546E-6	2,547733E-7	2,670582E+0	3,919579E-2
1,453000E+2	5,421342E-6	1,950324E-7	2,712351E+0	4,074736E-2
1,454000E+2	5,550205E-6	2,509746E-7	2,729795E+0	4,730909E-2
1,455000E+2	5,622320E-6	1,940787E-7	2,693103E+0	3,402182E-2
1,456000E+2	5,136896E-6	3,160897E-7	2,628218E+0	6,522127E-2
1,457000E+2	5,566018E-6	3,292757E-7	2,156781E+0	4,050754E-1
1,458000E+2	5,779695E-6	3,315682E-7	2,395948E+0	2,803599E-1
1,459000E+2	5,215540E-6	2,294337E-7	2,398818E+0	2,939313E-1
1,460000E+2	5,475062E-6	2,913040E-7	1,945644E+0	4,740423E-1
1,461000E+2	5,533396E-6	2,903873E-7	2,588787E+0	6,181031E-2
1,462000E+2	5,734773E-6	2,457142E-7	2,596819E+0	7,293717E-2
1,463000E+2	4,805658E-6	4,273620E-7	1,068929E+0	5,793360E-1
1,464000E+2	4,689426E-6	3,851926E-7	1,913389E+0	4,209736E-1
1,465000E+2	4,457271E-6	4,030400E-7	1,969736E+0	3,821954E-1
1,466000E+2	4,542508E-6	2,695099E-7	2,651750E+0	7,274911E-2
1,467000E+2	5,402778E-6	3,590654E-7	2,515668E+0	8,676860E-2
1,468000E+2	5,471745E-6	3,423150E-7	2,092209E+0	3,951901E-1
1,469000E+2	5,046548E-6	3,611578E-7	2,398967E+0	2,879706E-1
1,470000E+2	4,535833E-6	2,633584E-7	2,419129E+0	2,967925E-1
1,471000E+2	5,583520E-6	2,784214E-7	2,513216E+0	2,903672E-1
1,472000E+2	5,133395E-6	2,679047E-7	2,053996E+0	3,895315E-1
1,473000E+2	5,893895E-6	4,314753E-7	1,647696E+0	5,263029E-1
1,474000E+2	5,379743E-6	2,597424E-7	1,859404E+0	4,588216E-1
1,475000E+2	4,700371E-6	2,788706E-7	1,401504E+0	5,813482E-1
1,476000E+2	4,302263E-6	1,956911E-7	1,547103E+0	5,191681E-1
1,477000E+2	4,926884E-6	2,351144E-7	2,811184E+0	3,349844E-2
1,478000E+2	4,796060E-6	3,486932E-7	1,653528E+0	5,177262E-1
1,479000E+2	4,324934E-6	2,338390E-7	1,466767E+0	5,859622E-1
1,480000E+2	5,192572E-6	2,796548E-7	1,880246E+0	4,819339E-1
1,481000E+2	4,273239E-6	3,292341E-7	1,629052E+0	5,050101E-1
