Frequenz (Hz), Amplitude (V), FehlerAmp (V), Phase, FehlerPhase bei Temp.:  60,843812, Fehler: 0,0000001,300000E+2	7,659662E-6	5,476264E-7	6,551598E-2	1,604039E-1
1,301000E+2	6,745175E-6	4,088137E-7	-1,493355E-3	7,986569E-2
1,302000E+2	7,258991E-6	2,429184E-7	3,736038E-2	3,474323E-2
1,303000E+2	7,444339E-6	2,615960E-7	-6,964231E-2	4,552805E-2
1,304000E+2	7,609387E-6	2,109803E-7	-1,527025E-2	3,720171E-2
1,305000E+2	7,848521E-6	2,957084E-7	-4,298709E-2	2,956662E-2
1,306000E+2	6,998476E-6	2,303858E-7	-1,172488E-1	4,235925E-2
1,307000E+2	7,621484E-6	2,884224E-7	-8,725342E-2	4,252879E-2
1,308000E+2	8,565736E-6	3,784370E-7	-1,734437E-2	4,435053E-2
1,309000E+2	8,875008E-6	2,475442E-7	1,772242E-2	3,100345E-2
1,310000E+2	9,184778E-6	3,354098E-7	5,002675E-2	2,704852E-2
1,311000E+2	9,285128E-6	3,156160E-7	-2,970305E-4	5,302909E-2
1,312000E+2	8,357330E-6	4,794580E-7	4,417212E-3	4,432170E-2
1,313000E+2	8,717400E-6	2,916505E-7	2,356108E-2	3,931427E-2
1,314000E+2	8,949731E-6	3,663136E-7	6,961702E-2	2,815612E-2
1,315000E+2	8,906598E-6	3,632523E-7	-4,645094E-2	4,281585E-2
1,316000E+2	9,028376E-6	2,380544E-7	-5,748472E-2	3,929815E-2
1,317000E+2	8,448509E-6	2,710517E-7	-5,009270E-2	2,895215E-2
1,318000E+2	9,399518E-6	2,968038E-7	8,566798E-4	2,295089E-2
1,319000E+2	9,092203E-6	3,466064E-7	5,192517E-2	3,517470E-2
1,320000E+2	9,255943E-6	2,554842E-7	5,936024E-2	3,074394E-2
1,321000E+2	9,975090E-6	3,184818E-7	3,203298E-2	2,026730E-2
1,322000E+2	9,693908E-6	3,039519E-7	5,467759E-2	2,794853E-2
1,323000E+2	9,838482E-6	3,105820E-7	1,767608E-3	2,604875E-2
1,324000E+2	9,625385E-6	4,329168E-7	3,305922E-2	5,271342E-2
1,325000E+2	1,033199E-5	3,017784E-7	3,709152E-2	3,764206E-2
1,326000E+2	1,201841E-5	3,183714E-7	1,696397E-1	2,112155E-2
1,327000E+2	1,112546E-5	2,749490E-7	1,037590E-1	3,519569E-2
1,328000E+2	1,216042E-5	2,233756E-7	2,456856E-2	2,732026E-2
1,329000E+2	1,290339E-5	4,285914E-7	6,814455E-2	3,376422E-2
1,330000E+2	1,403393E-5	3,975942E-7	1,343418E-1	2,738106E-2
1,331000E+2	1,322924E-5	3,417531E-7	1,233181E-1	2,083666E-2
1,332000E+2	1,228178E-5	4,077926E-7	6,613820E-2	3,340331E-2
1,333000E+2	1,289004E-5	3,163398E-7	5,142337E-2	2,496421E-2
1,334000E+2	1,280623E-5	2,807055E-7	6,441347E-2	2,488318E-2
1,335000E+2	1,381257E-5	2,822880E-7	8,171199E-2	1,893100E-2
1,336000E+2	1,462283E-5	3,538926E-7	1,634317E-1	2,058923E-2
1,337000E+2	1,441749E-5	2,852727E-7	1,255609E-1	1,752289E-2
1,338000E+2	1,398494E-5	2,582883E-7	9,050115E-2	1,743193E-2
1,339000E+2	1,511548E-5	3,668261E-7	1,241436E-1	3,267099E-2
1,340000E+2	1,480935E-5	3,019274E-7	1,132639E-1	2,185972E-2
1,341000E+2	1,498206E-5	2,587314E-7	9,783710E-2	2,179031E-2
1,342000E+2	1,547649E-5	2,414675E-7	1,413808E-1	2,164859E-2
1,343000E+2	1,571764E-5	2,948751E-7	1,083820E-1	2,261789E-2
1,344000E+2	1,559265E-5	3,212954E-7	1,207581E-1	1,113677E-2
1,345000E+2	1,618136E-5	5,533469E-7	1,105077E-1	3,160165E-2
1,346000E+2	1,618216E-5	2,882569E-7	1,259711E-1	2,650367E-2
1,347000E+2	1,797585E-5	3,231743E-7	1,708494E-1	1,648155E-2
1,348000E+2	1,806867E-5	4,391708E-7	2,208266E-1	2,075550E-2
1,349000E+2	1,887939E-5	2,814458E-7	2,345009E-1	9,754827E-3
1,350000E+2	1,999430E-5	2,343659E-7	2,755290E-1	1,498581E-2
1,351000E+2	1,986330E-5	2,621561E-7	2,215451E-1	1,623183E-2
1,352000E+2	2,152116E-5	3,383135E-7	2,946317E-1	1,334520E-2
1,353000E+2	2,163362E-5	2,509100E-7	3,425858E-1	1,930048E-2
1,354000E+2	2,271799E-5	2,375693E-7	3,019879E-1	1,290582E-2
1,355000E+2	2,358114E-5	2,377231E-7	3,742217E-1	1,000953E-2
1,356000E+2	2,492524E-5	3,204122E-7	4,082482E-1	1,015068E-2
1,357000E+2	2,580504E-5	4,555654E-7	4,346093E-1	1,024750E-2
1,358000E+2	2,729807E-5	2,306159E-7	4,743185E-1	9,456739E-3
1,359000E+2	2,947653E-5	3,183858E-7	5,749624E-1	1,006055E-2
1,360000E+2	2,941486E-5	2,573849E-7	5,565262E-1	5,634324E-3
1,361000E+2	3,086642E-5	2,534808E-7	6,061670E-1	8,841988E-3
1,362000E+2	3,245696E-5	2,836448E-7	6,929332E-1	9,107340E-3
1,363000E+2	3,316327E-5	2,368265E-7	7,181645E-1	7,566981E-3
1,364000E+2	3,498080E-5	2,629446E-7	7,712556E-1	8,763238E-3
1,365000E+2	3,562576E-5	3,968928E-7	8,589245E-1	9,829219E-3
1,366000E+2	3,708601E-5	2,751331E-7	9,283889E-1	8,468119E-3
1,367000E+2	4,199618E-5	5,779734E-7	1,087807E+0	1,228074E-2
1,368000E+2	4,030970E-5	2,967327E-7	1,128406E+0	1,233660E-2
1,369000E+2	4,128010E-5	4,249659E-7	1,187814E+0	1,067475E-2
1,370000E+2	4,071358E-5	4,564364E-7	1,232996E+0	1,002967E-2
1,371000E+2	4,856650E-5	5,146295E-7	1,451124E+0	1,009992E-2
1,372000E+2	4,381760E-5	6,477711E-7	1,490227E+0	1,391334E-2
1,373000E+2	4,105763E-5	3,448083E-7	1,546085E+0	7,625327E-3
1,374000E+2	4,280373E-5	4,593817E-7	1,639102E+0	1,262132E-2
1,375000E+2	4,083438E-5	4,559051E-7	1,722166E+0	1,102245E-2
1,376000E+2	3,875647E-5	2,771128E-7	1,782698E+0	9,447980E-3
1,377000E+2	3,700393E-5	2,213047E-7	1,842608E+0	7,469851E-3
1,378000E+2	3,521920E-5	1,720146E-7	1,862606E+0	6,973718E-3
1,379000E+2	3,359002E-5	1,729563E-7	1,911442E+0	6,114840E-3
1,380000E+2	3,155493E-5	1,853225E-7	1,920205E+0	7,375758E-3
1,381000E+2	3,005127E-5	1,410555E-7	1,976703E+0	6,362058E-3
1,382000E+2	2,967295E-5	2,152094E-7	2,083542E+0	1,032764E-2
1,383000E+2	2,893618E-5	1,868637E-7	2,140986E+0	6,033228E-3
1,384000E+2	2,772298E-5	1,588358E-7	2,189688E+0	5,515574E-3
1,385000E+2	2,762207E-5	3,616423E-7	2,242862E+0	9,102330E-3
1,386000E+2	2,540329E-5	2,655703E-7	2,255915E+0	9,416012E-3
1,387000E+2	2,550115E-5	2,353424E-7	2,300830E+0	1,329679E-2
1,388000E+2	2,451542E-5	2,056993E-7	2,366512E+0	9,766147E-3
1,389000E+2	2,332912E-5	2,518271E-7	2,374849E+0	1,032426E-2
1,390000E+2	2,144084E-5	2,194617E-7	2,326809E+0	9,490823E-3
1,391000E+2	2,163131E-5	3,410471E-7	2,420813E+0	1,800738E-2
1,392000E+2	2,128217E-5	2,701238E-7	2,453955E+0	1,119260E-2
1,393000E+2	2,063451E-5	2,686842E-7	2,502756E+0	1,386178E-2
1,394000E+2	2,070474E-5	2,766726E-7	2,530342E+0	2,218793E-2
1,395000E+2	2,075805E-5	3,497859E-7	2,560942E+0	1,619731E-2
1,396000E+2	2,186196E-5	3,147961E-7	2,586530E+0	1,426537E-2
1,397000E+2	2,258871E-5	4,347875E-7	2,616389E+0	8,321601E-3
1,398000E+2	2,055796E-5	3,435966E-7	2,607398E+0	7,116494E-3
1,399000E+2	2,439632E-5	5,290263E-7	2,583442E+0	9,128360E-3
1,400000E+2	2,661350E-5	2,202460E-7	2,526407E+0	7,374990E-3
1,401000E+2	2,065736E-5	5,723582E-7	2,644399E+0	4,837978E-3
1,402000E+2	2,270292E-5	2,062341E-7	2,595808E+0	4,996386E-3
1,403000E+2	2,423634E-5	2,342207E-7	2,527703E+0	1,152195E-2
1,404000E+2	2,400492E-5	1,267257E-7	2,535014E+0	8,791312E-3
1,405000E+2	2,471916E-5	7,888527E-8	2,460023E+0	8,309332E-3
1,406000E+2	2,374161E-5	1,499837E-7	2,509855E+0	8,438463E-3
1,407000E+2	2,333611E-5	1,832594E-7	2,489427E+0	1,103657E-2
1,408000E+2	2,312833E-5	9,356246E-8	2,489541E+0	5,381234E-3
1,409000E+2	2,266292E-5	1,168542E-7	2,486308E+0	4,705663E-3
1,410000E+2	2,209762E-5	6,547016E-8	2,487388E+0	3,668824E-3
1,411000E+2	2,178895E-5	4,946699E-8	2,494831E+0	3,059495E-3
1,412000E+2	2,097027E-5	5,453062E-8	2,502176E+0	2,742345E-3
1,413000E+2	2,061971E-5	5,665740E-8	2,527202E+0	3,265931E-3
1,414000E+2	2,001397E-5	6,546442E-8	2,559204E+0	6,496391E-3
1,415000E+2	1,940696E-5	6,784432E-8	2,531991E+0	1,096160E-2
1,416000E+2	1,919812E-5	7,004020E-8	2,515230E+0	4,865245E-3
1,417000E+2	1,897314E-5	2,050496E-7	2,515349E+0	1,088619E-2
1,418000E+2	1,864233E-5	1,059045E-7	2,489409E+0	5,597741E-3
1,419000E+2	1,854508E-5	9,155913E-8	2,510363E+0	5,215587E-3
1,420000E+2	1,769968E-5	1,455662E-7	2,545476E+0	1,043881E-2
1,421000E+2	1,778029E-5	1,093520E-7	2,535779E+0	7,661350E-3
1,422000E+2	1,709756E-5	6,189281E-8	2,553139E+0	4,554457E-3
1,423000E+2	1,688992E-5	1,015936E-7	2,549832E+0	6,293311E-3
1,424000E+2	1,671967E-5	1,377966E-7	2,559395E+0	1,018174E-2
1,425000E+2	1,675744E-5	1,490516E-7	2,524408E+0	9,078419E-3
1,426000E+2	1,602586E-5	1,458530E-7	2,556218E+0	9,685881E-3
1,427000E+2	1,554510E-5	1,382725E-7	2,537624E+0	7,350390E-3
1,428000E+2	1,548429E-5	9,908924E-8	2,520976E+0	8,451669E-3
1,429000E+2	1,538295E-5	1,742403E-7	2,522377E+0	1,024900E-2
1,430000E+2	1,493406E-5	1,448955E-7	2,562917E+0	7,797209E-3
1,431000E+2	1,459393E-5	1,019393E-7	2,557615E+0	9,923621E-3
1,432000E+2	1,449664E-5	1,240282E-7	2,552327E+0	8,511519E-3
1,433000E+2	1,449302E-5	1,415313E-7	2,533297E+0	9,206615E-3
1,434000E+2	1,443050E-5	1,060810E-7	2,542016E+0	8,601405E-3
1,435000E+2	1,395708E-5	6,569936E-8	2,553146E+0	5,479089E-3
1,436000E+2	1,368742E-5	5,558394E-8	2,562532E+0	4,097310E-3
1,437000E+2	1,335465E-5	6,599749E-8	2,576148E+0	5,064688E-3
1,438000E+2	1,302087E-5	1,032259E-7	2,558486E+0	7,651781E-3
1,439000E+2	1,308639E-5	7,129065E-8	2,546711E+0	5,714175E-3
1,440000E+2	1,282339E-5	8,844559E-8	2,552559E+0	9,317991E-3
1,441000E+2	1,270213E-5	9,524625E-8	2,567482E+0	1,040608E-2
1,442000E+2	1,239967E-5	1,646015E-7	2,551593E+0	9,562775E-3
1,443000E+2	1,250884E-5	1,360460E-7	2,570803E+0	1,263185E-2
1,444000E+2	1,241077E-5	1,788051E-7	2,592181E+0	7,080570E-3
1,445000E+2	1,182061E-5	1,459232E-7	2,578219E+0	9,991883E-3
1,446000E+2	1,167486E-5	1,522440E-7	2,552498E+0	1,184528E-2
1,447000E+2	1,170684E-5	1,508566E-7	2,568485E+0	1,157062E-2
1,448000E+2	1,088129E-5	1,759236E-7	2,605329E+0	2,038142E-2
1,449000E+2	1,155947E-5	1,767451E-7	2,589046E+0	2,160871E-2
1,450000E+2	1,071580E-5	2,496934E-7	2,590383E+0	2,502553E-2
1,451000E+2	1,143087E-5	1,740550E-7	2,603751E+0	2,440097E-2
1,452000E+2	1,102796E-5	2,401396E-7	2,584012E+0	2,464090E-2
1,453000E+2	1,092743E-5	2,048837E-7	2,615342E+0	1,973028E-2
1,454000E+2	1,064641E-5	2,270130E-7	2,599418E+0	1,849745E-2
1,455000E+2	1,071450E-5	1,474394E-7	2,627334E+0	2,058636E-2
1,456000E+2	1,029003E-5	2,138777E-7	2,586724E+0	2,280673E-2
1,457000E+2	1,059909E-5	2,093599E-7	2,599158E+0	1,940351E-2
1,458000E+2	1,012659E-5	1,788744E-7	2,603357E+0	1,808370E-2
1,459000E+2	1,032487E-5	1,444399E-7	2,597212E+0	1,623278E-2
1,460000E+2	1,019111E-5	1,849434E-7	2,607820E+0	1,221688E-2
1,461000E+2	9,364474E-6	2,898403E-7	2,602084E+0	2,646982E-2
1,462000E+2	1,010592E-5	2,168574E-7	2,593096E+0	2,163302E-2
1,463000E+2	9,905095E-6	3,174408E-7	2,631382E+0	2,341723E-2
1,464000E+2	9,288876E-6	1,615907E-7	2,654726E+0	2,112190E-2
1,465000E+2	9,613367E-6	1,414461E-7	2,612315E+0	1,503816E-2
1,466000E+2	9,494252E-6	2,192136E-7	2,642484E+0	1,924583E-2
1,467000E+2	9,179664E-6	1,198230E-7	2,631459E+0	1,917850E-2
1,468000E+2	8,774422E-6	1,298553E-7	2,619658E+0	2,321486E-2
1,469000E+2	9,054396E-6	1,856081E-7	2,591392E+0	3,041790E-2
1,470000E+2	8,722310E-6	1,846298E-7	2,617436E+0	1,896024E-2
1,471000E+2	9,055838E-6	1,520379E-7	2,608009E+0	1,581235E-2
1,472000E+2	8,637557E-6	1,411539E-7	2,627890E+0	1,101703E-2
1,473000E+2	8,768578E-6	1,559803E-7	2,622347E+0	1,683099E-2
1,474000E+2	8,763470E-6	1,487969E-7	2,646085E+0	2,050200E-2
1,475000E+2	8,339855E-6	2,418309E-7	2,623677E+0	2,474736E-2
1,476000E+2	8,544637E-6	1,201929E-7	2,617669E+0	1,729031E-2
1,477000E+2	8,505588E-6	2,032237E-7	2,610801E+0	1,838597E-2
1,478000E+2	8,436061E-6	2,617056E-7	2,584383E+0	2,406676E-2
1,479000E+2	8,446970E-6	2,946497E-7	2,665102E+0	3,208128E-2
1,480000E+2	8,476983E-6	1,874794E-7	2,604018E+0	2,005984E-2
1,481000E+2	8,334018E-6	1,878412E-7	2,631361E+0	2,603835E-2
