Frequenz (Hz), Amplitude (V), FehlerAmp (V), Phase, FehlerPhase bei Temp.:  60,843812, Fehler: 0,0000001,300000E+2	1,417636E-5	6,411428E-7	-1,990921E-1	1,468949E-1
1,301000E+2	1,362313E-5	2,416851E-7	-3,075787E-1	2,117969E-2
1,302000E+2	1,364842E-5	3,083269E-7	-2,931225E-1	2,067153E-2
1,303000E+2	1,389863E-5	4,812289E-7	-2,927967E-1	3,392968E-2
1,304000E+2	1,460542E-5	5,339371E-7	-2,414754E-1	2,524551E-2
1,305000E+2	1,416595E-5	2,505403E-7	-2,714317E-1	2,200007E-2
1,306000E+2	1,389246E-5	2,758135E-7	-2,670020E-1	2,116162E-2
1,307000E+2	1,441363E-5	2,099960E-7	-2,812648E-1	1,223056E-2
1,308000E+2	1,468075E-5	2,256775E-7	-2,738647E-1	2,002973E-2
1,309000E+2	1,468533E-5	2,422147E-7	-2,425427E-1	1,884811E-2
1,310000E+2	1,552255E-5	2,125277E-7	-2,013807E-1	2,227474E-2
1,311000E+2	1,524302E-5	1,863448E-7	-2,706737E-1	1,526673E-2
1,312000E+2	1,581337E-5	1,221675E-7	-2,720090E-1	1,604244E-2
1,313000E+2	1,656732E-5	2,404920E-7	-2,638254E-1	1,424379E-2
1,314000E+2	1,638733E-5	2,132613E-7	-2,108496E-1	9,328224E-3
1,315000E+2	1,714399E-5	2,121505E-7	-2,268459E-1	1,304721E-2
1,316000E+2	1,706856E-5	7,144431E-8	-2,329197E-1	6,849085E-3
1,317000E+2	1,748561E-5	1,139318E-7	-2,133047E-1	8,006664E-3
1,318000E+2	1,768691E-5	1,694423E-7	-2,253919E-1	9,883972E-3
1,319000E+2	1,805967E-5	1,711332E-7	-2,130457E-1	1,189383E-2
1,320000E+2	1,815531E-5	1,889127E-7	-2,395214E-1	1,402963E-2
1,321000E+2	1,863161E-5	1,986300E-7	-2,261912E-1	9,320298E-3
1,322000E+2	1,902235E-5	1,562101E-7	-1,800987E-1	9,471162E-3
1,323000E+2	1,909278E-5	1,718384E-7	-2,007027E-1	7,136196E-3
1,324000E+2	1,987319E-5	1,243702E-7	-2,044559E-1	8,808543E-3
1,325000E+2	2,025331E-5	1,776545E-7	-2,287880E-1	1,692353E-2
1,326000E+2	2,029039E-5	1,816421E-7	-2,141961E-1	8,138486E-3
1,327000E+2	2,084760E-5	1,594871E-7	-2,026859E-1	1,023723E-2
1,328000E+2	2,209374E-5	2,106826E-7	-1,792299E-1	1,438986E-2
1,329000E+2	2,238705E-5	2,076886E-7	-1,491470E-1	1,138390E-2
1,330000E+2	2,262946E-5	2,033656E-7	-1,722335E-1	1,299641E-2
1,331000E+2	2,307929E-5	3,287742E-7	-1,741807E-1	1,629305E-2
1,332000E+2	2,341411E-5	3,536062E-7	-1,184136E-1	1,463632E-2
1,333000E+2	2,442954E-5	3,434152E-7	-1,283162E-1	1,941007E-2
1,334000E+2	2,516187E-5	3,510126E-7	-1,321601E-1	1,736783E-2
1,335000E+2	2,518480E-5	3,520814E-7	-1,195552E-1	1,553258E-2
1,336000E+2	2,556417E-5	2,939573E-7	-1,153755E-1	1,218707E-2
1,337000E+2	2,619804E-5	4,915180E-7	-1,487604E-1	1,966891E-2
1,338000E+2	2,713296E-5	5,192734E-7	-1,041580E-1	1,569562E-2
1,339000E+2	2,785039E-5	2,845416E-7	-8,216436E-2	1,216569E-2
1,340000E+2	2,873728E-5	2,581646E-7	-6,010067E-2	8,573994E-3
1,341000E+2	2,874388E-5	2,866852E-7	-5,954120E-2	8,224310E-3
1,342000E+2	2,987925E-5	2,007329E-7	-5,914176E-2	7,162056E-3
1,343000E+2	3,134993E-5	2,969413E-7	-4,487458E-2	7,030599E-3
1,344000E+2	3,255439E-5	2,241918E-7	-1,138398E-2	7,211303E-3
1,345000E+2	3,308824E-5	3,201184E-7	-9,567882E-3	1,170544E-2
1,346000E+2	3,388007E-5	2,961212E-7	2,689545E-2	9,158396E-3
1,347000E+2	3,581838E-5	3,079005E-7	5,341010E-2	8,199999E-3
1,348000E+2	3,668815E-5	3,038813E-7	3,837482E-2	4,664291E-3
1,349000E+2	3,804371E-5	2,508273E-7	5,554073E-2	7,593543E-3
1,350000E+2	3,991467E-5	3,536788E-7	7,956199E-2	9,081111E-3
1,351000E+2	4,029327E-5	2,753307E-7	9,792692E-2	8,090402E-3
1,352000E+2	4,174897E-5	3,747648E-7	1,163778E-1	1,323348E-2
1,353000E+2	4,371807E-5	2,897369E-7	1,551979E-1	6,725083E-3
1,354000E+2	4,532899E-5	1,996902E-7	1,572322E-1	6,768946E-3
1,355000E+2	4,785059E-5	2,644166E-7	1,946992E-1	7,848921E-3
1,356000E+2	4,919833E-5	3,769309E-7	2,340446E-1	8,519368E-3
1,357000E+2	5,246180E-5	3,555403E-7	2,836714E-1	9,386733E-3
1,358000E+2	5,400309E-5	3,387884E-7	3,045019E-1	5,404620E-3
1,359000E+2	5,641442E-5	3,562631E-7	3,475740E-1	5,854377E-3
1,360000E+2	5,849904E-5	2,749503E-7	3,980249E-1	3,786936E-3
1,361000E+2	6,143495E-5	3,988901E-7	4,512654E-1	6,166340E-3
1,362000E+2	6,420983E-5	3,374964E-7	5,115257E-1	5,138461E-3
1,363000E+2	6,610153E-5	1,867785E-7	5,389026E-1	3,157766E-3
1,364000E+2	6,857436E-5	3,208969E-7	6,035241E-1	3,934253E-3
1,365000E+2	7,084233E-5	2,167753E-7	6,883345E-1	7,440066E-3
1,366000E+2	7,316969E-5	4,002448E-7	7,706128E-1	3,751631E-3
1,367000E+2	7,611941E-5	3,434904E-7	8,373730E-1	5,420423E-3
1,368000E+2	7,765834E-5	3,276705E-7	9,303798E-1	6,292719E-3
1,369000E+2	7,871963E-5	3,023758E-7	9,746626E-1	6,405563E-3
1,370000E+2	7,991969E-5	4,221063E-7	1,056469E+0	5,413772E-3
1,371000E+2	7,978860E-5	3,862367E-7	1,155288E+0	8,299314E-3
1,372000E+2	7,934345E-5	2,406124E-7	1,254250E+0	7,413271E-3
1,373000E+2	7,848909E-5	2,589381E-7	1,337021E+0	5,174350E-3
1,374000E+2	7,683977E-5	2,078322E-7	1,419791E+0	6,306546E-3
1,375000E+2	7,438802E-5	3,022202E-7	1,524624E+0	6,289029E-3
1,376000E+2	7,241193E-5	2,134472E-7	1,591129E+0	6,010693E-3
1,377000E+2	7,092289E-5	2,804055E-7	1,660094E+0	3,766610E-3
1,378000E+2	6,714011E-5	3,230173E-7	1,691291E+0	3,520048E-3
1,379000E+2	6,479439E-5	2,950999E-7	1,751756E+0	5,122491E-3
1,380000E+2	6,218513E-5	2,856745E-7	1,813813E+0	5,889983E-3
1,381000E+2	5,968695E-5	2,070272E-7	1,868757E+0	4,208109E-3
1,382000E+2	5,807432E-5	2,606918E-7	1,917146E+0	4,696589E-3
1,383000E+2	5,441243E-5	3,237874E-7	1,942464E+0	9,256646E-3
1,384000E+2	5,263225E-5	3,909550E-7	1,993469E+0	6,808445E-3
1,385000E+2	5,041090E-5	3,261376E-7	2,038432E+0	8,439497E-3
1,386000E+2	4,874233E-5	3,208394E-7	2,072319E+0	6,525521E-3
1,387000E+2	4,606106E-5	4,523162E-7	2,098688E+0	6,735895E-3
1,388000E+2	4,483298E-5	2,784463E-7	2,139865E+0	5,947397E-3
1,389000E+2	4,315818E-5	2,476621E-7	2,162522E+0	9,352382E-3
1,390000E+2	4,089397E-5	2,074142E-7	2,164286E+0	3,788077E-3
1,391000E+2	3,960729E-5	3,398016E-7	2,197983E+0	6,499048E-3
1,392000E+2	3,792389E-5	2,476451E-7	2,212555E+0	6,067008E-3
1,393000E+2	3,632657E-5	2,648887E-7	2,247595E+0	9,576637E-3
1,394000E+2	3,538657E-5	2,121293E-7	2,264567E+0	3,548999E-3
1,395000E+2	3,431145E-5	1,484115E-7	2,287142E+0	2,694146E-3
1,396000E+2	3,335352E-5	1,740766E-7	2,280681E+0	7,080451E-3
1,397000E+2	3,225280E-5	3,111193E-7	2,287788E+0	1,045516E-2
1,398000E+2	3,055310E-5	3,049474E-7	2,304113E+0	7,249186E-3
1,399000E+2	3,008626E-5	2,603104E-7	2,347266E+0	9,998255E-3
1,400000E+2	3,008446E-5	3,656856E-7	2,363593E+0	1,162238E-2
1,401000E+2	2,907243E-5	3,213928E-7	2,372778E+0	9,908433E-3
1,402000E+2	2,781801E-5	3,302098E-7	2,395606E+0	1,077645E-2
1,403000E+2	2,650424E-5	2,105752E-7	2,398768E+0	9,862577E-3
1,404000E+2	2,662307E-5	2,459450E-7	2,447027E+0	1,012623E-2
1,405000E+2	2,535579E-5	1,666294E-7	2,393795E+0	7,314174E-3
1,406000E+2	2,499938E-5	1,626211E-7	2,423271E+0	1,046473E-2
1,407000E+2	2,412133E-5	2,801996E-7	2,433129E+0	1,220169E-2
1,408000E+2	2,391925E-5	2,750485E-7	2,419868E+0	1,053426E-2
1,409000E+2	2,275413E-5	2,917146E-7	2,445700E+0	1,407335E-2
1,410000E+2	2,280389E-5	3,227490E-7	2,455047E+0	1,529376E-2
1,411000E+2	2,199579E-5	2,761612E-7	2,477730E+0	1,158353E-2
1,412000E+2	2,121343E-5	1,646275E-7	2,437867E+0	1,305193E-2
1,413000E+2	2,108499E-5	2,813420E-7	2,484581E+0	1,911096E-2
1,414000E+2	2,035630E-5	2,337729E-7	2,484567E+0	1,752673E-2
1,415000E+2	1,990394E-5	3,468125E-7	2,477340E+0	1,577609E-2
1,416000E+2	2,021696E-5	3,747508E-7	2,454293E+0	2,300169E-2
1,417000E+2	1,894708E-5	3,471770E-7	2,534979E+0	1,546384E-2
1,418000E+2	1,864550E-5	2,845406E-7	2,567688E+0	2,024567E-2
1,419000E+2	1,839087E-5	3,323742E-7	2,517859E+0	1,383520E-2
1,420000E+2	1,797074E-5	2,958857E-7	2,531662E+0	1,806448E-2
1,421000E+2	1,765884E-5	3,156116E-7	2,477072E+0	2,532263E-2
1,422000E+2	1,771098E-5	3,707544E-7	2,558494E+0	1,745985E-2
1,423000E+2	1,740296E-5	2,972990E-7	2,554838E+0	1,233079E-2
1,424000E+2	1,682420E-5	2,667050E-7	2,539292E+0	1,756948E-2
1,425000E+2	1,610647E-5	2,046115E-7	2,538603E+0	1,390444E-2
1,426000E+2	1,627472E-5	4,025246E-7	2,520668E+0	2,014592E-2
1,427000E+2	1,627012E-5	3,498337E-7	2,555532E+0	2,775405E-2
1,428000E+2	1,552909E-5	2,854627E-7	2,521507E+0	1,281679E-2
1,429000E+2	1,590681E-5	4,325246E-7	2,652636E+0	1,698080E-2
1,430000E+2	1,557100E-5	3,956197E-7	2,577797E+0	3,422702E-2
1,431000E+2	1,513856E-5	2,995868E-7	2,548784E+0	3,468590E-2
1,432000E+2	1,435232E-5	3,156028E-7	2,547511E+0	1,957200E-2
1,433000E+2	1,412390E-5	3,475343E-7	2,575917E+0	2,389496E-2
1,434000E+2	1,443328E-5	2,901574E-7	2,555760E+0	2,983640E-2
1,435000E+2	1,412666E-5	2,925252E-7	2,554132E+0	1,851341E-2
1,436000E+2	1,433803E-5	3,180052E-7	2,559735E+0	2,470473E-2
1,437000E+2	1,329664E-5	4,062318E-7	2,595541E+0	3,724114E-2
1,438000E+2	1,367426E-5	3,315177E-7	2,565226E+0	5,051311E-2
1,439000E+2	1,243006E-5	1,779534E-7	2,554653E+0	1,560303E-2
1,440000E+2	1,252243E-5	2,587284E-7	2,591179E+0	2,051978E-2
1,441000E+2	1,260571E-5	3,137035E-7	2,562520E+0	2,659291E-2
1,442000E+2	1,243334E-5	2,971542E-7	2,551279E+0	2,419339E-2
1,443000E+2	1,271160E-5	4,113797E-7	2,586378E+0	3,718033E-2
1,444000E+2	1,266430E-5	3,000340E-7	2,608306E+0	2,758714E-2
1,445000E+2	1,317349E-5	3,945551E-7	2,577961E+0	2,927077E-2
1,446000E+2	1,197746E-5	4,348625E-7	2,562800E+0	3,025804E-2
1,447000E+2	1,215506E-5	4,049826E-7	2,600774E+0	3,579360E-2
1,448000E+2	1,271448E-5	4,200552E-7	2,557101E+0	2,973502E-2
1,449000E+2	1,152276E-5	3,507886E-7	2,648012E+0	2,656206E-2
1,450000E+2	1,158406E-5	3,679318E-7	2,604624E+0	2,829560E-2
1,451000E+2	1,153399E-5	3,089316E-7	2,595187E+0	4,250211E-2
1,452000E+2	1,123811E-5	2,638922E-7	2,631069E+0	2,642982E-2
1,453000E+2	1,090226E-5	3,263034E-7	2,613758E+0	2,621595E-2
1,454000E+2	1,079330E-5	2,033028E-7	2,613742E+0	2,498580E-2
1,455000E+2	1,100216E-5	2,832987E-7	2,573924E+0	3,240923E-2
1,456000E+2	1,109624E-5	3,337814E-7	2,597430E+0	2,725946E-2
1,457000E+2	1,055719E-5	4,335035E-7	2,623174E+0	2,430317E-2
1,458000E+2	9,910566E-6	2,000493E-7	2,552105E+0	2,883117E-2
1,459000E+2	1,038746E-5	2,272442E-7	2,644600E+0	2,843669E-2
1,460000E+2	9,825965E-6	2,080684E-7	2,681496E+0	2,428834E-2
1,461000E+2	8,472373E-6	3,704827E-7	2,580494E+0	2,668592E-2
1,462000E+2	9,661215E-6	2,468985E-7	2,611947E+0	2,807738E-2
1,463000E+2	1,008320E-5	2,308577E-7	2,572372E+0	2,601146E-2
1,464000E+2	9,917866E-6	3,028675E-7	2,622812E+0	2,863327E-2
1,465000E+2	9,594603E-6	2,594436E-7	2,680988E+0	2,688339E-2
1,466000E+2	9,661491E-6	2,255267E-7	2,642379E+0	2,038427E-2
1,467000E+2	9,341841E-6	2,512111E-7	2,572978E+0	2,986129E-2
1,468000E+2	9,166746E-6	2,747492E-7	2,659316E+0	1,959425E-2
1,469000E+2	9,550397E-6	2,270690E-7	2,673699E+0	2,286297E-2
1,470000E+2	9,199045E-6	2,727481E-7	2,649273E+0	1,670085E-2
1,471000E+2	9,012996E-6	2,218422E-7	2,631989E+0	2,643886E-2
1,472000E+2	8,863330E-6	2,695785E-7	2,628520E+0	3,376377E-2
1,473000E+2	9,108231E-6	2,721671E-7	2,580934E+0	2,547775E-2
1,474000E+2	9,405324E-6	3,464765E-7	2,570949E+0	4,751345E-2
1,475000E+2	8,619401E-6	2,375116E-7	2,615023E+0	3,066410E-2
1,476000E+2	8,183017E-6	1,711263E-7	2,681514E+0	3,280113E-2
1,477000E+2	8,315129E-6	1,825356E-7	2,676915E+0	1,928458E-2
1,478000E+2	8,575279E-6	1,964088E-7	2,688645E+0	1,718858E-2
1,479000E+2	8,160938E-6	1,605463E-7	2,642237E+0	2,599532E-2
1,480000E+2	8,315265E-6	1,781349E-7	2,618962E+0	2,500814E-2
1,481000E+2	7,927803E-6	1,679160E-7	2,653008E+0	1,920036E-2
