5 -0.0000000 844348
6 -0.0006671 844348
7 -0.166488 844348
8 -0.247307 844348
9 -0.310467 844348
10 -0.361597 844348
11 -0.392029 844348
12 -0.421086 844348
13 -0.437567 844348
14 -0.449022 844348
15 -0.475801 844348
16 -0.478318 844348
17 -0.486696 844348
18 -0.496679 844348
19 -0.506335 844348
20 -0.516501 844348
21 -0.519463 844348
22 -0.529047 844348
23 -0.54137 844348
24 -0.544932 844348
25 -0.549076 844348
26 -0.560211 844348
27 -0.560206 844348
28 -0.567256 844348
29 -0.571331 844348
30 -0.574353 844348
31 -0.583783 844348
32 -0.575167 844348
33 -0.587651 844348
34 -0.597381 844348
35 -0.583631 844348
36 -0.599272 844348
37 -0.607025 844348
38 -0.596603 844348
39 -0.609389 844348
40 -0.61226 844348
41 -0.610111 844348
42 -0.617582 844348
43 -0.613804 844348
44 -0.619645 844348
45 -0.624385 844348
46 -0.613791 844348
47 -0.626491 844348
48 -0.629391 844348
49 -0.617451 844348
50 -0.631754 844348
51 -0.632937 844348
52 -0.623453 844348
53 -0.636517 844348
54 -0.634847 844348
55 -0.631625 844348
56 -0.640958 844348
57 -0.634983 844348
58 -0.639926 844348
59 -0.643687 844348
60 -0.635562 844348
61 -0.647113 844348
62 -0.646112 844348
63 -0.637753 844348
64 -0.651833 844348
65 -0.64714 844348
66 -0.641311 844348
67 -0.655003 844348
68 -0.647177 844348
69 -0.646165 844348
70 -0.656611 844348
71 -0.647624 844348
72 -0.651665 844348
73 -0.657402 844348
74 -0.647897 844348
75 -0.656954 844348
76 -0.657354 844348
77 -0.649505 844348
78 -0.660884 844348
79 -0.656668 844348
80 -0.651769 844348
81 -0.663568 844348
82 -0.656485 844348
83 -0.654917 844348
84 -0.665239 844348
85 -0.655621 844348
86 -0.658266 844348
87 -0.665496 844348
88 -0.655784 844348
89 -0.661521 844348
90 -0.665414 844348
91 -0.65693 844348
92 -0.664533 844348
93 -0.664464 844348
94 -0.657954 844348
95 -0.667237 844348
96 -0.663832 844348
97 -0.659846 844348
98 -0.66926 844348
99 -0.663015 844348
100 -0.662019 844348
