-0.1 -0.1 -0.528358 112652
-0.099 -0.099 -0.529429 111797
-0.098 -0.098 -0.53053 110959
-0.097 -0.097 -0.531787 110118
-0.096 -0.096 -0.533125 109255
-0.095 -0.095 -0.534406 108340
-0.094 -0.094 -0.535723 107502
-0.093 -0.093 -0.537031 106695
-0.092 -0.092 -0.538281 106029
-0.091 -0.091 -0.539456 105197
-0.09 -0.09 -0.54069 104271
-0.089 -0.089 -0.54197 103330
-0.088 -0.088 -0.543264 102296
-0.087 -0.087 -0.544615 101278
-0.086 -0.086 -0.546101 100249
-0.085 -0.085 -0.547592 99220.1
-0.084 -0.084 -0.549145 98134.4
-0.083 -0.083 -0.55072 97071.3
-0.082 -0.082 -0.552452 96044.7
-0.081 -0.081 -0.554167 94952.7
-0.08 -0.08 -0.555791 93828.6
-0.079 -0.079 -0.557298 92779.9
-0.078 -0.078 -0.558716 91833.3
-0.077 -0.077 -0.560305 90838.7
-0.076 -0.076 -0.56186 89786
-0.075 -0.075 -0.563568 88650.3
-0.074 -0.074 -0.565348 87445.4
-0.073 -0.073 -0.56722 86243.3
-0.072 -0.072 -0.569149 85046.5
-0.071 -0.071 -0.571052 83870.1
-0.07 -0.07 -0.572874 82744.4
-0.069 -0.069 -0.574804 81719.6
-0.068 -0.068 -0.576787 80685
-0.067 -0.067 -0.578902 79690.3
-0.066 -0.066 -0.580978 78614.8
-0.065 -0.065 -0.583142 77622
-0.064 -0.064 -0.585364 76659.7
-0.063 -0.063 -0.587389 75598.4
-0.062 -0.062 -0.589441 74467.9
-0.061 -0.061 -0.591652 73240.8
-0.06 -0.06 -0.593875 71980.2
-0.059 -0.059 -0.596133 70697.9
-0.058 -0.058 -0.59826 69367.3
-0.057 -0.057 -0.600567 68032
-0.056 -0.056 -0.602839 66734.7
-0.055 -0.055 -0.605139 65537.6
-0.054 -0.054 -0.607516 64547
-0.053 -0.053 -0.610022 63566.6
-0.052 -0.052 -0.612803 62652.7
-0.051 -0.051 -0.615522 61703.5
-0.05 -0.05 -0.618046 60758.7
-0.049 -0.049 -0.620456 59759.5
-0.048 -0.048 -0.622999 58684
-0.047 -0.047 -0.625641 57552
-0.046 -0.046 -0.628371 56379.3
-0.045 -0.045 -0.63098 55129
-0.044 -0.044 -0.633635 53786.1
-0.043 -0.043 -0.636376 52356
-0.042 -0.042 -0.6393 50874.6
-0.041 -0.041 -0.642851 49458.4
-0.04 -0.04 -0.646597 48143.6
-0.039 -0.039 -0.650183 46974.9
-0.038 -0.038 -0.653733 45917.4
-0.037 -0.037 -0.657636 44880.8
-0.036 -0.036 -0.661406 43845.4
-0.035 -0.035 -0.665149 42756
-0.034 -0.034 -0.669003 41607.9
-0.033 -0.033 -0.672874 40514.6
-0.032 -0.032 -0.676891 39335.9
-0.031 -0.031 -0.681494 38025.9
-0.03 -0.03 -0.686153 36549.2
-0.029 -0.029 -0.69164 34935.7
-0.028 -0.028 -0.697372 33216.7
-0.027 -0.027 -0.703371 31455.1
-0.026 -0.026 -0.709809 29753
-0.025 -0.025 -0.716352 28101.6
-0.024 -0.024 -0.722866 26510.3
-0.023 -0.023 -0.729606 25107.2
-0.022 -0.022 -0.736411 23715.6
-0.021 -0.021 -0.742899 22277.7
-0.02 -0.02 -0.749376 20818.6
-0.019 -0.019 -0.756368 19398.3
-0.018 -0.018 -0.763713 18012
-0.017 -0.017 -0.772883 16666.3
-0.016 -0.016 -0.783415 15291.5
-0.015 -0.015 -0.796183 13818.4
-0.014 -0.014 -0.810245 12223.1
-0.013 -0.013 -0.825805 10636.7
-0.012 -0.012 -0.843244 9147.23
-0.011 -0.011 -0.861768 7760.38
-0.01 -0.01 -0.881305 6477.49
-0.009 -0.009 -0.901532 5299.4
-0.008 -0.008 -0.923418 4226.96
-0.007 -0.007 -0.947383 3264.84
-0.006 -0.006 -0.969019 2420.52
-0.005 -0.005 -0.996275 1707.95
-0.004 -0.004 -1.02717 1112.62
-0.003 -0.003 -1.0633 637.963
-0.002 -0.002 -1.10935 289.599
-0.001 -0.001 -1.18002 74.0622
7.63278e-17 7.63278e-17 -1.315 4.04541e-25
0.001 0.001 -1.18074 74.0261
0.002 0.002 -1.10849 289.964
0.003 0.003 -1.06137 639.683
0.004 0.004 -1.02394 1116.89
0.005 0.005 -0.991698 1715.94
0.006 0.006 -0.96311 2433.07
0.007 0.007 -0.940787 3283.05
0.008 0.008 -0.919752 4251.78
0.009 0.009 -0.898867 5322.59
0.01 0.01 -0.87901 6506.42
0.011 0.011 -0.860569 7797.95
0.012 0.012 -0.843085 9194.77
0.013 0.013 -0.826587 10690.1
0.014 0.014 -0.810242 12282.4
0.015 0.015 -0.794632 13873.6
0.016 0.016 -0.782064 15332.8
0.017 0.017 -0.771675 16688.6
0.018 0.018 -0.762768 18011.6
0.019 0.019 -0.755203 19384.1
0.02 0.02 -0.747753 20793.6
0.021 0.021 -0.7408 22251.3
0.022 0.022 -0.734351 23732
0.023 0.023 -0.728087 25229
0.024 0.024 -0.721785 26742.2
0.025 0.025 -0.71549 28299.9
0.026 0.026 -0.709303 29893.2
0.027 0.027 -0.703259 31528.9
0.028 0.028 -0.697343 33233.8
0.029 0.029 -0.69107 34911.9
0.03 0.03 -0.684846 36484.5
0.031 0.031 -0.679593 37942.9
0.032 0.032 -0.675168 39281.5
0.033 0.033 -0.671229 40494.4
0.034 0.034 -0.667303 41663.3
0.035 0.035 -0.66336 42802.7
0.036 0.036 -0.659784 43960
0.037 0.037 -0.656253 45127
0.038 0.038 -0.652684 46315.7
0.039 0.039 -0.649189 47489.2
0.04 0.04 -0.645618 48694.3
0.041 0.041 -0.642264 49945.2
0.042 0.042 -0.639018 51193.4
0.043 0.043 -0.635861 52510.1
0.044 0.044 -0.632786 53774.3
0.045 0.045 -0.629696 54992.9
0.046 0.046 -0.626767 56166.4
0.047 0.047 -0.624025 57267.9
0.048 0.048 -0.621442 58333
0.049 0.049 -0.618732 59375.6
0.05 0.05 -0.616096 60400.1
0.051 0.051 -0.613374 61443.2
0.052 0.052 -0.610768 62512.3
0.053 0.053 -0.608275 63614.9
0.054 0.054 -0.605888 64691.2
0.055 0.055 -0.603685 65832.9
0.056 0.056 -0.60155 67035.1
0.057 0.057 -0.599269 68240.6
0.058 0.058 -0.596849 69463.2
0.059 0.059 -0.594307 70702.6
0.06 0.06 -0.591756 71888.7
0.061 0.061 -0.589146 73081.2
0.062 0.062 -0.58663 74263
0.063 0.063 -0.584304 75444.2
0.064 0.064 -0.582103 76601.3
0.065 0.065 -0.579989 77718.6
0.066 0.066 -0.577985 78814
0.067 0.067 -0.575996 79932.1
0.068 0.068 -0.574236 81067.6
0.069 0.069 -0.572526 82164.8
0.07 0.07 -0.570823 83288.1
0.071 0.071 -0.568968 84411.6
0.072 0.072 -0.567066 85500.1
0.073 0.073 -0.565029 86545.6
0.074 0.074 -0.56301 87637.2
0.075 0.075 -0.560977 88757.3
0.076 0.076 -0.558973 89802.6
0.077 0.077 -0.557096 90870.9
0.078 0.078 -0.555296 91929.9
0.079 0.079 -0.553577 93021.5
0.08 0.08 -0.551919 94123.8
0.081 0.081 -0.550382 95247.6
0.082 0.082 -0.54918 96475.4
0.083 0.083 -0.547824 97514.1
0.084 0.084 -0.546453 98541.1
0.085 0.085 -0.545095 99508.7
0.086 0.086 -0.543768 100431
0.087 0.087 -0.542219 101361
0.088 0.088 -0.540689 102223
0.089 0.089 -0.539192 103086
0.09 0.09 -0.537745 103979
0.091 0.091 -0.536354 104821
0.092 0.092 -0.53506 105687
0.093 0.093 -0.533778 106609
0.094 0.094 -0.532546 107461
0.095 0.095 -0.531334 108342
0.096 0.096 -0.53005 109216
0.097 0.097 -0.528945 110100
0.098 0.098 -0.527801 110960
0.099 0.099 -0.526735 111797
