0 0.2 -0.21356 383925
1 0.216 -0.213564 383984
2 0.232 -0.213567 384032
3 0.248 -0.213564 384091
4 0.264 -0.213567 384144
5 0.28 -0.21357 384199
6 0.296 -0.213575 384252
7 0.312 -0.213579 384308
8 0.328 -0.213589 384364
9 0.344 -0.213593 384423
10 0.36 -0.213595 384485
11 0.376 -0.213598 384545
12 0.392 -0.213602 384608
13 0.408 -0.213605 384670
14 0.424 -0.213612 384733
15 0.44 -0.213621 384793
16 0.456 -0.213622 384853
17 0.472 -0.213623 384916
18 0.488 -0.213633 384978
19 0.504 -0.21365 385040
20 0.52 -0.213664 385101
21 0.536 -0.213679 385160
22 0.552 -0.213692 385223
23 0.568 -0.213706 385286
24 0.584 -0.213722 385349
25 0.6 -0.213742 385407
26 0.616 -0.213757 385467
27 0.632 -0.213772 385521
28 0.648 -0.213776 385574
29 0.664 -0.213783 385628
30 0.68 -0.213792 385681
31 0.696 -0.213802 385732
32 0.712 -0.213804 385788
33 0.728 -0.2138 385841
34 0.744 -0.213792 385898
35 0.76 -0.213781 385956
36 0.776 -0.213771 386011
37 0.792 -0.213765 386067
38 0.808 -0.213759 386123
39 0.824 -0.213747 386182
40 0.84 -0.21373 386240
41 0.856 -0.213712 386296
42 0.872 -0.213689 386353
43 0.888 -0.213665 386406
44 0.904 -0.21364 386459
45 0.92 -0.213613 386512
46 0.936 -0.213581 386567
47 0.952 -0.21354 386624
48 0.968 -0.213496 386681
49 0.984 -0.213446 386734
50 1 -0.213396 386781
51 1.016 -0.213346 386825
52 1.032 -0.213299 386866
53 1.048 -0.213252 386902
54 1.064 -0.213211 386935
55 1.08 -0.21317 386974
56 1.096 -0.213138 387005
57 1.112 -0.213107 387038
58 1.128 -0.213074 387072
59 1.144 -0.213044 387108
60 1.16 -0.213013 387152
61 1.176 -0.212977 387201
62 1.192 -0.212946 387247
63 1.208 -0.212912 387292
64 1.224 -0.212877 387334
65 1.24 -0.212843 387373
66 1.256 -0.212809 387413
67 1.272 -0.212778 387453
68 1.288 -0.212746 387488
69 1.304 -0.212718 387518
70 1.32 -0.212688 387547
71 1.336 -0.212654 387574
72 1.352 -0.212618 387597
73 1.368 -0.212584 387623
74 1.384 -0.212551 387654
75 1.4 -0.212518 387677
76 1.416 -0.212487 387703
77 1.432 -0.212456 387718
78 1.448 -0.21242 387730
79 1.464 -0.212381 387742
80 1.48 -0.21234 387748
81 1.496 -0.2123 387749
82 1.512 -0.212263 387751
83 1.528 -0.212226 387756
84 1.544 -0.212186 387768
85 1.56 -0.212145 387781
86 1.576 -0.2121 387798
87 1.592 -0.212061 387822
88 1.608 -0.21202 387846
89 1.624 -0.211978 387862
90 1.64 -0.211933 387864
91 1.656 -0.211884 387860
92 1.672 -0.211829 387848
93 1.688 -0.211779 387834
94 1.704 -0.211728 387821
95 1.72 -0.211681 387808
96 1.736 -0.211633 387793
97 1.752 -0.211585 387777
98 1.768 -0.211542 387759
99 1.784 -0.2115 387740
