0 0.2 -0.22318 375697
1 0.216 -0.222956 375915
2 0.232 -0.222778 376133
3 0.248 -0.222561 376351
4 0.264 -0.222388 376569
5 0.28 -0.222244 376787
6 0.296 -0.22209 377005
7 0.312 -0.221935 377222
8 0.328 -0.22175 377441
9 0.344 -0.221544 377659
10 0.36 -0.221321 377877
11 0.376 -0.221098 378096
12 0.392 -0.220904 378316
13 0.408 -0.220703 378535
14 0.424 -0.220494 378755
15 0.44 -0.220339 378974
16 0.456 -0.220134 379194
17 0.472 -0.219953 379413
18 0.488 -0.219823 379633
19 0.504 -0.219685 379853
20 0.52 -0.219491 380072
21 0.536 -0.219291 380292
22 0.552 -0.219069 380513
23 0.568 -0.218883 380733
24 0.584 -0.218688 380954
25 0.6 -0.218491 381176
26 0.616 -0.218221 381398
27 0.632 -0.218027 381619
28 0.648 -0.217833 381841
29 0.664 -0.21765 382063
30 0.68 -0.217516 382285
31 0.696 -0.217318 382507
32 0.712 -0.217149 382729
33 0.728 -0.21695 382952
34 0.744 -0.216753 383175
35 0.76 -0.216522 383398
36 0.776 -0.216313 383622
37 0.792 -0.216104 383846
38 0.808 -0.215879 384070
39 0.824 -0.215656 384295
40 0.84 -0.215448 384519
41 0.856 -0.215287 384744
42 0.872 -0.215117 384969
43 0.888 -0.214905 385194
44 0.904 -0.214712 385420
45 0.92 -0.214504 385646
46 0.936 -0.214317 385872
47 0.952 -0.214079 386099
48 0.968 -0.213856 386326
49 0.984 -0.213641 386554
50 1 -0.213396 386781
51 1.016 -0.213172 387009
52 1.032 -0.212957 387237
53 1.048 -0.212778 387465
54 1.064 -0.212599 387694
55 1.08 -0.212387 387923
56 1.096 -0.212189 388153
57 1.112 -0.212015 388383
58 1.128 -0.211808 388613
59 1.144 -0.211602 388844
60 1.16 -0.211366 389075
61 1.176 -0.211123 389307
62 1.192 -0.210884 389539
63 1.208 -0.21067 389771
64 1.224 -0.210477 390003
65 1.24 -0.210276 390236
66 1.256 -0.210048 390469
67 1.272 -0.209855 390702
68 1.288 -0.20965 390936
69 1.304 -0.209491 391171
70 1.32 -0.209283 391406
71 1.336 -0.20906 391642
72 1.352 -0.208824 391879
73 1.368 -0.208587 392116
74 1.384 -0.208385 392353
75 1.4 -0.208146 392591
76 1.416 -0.207944 392828
77 1.432 -0.207697 393066
78 1.448 -0.207484 393304
79 1.464 -0.207273 393543
80 1.48 -0.207085 393782
81 1.496 -0.206867 394022
82 1.512 -0.206685 394263
83 1.528 -0.206464 394505
84 1.544 -0.206244 394747
85 1.56 -0.206005 394989
86 1.576 -0.205768 395233
87 1.592 -0.205556 395476
88 1.608 -0.205337 395720
89 1.624 -0.205118 395964
90 1.64 -0.204925 396208
91 1.656 -0.204705 396452
92 1.672 -0.204507 396698
93 1.688 -0.204271 396943
94 1.704 -0.204055 397189
95 1.72 -0.203839 397436
96 1.736 -0.203628 397683
97 1.752 -0.20339 397931
98 1.768 -0.203167 398180
99 1.784 -0.202963 398428
