0 0.2 -0.632426 844167
1 0.216 -0.633653 844180
2 0.232 -0.634889 844194
3 0.248 -0.636124 844209
4 0.264 -0.637386 844223
5 0.28 -0.638654 844239
6 0.296 -0.639924 844254
7 0.312 -0.641198 844270
8 0.328 -0.642483 844287
9 0.344 -0.643761 844303
10 0.36 -0.64507 844320
11 0.376 -0.646383 844337
12 0.392 -0.647689 844353
13 0.408 -0.649046 844370
14 0.424 -0.650387 844387
15 0.44 -0.651721 844403
16 0.456 -0.653085 844420
17 0.472 -0.654423 844435
18 0.488 -0.655757 844451
19 0.504 -0.657104 844466
20 0.52 -0.658472 844481
21 0.536 -0.659831 844495
22 0.552 -0.661196 844508
23 0.568 -0.662553 844520
24 0.584 -0.663888 844531
25 0.6 -0.665238 844542
26 0.616 -0.666579 844551
27 0.632 -0.66794 844560
28 0.648 -0.669291 844567
29 0.664 -0.670627 844574
30 0.68 -0.671956 844578
31 0.696 -0.673264 844582
32 0.712 -0.674549 844584
33 0.728 -0.675815 844585
34 0.744 -0.67706 844584
35 0.76 -0.6783 844582
36 0.776 -0.679495 844578
37 0.792 -0.680675 844572
38 0.808 -0.681835 844565
39 0.824 -0.682972 844557
40 0.84 -0.684071 844547
41 0.856 -0.685138 844534
42 0.872 -0.686163 844521
43 0.888 -0.687172 844505
44 0.904 -0.688135 844488
45 0.92 -0.689064 844469
46 0.936 -0.68993 844448
47 0.952 -0.690752 844426
48 0.968 -0.69153 844402
49 0.984 -0.692247 844376
50 1 -0.692933 844348
51 1.016 -0.69358 844319
52 1.032 -0.694133 844288
53 1.048 -0.694625 844256
54 1.064 -0.695067 844222
55 1.08 -0.695471 844186
56 1.096 -0.695784 844148
57 1.112 -0.695998 844109
58 1.128 -0.696154 844068
59 1.144 -0.696255 844026
60 1.16 -0.696281 843982
61 1.176 -0.696182 843937
62 1.192 -0.696049 843890
63 1.208 -0.695814 843841
64 1.224 -0.695524 843792
65 1.24 -0.695163 843740
66 1.256 -0.69472 843688
67 1.272 -0.694223 843634
68 1.288 -0.693659 843578
69 1.304 -0.693056 843521
70 1.32 -0.6924 843463
71 1.336 -0.691702 843403
72 1.352 -0.690936 843342
73 1.368 -0.690155 843279
74 1.384 -0.689316 843215
75 1.4 -0.688448 843150
76 1.416 -0.687566 843084
77 1.432 -0.68662 843016
78 1.448 -0.685649 842947
79 1.464 -0.684658 842877
80 1.48 -0.683623 842806
81 1.496 -0.682557 842733
82 1.512 -0.68147 842659
83 1.528 -0.680373 842584
84 1.544 -0.679252 842508
85 1.56 -0.678127 842431
86 1.576 -0.676983 842353
87 1.592 -0.675833 842273
88 1.608 -0.674683 842193
89 1.624 -0.6735 842112
90 1.64 -0.672337 842030
91 1.656 -0.671162 841947
92 1.672 -0.669961 841863
93 1.688 -0.668782 841779
94 1.704 -0.667597 841693
95 1.72 -0.666395 841607
96 1.736 -0.665193 841521
97 1.752 -0.663987 841433
98 1.768 -0.662794 841346
99 1.784 -0.661598 841257
