-0.002 -0.002 -0.678631 847109
-0.0015 -0.0015 -0.680106 846880
-0.001 -0.001 -0.681543 846647
-0.0005 -0.0005 -0.683013 846381
0 0 -0.684303 846123
0.0005 0.0005 -0.685461 845900
0.001 0.001 -0.68665 845687
0.0015 0.0015 -0.687692 845468
0.002 0.002 -0.688714 845236
0.0025 0.0025 -0.689633 845014
0.003 0.003 -0.690496 844815
0.0035 0.0035 -0.691343 844643
0.004 0.004 -0.692027 844496
0.0045 0.0045 -0.692582 844398
0.005 0.005 -0.693006 844339
0.0055 0.0055 -0.693369 844321
0.006 0.006 -0.693674 844305
0.0065 0.0065 -0.693873 844332
0.007 0.007 -0.693951 844382
0.0075 0.0075 -0.693948 844445
0.008 0.008 -0.693796 844532
0.0085 0.0085 -0.693544 844575
0.009 0.009 -0.693268 844618
0.0095 0.0095 -0.692878 844649
0.01 0.01 -0.692496 844721
0.0105 0.0105 -0.692167 844812
0.011 0.011 -0.691869 844846
0.0115 0.0115 -0.691588 844798
0.012 0.012 -0.69142 844897
0.0125 0.0125 -0.691066 844978
0.013 0.013 -0.690716 844950
0.0135 0.0135 -0.690386 844875
0.014 0.014 -0.690122 844749
0.0145 0.0145 -0.689801 844596
0.015 0.015 -0.689353 844442
0.0155 0.0155 -0.688871 844263
0.016 0.016 -0.688298 844077
0.0165 0.0165 -0.687669 843904
0.017 0.017 -0.686973 843741
0.0175 0.0175 -0.686242 843588
0.018 0.018 -0.685403 843443
0.0185 0.0185 -0.684482 843308
0.019 0.019 -0.683499 843183
0.0195 0.0195 -0.682507 843069
