-0.002 -0.002 -0.646123 847109
-0.0015 -0.0015 -0.647722 846880
-0.001 -0.001 -0.649229 846647
-0.0005 -0.0005 -0.650818 846381
0 0 -0.652222 846123
0.0005 0.0005 -0.65346 845900
0.001 0.001 -0.654736 845687
0.0015 0.0015 -0.655903 845468
0.002 0.002 -0.657081 845236
0.0025 0.0025 -0.658171 845014
0.003 0.003 -0.659164 844815
0.0035 0.0035 -0.660115 844643
0.004 0.004 -0.660926 844496
0.0045 0.0045 -0.661583 844398
0.005 0.005 -0.662113 844339
0.0055 0.0055 -0.662582 844321
0.006 0.006 -0.662999 844305
0.0065 0.0065 -0.66331 844332
0.007 0.007 -0.663473 844382
0.0075 0.0075 -0.663552 844445
0.008 0.008 -0.663491 844532
0.0085 0.0085 -0.663306 844575
0.009 0.009 -0.663083 844618
0.0095 0.0095 -0.662765 844649
0.01 0.01 -0.662437 844721
0.0105 0.0105 -0.662123 844812
0.011 0.011 -0.661863 844846
0.0115 0.0115 -0.661639 844798
0.012 0.012 -0.661489 844897
0.0125 0.0125 -0.66119 844978
0.013 0.013 -0.660905 844950
0.0135 0.0135 -0.66065 844875
0.014 0.014 -0.66046 844749
0.0145 0.0145 -0.660258 844596
0.015 0.015 -0.659938 844442
0.0155 0.0155 -0.659584 844263
0.016 0.016 -0.659139 844077
0.0165 0.0165 -0.658625 843904
0.017 0.017 -0.658051 843741
0.0175 0.0175 -0.657437 843588
0.018 0.018 -0.656701 843443
0.0185 0.0185 -0.655879 843308
0.019 0.019 -0.654995 843183
0.0195 0.0195 -0.654086 843069
