-0.002 -0.002 -0.666781 847109
-0.0015 -0.0015 -0.668277 846880
-0.001 -0.001 -0.669714 846647
-0.0005 -0.0005 -0.671217 846381
0 0 -0.672539 846123
0.0005 0.0005 -0.673734 845900
0.001 0.001 -0.674965 845687
0.0015 0.0015 -0.676083 845468
0.002 0.002 -0.677198 845236
0.0025 0.0025 -0.6782 845014
0.003 0.003 -0.679144 844815
0.0035 0.0035 -0.680065 844643
0.004 0.004 -0.680829 844496
0.0045 0.0045 -0.681452 844398
0.005 0.005 -0.681934 844339
0.0055 0.0055 -0.682346 844321
0.006 0.006 -0.682702 844305
0.0065 0.0065 -0.682961 844332
0.007 0.007 -0.683097 844382
0.0075 0.0075 -0.683142 844445
0.008 0.008 -0.683046 844532
0.0085 0.0085 -0.682838 844575
0.009 0.009 -0.682593 844618
0.0095 0.0095 -0.682246 844649
0.01 0.01 -0.681887 844721
0.0105 0.0105 -0.681559 844812
0.011 0.011 -0.681276 844846
0.0115 0.0115 -0.681019 844798
0.012 0.012 -0.680845 844897
0.0125 0.0125 -0.680496 844978
0.013 0.013 -0.680165 844950
0.0135 0.0135 -0.679866 844875
0.014 0.014 -0.679621 844749
0.0145 0.0145 -0.679348 844596
0.015 0.015 -0.678959 844442
0.0155 0.0155 -0.678527 844263
0.016 0.016 -0.678008 844077
0.0165 0.0165 -0.677423 843904
0.017 0.017 -0.676775 843741
0.0175 0.0175 -0.676092 843588
0.018 0.018 -0.675285 843443
0.0185 0.0185 -0.674412 843308
0.019 0.019 -0.673476 843183
0.0195 0.0195 -0.672522 843069
