-0.002 -0.002 -0.674498 847109
-0.0015 -0.0015 -0.675965 846880
-0.001 -0.001 -0.677371 846647
-0.0005 -0.0005 -0.678822 846381
0 0 -0.680091 846123
0.0005 0.0005 -0.681212 845900
0.001 0.001 -0.682367 845687
0.0015 0.0015 -0.683395 845468
0.002 0.002 -0.684402 845236
0.0025 0.0025 -0.685315 845014
0.003 0.003 -0.686174 844815
0.0035 0.0035 -0.687 844643
0.004 0.004 -0.68769 844496
0.0045 0.0045 -0.688242 844398
0.005 0.005 -0.688674 844339
0.0055 0.0055 -0.689042 844321
0.006 0.006 -0.689346 844305
0.0065 0.0065 -0.689553 844332
0.007 0.007 -0.689638 844382
0.0075 0.0075 -0.689632 844445
0.008 0.008 -0.689484 844532
0.0085 0.0085 -0.68925 844575
0.009 0.009 -0.688985 844618
0.0095 0.0095 -0.688603 844649
0.01 0.01 -0.68822 844721
0.0105 0.0105 -0.687873 844812
0.011 0.011 -0.687575 844846
0.0115 0.0115 -0.687295 844798
0.012 0.012 -0.687113 844897
0.0125 0.0125 -0.686756 844978
0.013 0.013 -0.686405 844950
0.0135 0.0135 -0.686083 844875
0.014 0.014 -0.685813 844749
0.0145 0.0145 -0.68551 844596
0.015 0.015 -0.685086 844442
0.0155 0.0155 -0.684629 844263
0.016 0.016 -0.684076 844077
0.0165 0.0165 -0.683466 843904
0.017 0.017 -0.682795 843741
0.0175 0.0175 -0.682085 843588
0.018 0.018 -0.681258 843443
0.0185 0.0185 -0.680362 843308
0.019 0.019 -0.679401 843183
0.0195 0.0195 -0.678426 843069
