-0.002 -0.002 -0.617438 847109
-0.0015 -0.0015 -0.618967 846880
-0.001 -0.001 -0.620389 846647
-0.0005 -0.0005 -0.621878 846381
0 0 -0.623208 846123
0.0005 0.0005 -0.624362 845900
0.001 0.001 -0.625533 845687
0.0015 0.0015 -0.626588 845468
0.002 0.002 -0.62766 845236
0.0025 0.0025 -0.628625 845014
0.003 0.003 -0.629467 844815
0.0035 0.0035 -0.630262 844643
0.004 0.004 -0.630922 844496
0.0045 0.0045 -0.631435 844398
0.005 0.005 -0.631821 844339
0.0055 0.0055 -0.632141 844321
0.006 0.006 -0.632415 844305
0.0065 0.0065 -0.632616 844332
0.007 0.007 -0.632677 844382
0.0075 0.0075 -0.632632 844445
0.008 0.008 -0.632462 844532
0.0085 0.0085 -0.632158 844575
0.009 0.009 -0.631815 844618
0.0095 0.0095 -0.631408 844649
0.01 0.01 -0.631004 844721
0.0105 0.0105 -0.630622 844812
0.011 0.011 -0.630298 844846
0.0115 0.0115 -0.630016 844798
0.012 0.012 -0.629748 844897
0.0125 0.0125 -0.629371 844978
0.013 0.013 -0.629032 844950
0.0135 0.0135 -0.628724 844875
0.014 0.014 -0.628483 844749
0.0145 0.0145 -0.628222 844596
0.015 0.015 -0.627845 844442
0.0155 0.0155 -0.627414 844263
0.016 0.016 -0.626909 844077
0.0165 0.0165 -0.62633 843904
0.017 0.017 -0.625689 843741
0.0175 0.0175 -0.625005 843588
0.018 0.018 -0.624199 843443
0.0185 0.0185 -0.623303 843308
0.019 0.019 -0.622349 843183
0.0195 0.0195 -0.621372 843069
