18.5650006294
19.4777781169
22.8625000119
34.6599994659
22.6625000238
17.8199999809
9.70499984622
36.3299993515
11.84375
19.5277784136
18.7449996948
15.8666666746
20.4250004292
47.0333334605
14.5192310076
16.6136366237
20.7111107773
18.1999993801
16.8090903542
23.1928571974
12.1406248212
22.2499992847
16.1958333328
14.7576923004
16.8000002774
11.3750001788
12.703570979
15.495833079
22.2562500238
20.5055555503
17.0850000381
11.7156246305
16.6000002948
22.9562507868
21.8937503695
14.6961536132
21.9437500238
18.0249993801
35.1
41.366666158
28.4250000318
27.491666158
15.629166166
13.2142852715
13.3142854827
11.0111111111
19.3222225507
15.3153850849
21.1312503815
19.2850003242
28.1416672071
36.8000012398
12.7607140541
15.7000005047
20.38333363
28.0333344142
20.7888892492
14.4958338737
12.9321430751
11.3676472271
25.2285705294
12.2666668574
18.6600003242
13.5642854827
18.0227278281
21.0500003497
18.85
19.75
12.5599995931
13.1433329264
20.6875007153
12.1266668955
17.0272727446
13.5249999932
12.1156248152
21.8999992609
26.1142852775
19.7833326128
14.9249997139
28.1214277063
14.5999995287
16.454544891
13.9846151425
15.4250000318
9.25749983788
16.1374994914
13.2749995504
13.5249995674
13.3928571429
20.5722218619
14.8291664124
26.5166667302
15.3291672071
31.3499988556
13.4107144901
15.7833333413
10.4444441266
29.2749989827
12.3281248063
8.81190504347
11.1441178322
24.0000003576
10.5305552218
15.566666921
17.9199996948
15.4708335797
28.8499999841
10.6083334817
10.7055555549
19.255554835
16.4090914293
15.2499994834
20.8000002967
10.683333334
47.2166665395
22.7714285169
13.4892859289
13.5923078977
12.3133331299
24.6214290346
10.2833335135
31.7833343546
12.1875
16.8045448823
16.6454551003
11.7031253874
15.9083328247
16.0727275502
16.5772732821
31.7199989319
6.47500020663
20.7888895671
20.9624992609
12.5566664696
18.0300003052
12.6466664632
16.1250002384
14.8461536123
20.4374995232
14.1346153846
15.837499996
11.8833337148
10.9694447832
13.7961535821
29.5416656335
16.2454540079
14.8041666349
21.4437496662
17.8000005592
11.2823531207
20.4499995708
16.9800005913
13.2000002066
25.0071424757
17.2300005913
20.0444440842
11.8968753815
19.4111118317
17.5449996948
18.374999392
19.3500003815
22.4812500477
11.5205880544
11.8500003815
35.1099994659
12.6571426392
49.7500019073
17.9650006294
13.1214281491
19.6166673236
8.17708320667
40.7999992371
15.4666664203
23.6499990736
11.7656246126
28.9416677157
10.0105264814
12.5033331235
16.9800003052
14.2461536114
24.162499994
12.3033337275
9.89499999881
14.1769228715
17.1800005913
11.9250001907
20.8777770996
12.1933333397
9.76315822099
21.2937500477
15.763636329
19.0949993908
