18.2349996567
19.1888896094
22.6062507629
35.1200006485
22.3687500954
17.9136366411
9.58499969542
36.1199994087
11.8125
19.4722225401
18.4900002956
15.8500000347
20.3944437239
47.1666666667
14.7307690107
16.5681818182
20.483332634
18.0599993706
16.5227277929
23.3142860958
11.8687496185
22.5187497139
16.1045460268
14.9666671753
16.6409096284
11.4281247854
12.6099997838
15.483333841
22.2937500477
20.5833340221
16.9818184593
11.6562496424
16.4454542507
23.342858042
21.8562507629
14.804166158
22.1124995947
18.0449993134
34.4900001526
42.462500751
28.2333342234
27.6916672389
15.6749994953
12.903571197
13.1392861434
11.1294115852
19.1500006199
15.3458338579
21.2812507153
19.3111111323
28.5416676203
37.3374984264
12.7733335336
15.554166158
20.2944441107
27.7000001272
21.1611114608
14.3499995378
12.9200000127
11.6937496066
25.4142848424
12.2166668574
18.4699996948
13.5642861639
17.6550005913
20.7124999762
18.549999392
19.9499997033
12.5766668638
12.9571431024
21.1055562331
12.1656249985
17.5045451766
13.6000000068
12.1133333206
21.8500008583
26.2928562164
19.3944441477
14.7499997616
28.4833342234
14.6346151462
16.3818179044
13.6846156487
15.3166666826
9.13571457636
16.1124999921
13.4714283262
13.6428569385
13.4214281355
20.5722228951
14.7884615385
27.2083339691
14.9000004927
31.3699989319
13.525000436
15.6000002623
10.5444442696
29.2916673024
12.0333331426
8.83863622492
11.1058823642
23.7000004053
10.5444442696
15.4374997616
18.0899993896
15.5999999841
28.8583332698
11.0529409857
10.7794114281
19.5199999809
16.2636360689
15.2333328327
20.7111104329
10.6411768408
47.8166656494
22.6785708836
13.5928566796
13.8035718628
12.1400000254
24.5214276995
10.0342105313
31.6700000763
12.1666668574
16.4954539863
16.4636360515
11.7781249881
16.259090597
16.3636358435
16.4208335876
31.3999992371
6.39333333174
20.8666673236
20.6444444656
12.6233331362
18.1300005913
12.4699995995
16.0863638791
14.8846149078
20.0388888783
14.5153843806
15.8791661263
11.693749994
10.7777777778
13.7214283603
28.809998703
16.5863642259
14.9249997139
21.7125008106
17.9299999952
11.4593746066
20.3555552165
17.0636360862
13.1464281082
25.1285723022
17.3136369532
19.8611107932
11.7875001878
19.0149996758
17.4350006104
18.4449996948
18.9444438087
22.9187492356
11.5437504053
11.6937503815
35.2125000954
12.4566668828
48.0833333333
17.8181812546
12.9500004223
19.4388896094
8.23478246772
40.875
15.5416661898
23.0428567614
12.03125038
29.0833338102
9.83947384985
12.3199997902
16.8363630772
14.2000000293
24.1642866135
12.3166666667
9.96315820594
14.1153848355
17.2409090996
11.9499998093
20.7944448259
12.15
9.8524998486
21.2312502861
16.0208333333
18.8400003076
