Frequenz (Hz), Amplitude (V), FehlerAmp (V), Phase, FehlerPhase1,175000E+2	3,898650E-6	7,210429E-7	3,889813E-1	3,185326E-1
1,180000E+2	4,026883E-6	1,080537E-7	-4,178200E-1	2,590827E-2
1,185000E+2	4,318031E-6	1,387167E-7	-4,570084E-1	2,667371E-2
1,190000E+2	4,278443E-6	2,054262E-7	-3,764493E-1	3,502652E-2
1,195000E+2	4,413338E-6	1,737086E-7	-3,684506E-1	3,737652E-2
1,200000E+2	4,536909E-6	2,221850E-7	-4,041311E-1	4,334709E-2
1,205000E+2	4,990630E-6	2,759657E-7	-4,004239E-1	5,327142E-2
1,210000E+2	4,937823E-6	3,202200E-7	-4,120051E-1	6,415137E-2
1,215000E+2	4,753007E-6	3,054269E-7	-1,875566E-2	5,328250E-2
1,220000E+2	6,057709E-6	4,553358E-7	-2,739629E-1	9,915551E-2
1,225000E+2	5,938845E-6	6,252732E-7	-4,603432E-1	1,710325E-1
1,230000E+2	7,803682E-6	8,368896E-7	2,196143E-3	2,720670E-1
1,235000E+2	1,152702E-5	1,012672E-6	8,593179E-2	3,446844E-1
1,240000E+2	2,067132E-5	1,432468E-6	-1,249262E-1	3,694557E-1
1,245000E+2	4,425640E-5	3,300428E-6	1,796244E-1	3,962159E-1
1,250000E+2	1,199129E-4	1,013465E-5	-9,008575E-1	3,653855E-1
1,255000E+2	8,753345E-5	8,497285E-6	1,854949E-1	4,665406E-1
1,260000E+2	3,621891E-5	4,256933E-6	-5,437547E-1	3,848636E-1
1,265000E+2	1,836381E-5	1,255577E-6	-4,974208E-1	3,102563E-1
1,270000E+2	1,032301E-5	9,002973E-7	-1,992482E-2	2,127688E-1
1,275000E+2	8,806021E-6	8,206101E-7	-4,129018E-1	1,377757E-1
1,280000E+2	8,163137E-6	6,361507E-7	-3,632020E-1	8,134069E-2
1,285000E+2	8,477891E-6	4,175579E-7	-3,802549E-1	5,562491E-2
1,290000E+2	8,692453E-6	2,982297E-7	-3,544452E-1	4,091300E-2
1,295000E+2	8,980692E-6	2,264052E-7	-3,272906E-1	2,935287E-2
1,300000E+2	9,459914E-6	1,600406E-7	-3,435404E-1	2,492502E-2
1,305000E+2	9,880672E-6	1,584177E-7	-2,860440E-1	2,210735E-2
1,310000E+2	1,061759E-5	1,692708E-7	-3,078968E-1	1,366358E-2
1,315000E+2	1,142240E-5	1,613186E-7	-2,835480E-1	9,482172E-3
1,320000E+2	1,213529E-5	1,276431E-7	-2,807444E-1	7,445967E-3
1,325000E+2	1,307157E-5	1,077633E-7	-2,540654E-1	7,450468E-3
1,330000E+2	1,416946E-5	1,491527E-7	-2,299726E-1	7,392279E-3
1,335000E+2	1,579307E-5	1,807790E-7	-2,093472E-1	4,363225E-3
1,340000E+2	1,717664E-5	1,461209E-7	-1,855642E-1	3,488327E-3
1,345000E+2	1,921294E-5	2,356023E-7	-1,452919E-1	7,569796E-3
1,350000E+2	2,160585E-5	2,722396E-7	-1,044186E-1	4,899549E-3
1,355000E+2	2,502809E-5	3,925758E-7	-2,650866E-2	9,692895E-3
1,360000E+2	2,901684E-5	4,491863E-7	4,258234E-2	6,426385E-3
1,365000E+2	3,436860E-5	6,228730E-7	1,509028E-1	1,416197E-2
1,370000E+2	4,156016E-5	8,080657E-7	3,145549E-1	1,841162E-2
1,375000E+2	5,013377E-5	9,638148E-7	5,509557E-1	2,735096E-2
1,380000E+2	5,745996E-5	6,585383E-7	8,610379E-1	3,482622E-2
1,385000E+2	5,832310E-5	1,597393E-7	1,224308E+0	3,821939E-2
1,390000E+2	5,260603E-5	8,154145E-7	1,557610E+0	3,369081E-2
1,395000E+2	4,451760E-5	8,495417E-7	1,837942E+0	2,745309E-2
1,400000E+2	3,664380E-5	7,800643E-7	2,025006E+0	1,545534E-2
1,405000E+2	3,043037E-5	5,991225E-7	2,140259E+0	1,034895E-2
1,410000E+2	2,602767E-5	4,310650E-7	2,243466E+0	1,196055E-2
1,415000E+2	2,236439E-5	3,419569E-7	2,295598E+0	4,898165E-3
1,420000E+2	2,035134E-5	5,972817E-7	2,344832E+0	6,586294E-3
1,425000E+2	1,752877E-5	2,104313E-7	2,388114E+0	5,578779E-3
1,430000E+2	1,572599E-5	2,136596E-7	2,420912E+0	4,310749E-3
1,435000E+2	1,434920E-5	1,562755E-7	2,445701E+0	3,479819E-3
1,440000E+2	1,317251E-5	1,921170E-7	2,475588E+0	1,419804E-2
1,445000E+2	1,212539E-5	2,536898E-7	2,448635E+0	2,117526E-2
1,450000E+2	1,122357E-5	2,300620E-7	2,506918E+0	2,477628E-2
1,455000E+2	1,061881E-5	2,822950E-7	2,536891E+0	2,737306E-2
1,460000E+2	9,773429E-6	6,721607E-8	2,537939E+0	5,915125E-3
1,465000E+2	9,229673E-6	7,780028E-8	2,534071E+0	5,411368E-3
1,470000E+2	8,710167E-6	5,488994E-8	2,562135E+0	5,438317E-3
1,475000E+2	8,154816E-6	7,568735E-8	2,548648E+0	4,125930E-3
1,480000E+2	7,738131E-6	4,180760E-8	2,575021E+0	7,213974E-3
1,485000E+2	7,357464E-6	6,302491E-8	2,579463E+0	8,729682E-3
1,490000E+2	6,983584E-6	7,869960E-8	2,583257E+0	8,402281E-3
1,495000E+2	6,707093E-6	8,212724E-8	2,595413E+0	1,197013E-2
1,500000E+2	6,535776E-6	1,491645E-7	2,541634E+0	2,369843E-2
1,505000E+2	5,821578E-6	1,423683E-7	2,587579E+0	1,181332E-2
1,510000E+2	5,950425E-6	9,919328E-8	2,599054E+0	1,990741E-2
1,515000E+2	5,574585E-6	8,995621E-8	2,609337E+0	1,732254E-2
1,520000E+2	5,497177E-6	6,530911E-8	2,607574E+0	1,121562E-2
1,525000E+2	5,341459E-6	4,712173E-8	2,600196E+0	5,252011E-3
1,530000E+2	5,067400E-6	2,387194E-8	2,608080E+0	7,218181E-3
1,535000E+2	4,849418E-6	4,145077E-8	2,613104E+0	1,042845E-2
1,540000E+2	4,686427E-6	2,892942E-8	2,614286E+0	7,356760E-3
1,545000E+2	4,585057E-6	3,056564E-8	2,628843E+0	8,894257E-3
1,550000E+2	4,434741E-6	4,454449E-8	2,620386E+0	9,294599E-3
1,555000E+2	4,289078E-6	3,397569E-8	2,636322E+0	5,099531E-3
1,560000E+2	4,171596E-6	2,730411E-8	2,653768E+0	7,647266E-3
1,565000E+2	4,107791E-6	3,187456E-8	2,651336E+0	1,199017E-2
1,570000E+2	3,992748E-6	4,212438E-8	2,635712E+0	7,511470E-3
1,575000E+2	3,884111E-6	2,646545E-8	2,652045E+0	5,247050E-3
1,580000E+2	3,755676E-6	2,729082E-8	2,631135E+0	6,807609E-3
1,585000E+2	3,664950E-6	2,366835E-8	2,667539E+0	9,626899E-3
1,590000E+2	3,595275E-6	3,618245E-8	2,648153E+0	6,449431E-3
1,595000E+2	3,522200E-6	3,571246E-8	2,658987E+0	7,708527E-3
1,600000E+2	3,351885E-6	2,602427E-8	2,659460E+0	9,362809E-3
1,605000E+2	3,310347E-6	5,589227E-8	2,661579E+0	9,550686E-3
1,610000E+2	3,250550E-6	2,026041E-8	2,650233E+0	6,839203E-3
1,615000E+2	3,160810E-6	2,103458E-8	2,678844E+0	6,439220E-3
1,620000E+2	3,120075E-6	3,708442E-8	2,676429E+0	7,858983E-3
1,625000E+2	3,048787E-6	2,643298E-8	2,672805E+0	1,069080E-2
1,630000E+2	2,974311E-6	2,536260E-8	2,676443E+0	7,244955E-3
1,635000E+2	2,978902E-6	4,361381E-8	2,669734E+0	9,653815E-3
1,640000E+2	2,881033E-6	3,336412E-8	2,667656E+0	8,548881E-3
1,645000E+2	2,802804E-6	4,675904E-8	2,674755E+0	1,278621E-2
1,650000E+2	2,679663E-6	3,975645E-8	2,650074E+0	1,124568E-2
1,655000E+2	2,695352E-6	3,668918E-8	2,665614E+0	1,407253E-2
1,660000E+2	2,647398E-6	3,737033E-8	2,688318E+0	1,115863E-2
1,665000E+2	2,594458E-6	3,806947E-8	2,688002E+0	1,265764E-2
1,670000E+2	2,577295E-6	3,406762E-8	2,685199E+0	1,211518E-2
1,675000E+2	2,493786E-6	3,593142E-8	2,703286E+0	1,502610E-2
1,680000E+2	2,412535E-6	5,467508E-8	2,703471E+0	1,758229E-2
1,685000E+2	2,380568E-6	6,335779E-8	2,709242E+0	1,758318E-2
1,690000E+2	2,355098E-6	5,649269E-8	2,677147E+0	2,548562E-2
1,695000E+2	2,306239E-6	7,703720E-8	2,700981E+0	2,783155E-2
1,700000E+2	2,381549E-6	7,651040E-8	2,713230E+0	3,093651E-2
1,705000E+2	2,286931E-6	9,849492E-8	2,642214E+0	4,092939E-2
1,710000E+2	2,279285E-6	1,193428E-7	2,726478E+0	4,916785E-2
1,715000E+2	1,737980E-6	1,064499E-7	1,781241E+0	4,728171E-1
1,720000E+2	2,328489E-6	1,877868E-7	1,415321E+0	5,157571E-1
1,725000E+2	2,545263E-6	2,596316E-7	8,394082E-1	5,645438E-1
1,730000E+2	2,727382E-6	2,862083E-7	1,004295E+0	4,830052E-1
1,735000E+2	4,042149E-6	3,359223E-7	3,581634E-1	4,714967E-1
1,740000E+2	6,611661E-6	5,593258E-7	6,571899E-2	4,150446E-1
1,745000E+2	1,618539E-5	1,264069E-6	2,410145E-1	4,395078E-1
1,750000E+2	3,587440E-5	2,672296E-6	-3,756568E-1	3,861395E-1
