0	-16777216.000000000	
1	-16673237.000000000	
2	-16711495.000000000	
3	-16341103.000000000	
4	-16462997.000000000	
5	-16425032.000000000	
6	-16161566.000000000	
7	-15932226.000000000	
8	-16157110.000000000	
9	-16354591.000000000	
10	-16493372.000000000	
11	-16630676.000000000	
12	-16706201.000000000	
13	-16680675.000000000	
14	-16424209.000000000	
15	-16263512.000000000	
16	-16319683.000000000	
17	-16352393.000000000	
18	-16453033.000000000	
19	-16518371.000000000	
20	-16501971.000000000	
21	-16485555.000000000	
22	-16375949.000000000	
23	-16300799.000000000	
24	-16232844.000000000	
25	-16289977.000000000	
26	-16378415.000000000	
27	-16463714.000000000	
28	-16431795.000000000	
29	-16445526.000000000	
30	-16432399.000000000	
31	-16345009.000000000	
32	-16229291.000000000	
33	-16235879.000000000	
34	-16279462.000000000	
35	-16187613.000000000	
36	-16221461.000000000	
37	-16280472.000000000	
38	-16315122.000000000	
39	-16294109.000000000	
40	-16313894.000000000	
41	-16314805.000000000	
42	-16339310.000000000	
43	-16388813.000000000	
44	-16408559.000000000	
45	-16289595.000000000	
46	-16181493.000000000	
47	-16325258.000000000	
48	-16277782.000000000	
49	-16098278.000000000	
50	-16156903.000000000	
51	-16278073.000000000	
52	-16264058.000000000	
53	-16171225.000000000	
54	-16201383.000000000	
55	-16260756.000000000	
56	-16315902.000000000	
57	-16363919.000000000	
58	-16435079.000000000	
59	-16419117.000000000	
60	-16233328.000000000	
61	-16105502.000000000	
62	-16059457.000000000	
63	-16010473.000000000	
64	-16114158.000000000	
65	-16210090.000000000	
66	-16144550.000000000	
67	-16074040.000000000	
68	-16115000.000000000	
69	-16190575.000000000	
70	-16255863.000000000	
71	-16246275.000000000	
72	-16217631.000000000	
73	-16195149.000000000	
74	-16225658.000000000	
75	-16243587.000000000	
76	-16271880.000000000	
77	-16268444.000000000	
78	-16218110.000000000	
79	-16228417.000000000	
80	-16332744.000000000	
81	-16310275.000000000	
82	-16250788.000000000	
83	-16238328.000000000	
84	-16192564.000000000	
85	-16218065.000000000	
86	-16255802.000000000	
87	-16181792.000000000	
88	-16126479.000000000	
89	-16201388.000000000	
90	-16334693.000000000	
91	-16313035.000000000	
92	-16199709.000000000	
93	-16198343.000000000	
94	-16332774.000000000	
95	-16362586.000000000	
96	-16317156.000000000	
97	-16327341.000000000	
98	-16321272.000000000	
99	-16332675.000000000	
100	-16309360.000000000	
101	-16191466.000000000	
102	-16098924.000000000	
103	-16106373.000000000	
104	-16212629.000000000	
105	-16261077.000000000	
106	-16345214.000000000	
107	-16423914.000000000	
108	-16386096.000000000	
109	-16364308.000000000	
110	-16367668.000000000	
111	-16325514.000000000	
112	-16282084.000000000	
113	-16261762.000000000	
114	-16255294.000000000	
115	-16284419.000000000	
116	-16288873.000000000	
117	-16223303.000000000	
118	-16174231.000000000	
119	-16264624.000000000	
120	-16372541.000000000	
121	-16352145.000000000	
122	-16198992.000000000	
123	-16160745.000000000	
124	-16283547.000000000	
125	-16390514.000000000	
126	-16411317.000000000	
127	-16365964.000000000	
128	-16327158.000000000	
129	-16265424.000000000	
130	-16098854.000000000	
131	-16032097.000000000	
132	-16209146.000000000	
133	-16309280.000000000	
134	-16321577.000000000	
135	-16304968.000000000	
136	-16203109.000000000	
137	-16136561.000000000	
138	-16169211.000000000	
139	-16194713.000000000	
140	-16246241.000000000	
141	-16339020.000000000	
142	-16314948.000000000	
143	-16274519.000000000	
144	-16343337.000000000	
145	-16425343.000000000	
146	-16439252.000000000	
147	-16340610.000000000	
148	-16226769.000000000	
149	-16206206.000000000	
150	-16210083.000000000	
151	-16167313.000000000	
152	-16183949.000000000	
153	-16273693.000000000	
154	-16319855.000000000	
155	-16326517.000000000	
156	-16349802.000000000	
157	-16354762.000000000	
158	-16255281.000000000	
159	-16207220.000000000	
160	-16289720.000000000	
161	-16384461.000000000	
162	-16351086.000000000	
163	-16247113.000000000	
164	-16214037.000000000	
165	-16224786.000000000	
166	-16204230.000000000	
167	-16238162.000000000	
168	-16311217.000000000	
169	-16294182.000000000	
170	-16287498.000000000	
171	-16281176.000000000	
172	-16279535.000000000	
173	-16273529.000000000	
174	-16286872.000000000	
175	-16328394.000000000	
176	-16316249.000000000	
177	-16300086.000000000	
178	-16299693.000000000	
179	-16246814.000000000	
180	-16177453.000000000	
181	-16199184.000000000	
182	-16293975.000000000	
183	-16365933.000000000	
184	-16358875.000000000	
185	-16391322.000000000	
186	-16382180.000000000	
187	-16213305.000000000	
188	-16175878.000000000	
189	-16299008.000000000	
190	-16375662.000000000	
191	-16324635.000000000	
192	-16276723.000000000	
193	-16237609.000000000	
194	-16255765.000000000	
195	-16291265.000000000	
196	-16335029.000000000	
197	-16335281.000000000	
198	-16333934.000000000	
199	-16354159.000000000	
200	-16351533.000000000	
201	-16301482.000000000	
202	-16276219.000000000	
203	-16333847.000000000	
204	-16371155.000000000	
205	-16360414.000000000	
206	-16374765.000000000	
207	-16405568.000000000	
208	-16344018.000000000	
209	-16310991.000000000	
210	-16329716.000000000	
211	-16304645.000000000	
212	-16282930.000000000	
213	-16368685.000000000	
214	-16409396.000000000	
215	-16310298.000000000	
216	-16268113.000000000	
217	-16291348.000000000	
218	-16317024.000000000	
219	-16301202.000000000	
220	-16230464.000000000	
221	-16282578.000000000	
222	-16393672.000000000	
223	-16402960.000000000	
224	-16342450.000000000	
225	-16292946.000000000	
226	-16299414.000000000	
227	-16362737.000000000	
228	-16337406.000000000	
229	-16223030.000000000	
230	-16221776.000000000	
231	-16308034.000000000	
232	-16343588.000000000	
233	-16349633.000000000	
234	-16366753.000000000	
235	-16379845.000000000	
236	-16343894.000000000	
237	-16230871.000000000	
238	-16236870.000000000	
239	-16310316.000000000	
240	-16326425.000000000	
241	-16331307.000000000	
242	-16360916.000000000	
243	-16335004.000000000	
244	-16314077.000000000	
245	-16315964.000000000	
246	-16347555.000000000	
247	-16277159.000000000	
248	-16162330.000000000	
249	-16203878.000000000	
250	-16327348.000000000	
251	-16350724.000000000	
252	-16348918.000000000	
253	-16311133.000000000	
254	-16257589.000000000	
255	-16258514.000000000	
256	-16291348.000000000	
257	-16286431.000000000	
258	-16298673.000000000	
259	-16285199.000000000	
260	-16255478.000000000	
261	-16199088.000000000	
262	-16141778.000000000	
263	-16196138.000000000	
264	-16255639.000000000	
265	-16281448.000000000	
266	-16333355.000000000	
267	-16329864.000000000	
268	-16271364.000000000	
269	-16229023.000000000	
270	-16238529.000000000	
271	-16292087.000000000	
272	-16330477.000000000	
273	-16348843.000000000	
274	-16344886.000000000	
275	-16304832.000000000	
276	-16231278.000000000	
277	-16172537.000000000	
278	-16199918.000000000	
279	-16240339.000000000	
280	-16233438.000000000	
281	-16244861.000000000	
282	-16241878.000000000	
283	-16249049.000000000	
284	-16285347.000000000	
285	-16278701.000000000	
286	-16249310.000000000	
287	-16265435.000000000	
288	-16333098.000000000	
289	-16330877.000000000	
290	-16292312.000000000	
291	-16296081.000000000	
292	-16282605.000000000	
293	-16239077.000000000	
294	-16219092.000000000	
295	-16223145.000000000	
296	-16295774.000000000	
297	-16315148.000000000	
298	-16245649.000000000	
299	-16251578.000000000	
300	-16275918.000000000	
301	-16245701.000000000	
302	-16229249.000000000	
303	-16218674.000000000	
304	-16162183.000000000	
305	-16167440.000000000	
306	-16239627.000000000	
307	-16262923.000000000	
308	-16196910.000000000	
309	-16111520.000000000	
310	-16173778.000000000	
311	-16243836.000000000	
312	-16206098.000000000	
313	-16171827.000000000	
314	-16188214.000000000	
315	-16217225.000000000	
316	-16232200.000000000	
317	-16225378.000000000	
318	-16184979.000000000	
319	-16177668.000000000	
320	-16160599.000000000	
321	-16127672.000000000	
322	-16131938.000000000	
323	-16170887.000000000	
324	-16181425.000000000	
325	-16179181.000000000	
326	-16174385.000000000	
327	-16125314.000000000	
328	-16093837.000000000	
329	-16128445.000000000	
330	-16132670.000000000	
331	-16102940.000000000	
332	-16094144.000000000	
333	-16030553.000000000	
334	-15987679.000000000	
335	-16037689.000000000	
336	-16040409.000000000	
337	-16008808.000000000	
338	-16001686.000000000	
339	-15997373.000000000	
340	-15980388.000000000	
341	-15979153.000000000	
342	-15982216.000000000	
343	-15989388.000000000	
344	-15992514.000000000	
345	-15919425.000000000	
346	-15803359.000000000	
347	-15800281.000000000	
348	-15863041.000000000	
349	-15855291.000000000	
350	-15828168.000000000	
351	-15805549.000000000	
352	-15795105.000000000	
353	-15807942.000000000	
354	-15745735.000000000	
355	-15665942.000000000	
356	-15592730.000000000	
357	-15507569.000000000	
358	-15548312.000000000	
359	-15618590.000000000	
360	-15631057.000000000	
361	-15654218.000000000	
362	-15622717.000000000	
363	-15517623.000000000	
364	-15428027.000000000	
365	-15458706.000000000	
366	-15510628.000000000	
367	-15502959.000000000	
368	-15460563.000000000	
369	-15503277.000000000	
370	-15509281.000000000	
371	-15448603.000000000	
372	-15394750.000000000	
373	-15412765.000000000	
374	-15505906.000000000	
375	-15621485.000000000	
376	-15653874.000000000	
377	-15624274.000000000	
378	-15604097.000000000	
379	-15544924.000000000	
380	-15565986.000000000	
381	-15696739.000000000	
382	-15823740.000000000	
383	-15808529.000000000	
384	-15775469.000000000	
385	-15778029.000000000	
386	-15776413.000000000	
387	-15783176.000000000	
388	-15762442.000000000	
389	-15778971.000000000	
390	-15839479.000000000	
391	-15861631.000000000	
392	-15871505.000000000	
393	-15926038.000000000	
394	-15954658.000000000	
395	-15920686.000000000	
396	-15869834.000000000	
397	-15867292.000000000	
398	-15911454.000000000	
399	-15923900.000000000	
400	-15904947.000000000	
401	-15884181.000000000	
402	-15899328.000000000	
403	-15919103.000000000	
404	-15895599.000000000	
405	-15856134.000000000	
406	-15815228.000000000	
407	-15822663.000000000	
408	-15919562.000000000	
409	-15998199.000000000	
410	-16022694.000000000	
411	-15999220.000000000	
412	-16011427.000000000	
413	-16036121.000000000	
414	-15963162.000000000	
415	-15905663.000000000	
416	-15917818.000000000	
417	-15916318.000000000	
418	-15923787.000000000	
419	-15927767.000000000	
420	-15953745.000000000	
421	-15977303.000000000	
422	-15964204.000000000	
423	-15955320.000000000	
424	-15945896.000000000	
425	-15918291.000000000	
426	-15899894.000000000	
427	-15937848.000000000	
428	-15968105.000000000	
429	-15949304.000000000	
430	-15944295.000000000	
431	-15952084.000000000	
432	-15931521.000000000	
433	-15940804.000000000	
434	-15922894.000000000	
435	-15879667.000000000	
436	-15826037.000000000	
437	-15772283.000000000	
438	-15778502.000000000	
439	-15784118.000000000	
440	-15792507.000000000	
441	-15830780.000000000	
442	-15914828.000000000	
443	-15941452.000000000	
444	-15858504.000000000	
445	-15761128.000000000	
446	-15820442.000000000	
447	-15941770.000000000	
448	-15986370.000000000	
449	-15944903.000000000	
450	-15860466.000000000	
451	-15856111.000000000	
452	-15846110.000000000	
453	-15772135.000000000	
454	-15746300.000000000	
455	-15804503.000000000	
456	-15861509.000000000	
457	-15872430.000000000	
458	-15838108.000000000	
459	-15836144.000000000	
460	-15854658.000000000	
461	-15841091.000000000	
462	-15864041.000000000	
463	-15870456.000000000	
464	-15836986.000000000	
465	-15813305.000000000	
466	-15796601.000000000	
467	-15825755.000000000	
468	-15797760.000000000	
469	-15787851.000000000	
470	-15829107.000000000	
471	-15813065.000000000	
472	-15724188.000000000	
473	-15660741.000000000	
474	-15699047.000000000	
475	-15765574.000000000	
476	-15813146.000000000	
477	-15819539.000000000	
478	-15777011.000000000	
479	-15718220.000000000	
480	-15714345.000000000	
481	-15721480.000000000	
482	-15687858.000000000	
483	-15718271.000000000	
484	-15800694.000000000	
485	-15713566.000000000	
486	-15590778.000000000	
487	-15533495.000000000	
488	-15488474.000000000	
489	-15464744.000000000	
490	-15503577.000000000	
491	-15475712.000000000	
492	-15435696.000000000	
493	-15370413.000000000	
494	-15294333.000000000	
495	-15287979.000000000	
496	-15208621.000000000	
497	-15083869.000000000	
498	-15014317.000000000	
499	-14877367.000000000	
500	-14770879.000000000	
501	-14777866.000000000	
502	-14720514.000000000	
503	-14585561.000000000	
504	-14479663.000000000	
505	-14379664.000000000	
506	-14274202.000000000	
507	-14176361.000000000	
508	-14098923.000000000	
509	-14000738.000000000	
510	-13938318.000000000	
511	-13961869.000000000	
512	-13870748.000000000	
513	-13789939.000000000	
514	-13877229.000000000	
515	-13965805.000000000	
516	-13964350.000000000	
517	-13913960.000000000	
518	-13926878.000000000	
519	-13986655.000000000	
520	-14072341.000000000	
521	-14180250.000000000	
522	-14290927.000000000	
523	-14384870.000000000	
524	-14408934.000000000	
525	-14436187.000000000	
526	-14594407.000000000	
527	-14800737.000000000	
528	-14947214.000000000	
529	-15063528.000000000	
530	-15120064.000000000	
531	-15135413.000000000	
532	-15230233.000000000	
533	-15259640.000000000	
534	-15232336.000000000	
535	-15265569.000000000	
536	-15291695.000000000	
537	-15298102.000000000	
538	-15257424.000000000	
539	-15178827.000000000	
540	-15121658.000000000	
541	-15120362.000000000	
542	-15174259.000000000	
543	-15233959.000000000	
544	-15345764.000000000	
545	-15395221.000000000	
546	-15362749.000000000	
547	-15384645.000000000	
548	-15403380.000000000	
549	-15357774.000000000	
550	-15302451.000000000	
551	-15286372.000000000	
552	-15334497.000000000	
553	-15325115.000000000	
554	-15304639.000000000	
555	-15315891.000000000	
556	-15258966.000000000	
557	-15187843.000000000	
558	-15151616.000000000	
559	-15167783.000000000	
560	-15234470.000000000	
561	-15243086.000000000	
562	-15203795.000000000	
563	-15155204.000000000	
564	-15115614.000000000	
565	-15156336.000000000	
566	-15231123.000000000	
567	-15261600.000000000	
568	-15281530.000000000	
569	-15269497.000000000	
570	-15284771.000000000	
571	-15312164.000000000	
572	-15283381.000000000	
573	-15261702.000000000	
574	-15289813.000000000	
575	-15278980.000000000	
576	-15266862.000000000	
577	-15333244.000000000	
578	-15391400.000000000	
579	-15386915.000000000	
580	-15319978.000000000	
581	-15238788.000000000	
582	-15171495.000000000	
583	-15098707.000000000	
584	-15043157.000000000	
585	-15018923.000000000	
586	-15018416.000000000	
587	-14927788.000000000	
588	-14766088.000000000	
589	-14708449.000000000	
590	-14664586.000000000	
591	-14473525.000000000	
592	-14264509.000000000	
593	-14132025.000000000	
594	-14062430.000000000	
595	-13990330.000000000	
596	-13886189.000000000	
597	-13721825.000000000	
598	-13480246.000000000	
599	-13260051.000000000	
600	-13066991.000000000	
601	-12903629.000000000	
602	-12803748.000000000	
603	-12744945.000000000	
604	-12707695.000000000	
605	-12678638.000000000	
606	-12601110.000000000	
607	-12511517.000000000	
608	-12490566.000000000	
609	-12507973.000000000	
610	-12604483.000000000	
611	-12745583.000000000	
612	-12963944.000000000	
613	-13160903.000000000	
614	-13423471.000000000	
615	-13668805.000000000	
616	-13762497.000000000	
617	-13931490.000000000	
618	-14191796.000000000	
619	-14261651.000000000	
620	-14331878.000000000	
621	-14558186.000000000	
622	-14695861.000000000	
623	-14697656.000000000	
624	-14687978.000000000	
625	-14743704.000000000	
626	-14835260.000000000	
627	-14805738.000000000	
628	-14735970.000000000	
629	-14767706.000000000	
630	-14883637.000000000	
631	-14951052.000000000	
632	-14907654.000000000	
633	-14940416.000000000	
634	-15053346.000000000	
635	-15114319.000000000	
636	-15104427.000000000	
637	-15133146.000000000	
638	-15214380.000000000	
639	-15243286.000000000	
640	-15173660.000000000	
641	-15135518.000000000	
642	-15141328.000000000	
643	-15188540.000000000	
644	-15247325.000000000	
645	-15271292.000000000	
646	-15304735.000000000	
647	-15407941.000000000	
648	-15432948.000000000	
649	-15351897.000000000	
650	-15317300.000000000	
651	-15304480.000000000	
652	-15315234.000000000	
653	-15320568.000000000	
654	-15303459.000000000	
655	-15263510.000000000	
656	-15198754.000000000	
657	-15197487.000000000	
658	-15169487.000000000	
659	-15137523.000000000	
660	-15142912.000000000	
661	-15129770.000000000	
662	-15157755.000000000	
663	-15178490.000000000	
664	-15144156.000000000	
665	-15149053.000000000	
666	-15271250.000000000	
667	-15249581.000000000	
668	-15166256.000000000	
669	-15203757.000000000	
670	-15224235.000000000	
671	-15192022.000000000	
672	-15165307.000000000	
673	-15089704.000000000	
674	-15031585.000000000	
675	-15002919.000000000	
676	-14985353.000000000	
677	-15000081.000000000	
678	-14964028.000000000	
679	-14871483.000000000	
680	-14828988.000000000	
681	-14730049.000000000	
682	-14528907.000000000	
683	-14445413.000000000	
684	-14326328.000000000	
685	-14092435.000000000	
686	-13875528.000000000	
687	-13738696.000000000	
688	-13521224.000000000	
689	-13251903.000000000	
690	-13024357.000000000	
691	-12829294.000000000	
692	-12584353.000000000	
693	-12290123.000000000	
694	-12034540.000000000	
695	-11848948.000000000	
696	-11639760.000000000	
697	-11437861.000000000	
698	-11377061.000000000	
699	-11375816.000000000	
700	-11439904.000000000	
701	-11590944.000000000	
702	-11800909.000000000	
703	-12024016.000000000	
704	-12223909.000000000	
705	-12457337.000000000	
706	-12786846.000000000	
707	-13062858.000000000	
708	-13321757.000000000	
709	-13677550.000000000	
710	-13945414.000000000	
711	-14063898.000000000	
712	-14152598.000000000	
713	-14248640.000000000	
714	-14360390.000000000	
715	-14494827.000000000	
716	-14555029.000000000	
717	-14519910.000000000	
718	-14421732.000000000	
719	-14343743.000000000	
720	-14400945.000000000	
721	-14502490.000000000	
722	-14525671.000000000	
723	-14558947.000000000	
724	-14546397.000000000	
725	-14452525.000000000	
726	-14361522.000000000	
727	-14347490.000000000	
728	-14315786.000000000	
729	-14254484.000000000	
730	-14212843.000000000	
731	-14204519.000000000	
732	-14155160.000000000	
733	-14121106.000000000	
734	-14167778.000000000	
735	-14271450.000000000	
736	-14329899.000000000	
737	-14273288.000000000	
738	-14272362.000000000	
739	-14387513.000000000	
740	-14514560.000000000	
741	-14601560.000000000	
742	-14609594.000000000	
743	-14621334.000000000	
744	-14642221.000000000	
745	-14672337.000000000	
746	-14637396.000000000	
747	-14456920.000000000	
748	-14340707.000000000	
749	-14351720.000000000	
750	-14230971.000000000	
751	-14052540.000000000	
752	-13915498.000000000	
753	-13784000.000000000	
754	-13604072.000000000	
755	-13317779.000000000	
756	-13020401.000000000	
757	-12795419.000000000	
758	-12511089.000000000	
759	-12095351.000000000	
760	-11744797.000000000	
761	-11470576.000000000	
762	-11197263.000000000	
763	-10965071.000000000	
764	-10727976.000000000	
765	-10531922.000000000	
766	-10405074.000000000	
767	-10432208.000000000	
768	-10572704.000000000	
769	-10754894.000000000	
770	-11013239.000000000	
771	-11352694.000000000	
772	-11735967.000000000	
773	-12109944.000000000	
774	-12462841.000000000	
775	-12862326.000000000	
776	-13229380.000000000	
777	-13521685.000000000	
778	-13709119.000000000	
779	-13836851.000000000	
780	-13980331.000000000	
781	-14059782.000000000	
782	-14085506.000000000	
783	-14153057.000000000	
784	-14245855.000000000	
785	-14313817.000000000	
786	-14403681.000000000	
787	-14447597.000000000	
788	-14479381.000000000	
789	-14582109.000000000	
790	-14666756.000000000	
791	-14664248.000000000	
792	-14633747.000000000	
793	-14690448.000000000	
794	-14778161.000000000	
795	-14833713.000000000	
796	-14845699.000000000	
797	-14809352.000000000	
798	-14737641.000000000	
799	-14710459.000000000	
800	-14697819.000000000	
801	-14687956.000000000	
802	-14689404.000000000	
803	-14746156.000000000	
804	-14822496.000000000	
805	-14838669.000000000	
806	-14844337.000000000	
807	-14855688.000000000	
808	-14832869.000000000	
809	-14776208.000000000	
810	-14687672.000000000	
811	-14675001.000000000	
812	-14751036.000000000	
813	-14794687.000000000	
814	-14772658.000000000	
815	-14768857.000000000	
816	-14752904.000000000	
817	-14683270.000000000	
818	-14585189.000000000	
819	-14490345.000000000	
820	-14378940.000000000	
821	-14296202.000000000	
822	-14263605.000000000	
823	-14174738.000000000	
824	-14093036.000000000	
825	-13996136.000000000	
826	-13757206.000000000	
827	-13456797.000000000	
828	-13217862.000000000	
829	-12966979.000000000	
830	-12655298.000000000	
831	-12320161.000000000	
832	-11863195.000000000	
833	-11369796.000000000	
834	-10971807.000000000	
835	-10626678.000000000	
836	-10324048.000000000	
837	-10027475.000000000	
838	-9731363.000000000	
839	-9570589.000000000	
840	-9680591.000000000	
841	-9917225.000000000	
842	-10193746.000000000	
843	-10487848.000000000	
844	-10835660.000000000	
845	-11251399.000000000	
846	-11733064.000000000	
847	-12207173.000000000	
848	-12621838.000000000	
849	-12913127.000000000	
850	-13122579.000000000	
851	-13263421.000000000	
852	-13377977.000000000	
853	-13513534.000000000	
854	-13612055.000000000	
855	-13609195.000000000	
856	-13584230.000000000	
857	-13639692.000000000	
858	-13667007.000000000	
859	-13680624.000000000	
860	-13686977.000000000	
861	-13684245.000000000	
862	-13646946.000000000	
863	-13571140.000000000	
864	-13499504.000000000	
865	-13507606.000000000	
866	-13488195.000000000	
867	-13433372.000000000	
868	-13420696.000000000	
869	-13403315.000000000	
870	-13430970.000000000	
871	-13543615.000000000	
872	-13573750.000000000	
873	-13612488.000000000	
874	-13758614.000000000	
875	-13834519.000000000	
876	-13779940.000000000	
877	-13761301.000000000	
878	-13740777.000000000	
879	-13700291.000000000	
880	-13602589.000000000	
881	-13477348.000000000	
882	-13291409.000000000	
883	-13097607.000000000	
884	-12830263.000000000	
885	-12478704.000000000	
886	-12176154.000000000	
887	-11874931.000000000	
888	-11475356.000000000	
889	-11066020.000000000	
890	-10600317.000000000	
891	-10062674.000000000	
892	-9562448.000000000	
893	-9248551.000000000	
894	-9067432.000000000	
895	-9002706.000000000	
896	-9072167.000000000	
897	-9318864.000000000	
898	-9671849.000000000	
899	-10014929.000000000	
900	-10481402.000000000	
901	-11071952.000000000	
902	-11645564.000000000	
903	-12137042.000000000	
904	-12537326.000000000	
905	-12890726.000000000	
906	-13118266.000000000	
907	-13209791.000000000	
908	-13330110.000000000	
909	-13522108.000000000	
910	-13608768.000000000	
911	-13696833.000000000	
912	-13799875.000000000	
913	-13871423.000000000	
914	-13937301.000000000	
915	-13992468.000000000	
916	-14093968.000000000	
917	-14200111.000000000	
918	-14232789.000000000	
919	-14268008.000000000	
920	-14275649.000000000	
921	-14283018.000000000	
922	-14246523.000000000	
923	-14201847.000000000	
924	-14246396.000000000	
925	-14269412.000000000	
926	-14236138.000000000	
927	-14288325.000000000	
928	-14348007.000000000	
929	-14287550.000000000	
930	-14203874.000000000	
931	-14271585.000000000	
932	-14395068.000000000	
933	-14361572.000000000	
934	-14230154.000000000	
935	-14173236.000000000	
936	-14164357.000000000	
937	-14193632.000000000	
938	-14151905.000000000	
939	-14043387.000000000	
940	-13955197.000000000	
941	-13836599.000000000	
942	-13775503.000000000	
943	-13737878.000000000	
944	-13501459.000000000	
945	-13166229.000000000	
946	-12888474.000000000	
947	-12656073.000000000	
948	-12397685.000000000	
949	-11955409.000000000	
950	-11316691.000000000	
951	-10719313.000000000	
952	-10144297.000000000	
953	-9499647.000000000	
954	-9002837.000000000	
955	-8764372.000000000	
956	-8514812.000000000	
957	-8328486.000000000	
958	-8376104.500000000	
959	-8586067.000000000	
960	-8967634.000000000	
961	-9517992.000000000	
962	-10150307.000000000	
963	-10790052.000000000	
964	-11265830.000000000	
965	-11694629.000000000	
966	-12183755.000000000	
967	-12591221.000000000	
968	-12816330.000000000	
969	-12882249.000000000	
970	-12962935.000000000	
971	-13041390.000000000	
972	-13027956.000000000	
973	-13081419.000000000	
974	-13167172.000000000	
975	-13169436.000000000	
976	-13084780.000000000	
977	-13068737.000000000	
978	-13067805.000000000	
979	-12919666.000000000	
980	-12776226.000000000	
981	-12750155.000000000	
982	-12751347.000000000	
983	-12770507.000000000	
984	-12833035.000000000	
985	-12960853.000000000	
986	-13103882.000000000	
987	-13154664.000000000	
988	-13042611.000000000	
989	-12992261.000000000	
990	-13036951.000000000	
991	-13074163.000000000	
992	-12985802.000000000	
993	-12840177.000000000	
994	-12667889.000000000	
995	-12414242.000000000	
996	-12153888.000000000	
997	-11807812.000000000	
998	-11379826.000000000	
999	-10783765.000000000	
1000	-10150512.000000000	
1001	-9604887.000000000	
1002	-9042549.000000000	
1003	-8525481.000000000	
1004	-8125609.500000000	
1005	-7865169.500000000	
1006	-7738919.500000000	
1007	-7819773.500000000	
1008	-8132049.000000000	
1009	-8567120.000000000	
1010	-9197180.000000000	
1011	-9969875.000000000	
1012	-10615121.000000000	
1013	-11115984.000000000	
1014	-11630797.000000000	
1015	-12054094.000000000	
1016	-12350146.000000000	
1017	-12635165.000000000	
1018	-12844355.000000000	
1019	-12851017.000000000	
1020	-12893815.000000000	
1021	-13021943.000000000	
1022	-13192429.000000000	
1023	-13400939.000000000	
1024	-13578004.000000000	
1025	-13646920.000000000	
1026	-13672988.000000000	
1027	-13742986.000000000	
1028	-13728004.000000000	
1029	-13674687.000000000	
1030	-13674049.000000000	
1031	-13725249.000000000	
1032	-13798123.000000000	
1033	-13837544.000000000	
1034	-13861912.000000000	
1035	-13824492.000000000	
1036	-13818814.000000000	
1037	-13899540.000000000	
1038	-13906027.000000000	
1039	-13819166.000000000	
1040	-13836142.000000000	
1041	-13832807.000000000	
1042	-13772091.000000000	
1043	-13676643.000000000	
1044	-13593271.000000000	
1045	-13576211.000000000	
1046	-13529676.000000000	
1047	-13353077.000000000	
1048	-13171788.000000000	
1049	-13065707.000000000	
1050	-12816010.000000000	
1051	-12399035.000000000	
1052	-11971143.000000000	
1053	-11429237.000000000	
1054	-10778447.000000000	
1055	-10193790.000000000	
1056	-9571283.000000000	
1057	-8828414.000000000	
1058	-8181332.500000000	
1059	-7675689.500000000	
1060	-7260795.000000000	
1061	-7088763.000000000	
1062	-7195597.500000000	
1063	-7518582.500000000	
1064	-8037204.000000000	
1065	-8751132.000000000	
1066	-9587019.000000000	
1067	-10374525.000000000	
1068	-11069905.000000000	
1069	-11575032.000000000	
1070	-11828127.000000000	
1071	-12009121.000000000	
1072	-12140571.000000000	
1073	-12184558.000000000	
1074	-12207430.000000000	
1075	-12305946.000000000	
1076	-12352367.000000000	
1077	-12302699.000000000	
1078	-12291867.000000000	
1079	-12300917.000000000	
1080	-12311846.000000000	
1081	-12292555.000000000	
1082	-12177998.000000000	
1083	-12119123.000000000	
1084	-12101117.000000000	
1085	-12087248.000000000	
1086	-12157218.000000000	
1087	-12386809.000000000	
1088	-12634528.000000000	
1089	-12691527.000000000	
1090	-12628174.000000000	
1091	-12594333.000000000	
1092	-12490011.000000000	
1093	-12279960.000000000	
1094	-12010010.000000000	
1095	-11701370.000000000	
1096	-11295993.000000000	
1097	-10798162.000000000	
1098	-10245712.000000000	
1099	-9629223.000000000	
1100	-8864124.000000000	
1101	-8110243.500000000	
1102	-7538939.500000000	
1103	-7114452.000000000	
1104	-6850132.000000000	
1105	-6818343.500000000	
1106	-7043069.500000000	
1107	-7506384.000000000	
1108	-8136830.000000000	
1109	-8969470.000000000	
1110	-9865300.000000000	
1111	-10551977.000000000	
1112	-11106811.000000000	
1113	-11564791.000000000	
1114	-11835333.000000000	
1115	-12031262.000000000	
1116	-12193185.000000000	
1117	-12327970.000000000	
1118	-12514036.000000000	
1119	-12725576.000000000	
1120	-12936562.000000000	
1121	-13102110.000000000	
1122	-13167126.000000000	
1123	-13143658.000000000	
1124	-13138283.000000000	
1125	-13204340.000000000	
1126	-13221790.000000000	
1127	-13220040.000000000	
1128	-13309762.000000000	
1129	-13366254.000000000	
1130	-13315230.000000000	
1131	-13244745.000000000	
1132	-13269317.000000000	
1133	-13313945.000000000	
1134	-13319105.000000000	
1135	-13309465.000000000	
1136	-13287021.000000000	
1137	-13220593.000000000	
1138	-13162697.000000000	
1139	-13111357.000000000	
1140	-12979896.000000000	
1141	-12757359.000000000	
1142	-12536935.000000000	
1143	-12406723.000000000	
1144	-12219375.000000000	
1145	-11811491.000000000	
1146	-11228494.000000000	
1147	-10608806.000000000	
1148	-9924431.000000000	
1149	-9272360.000000000	
1150	-8624510.000000000	
1151	-7822932.500000000	
1152	-7043753.500000000	
1153	-6527914.000000000	
1154	-6307625.500000000	
1155	-6375843.500000000	
1156	-6704804.000000000	
1157	-7317373.500000000	
1158	-8108072.500000000	
1159	-8929872.000000000	
1160	-9751587.000000000	
1161	-10523900.000000000	
1162	-11032870.000000000	
1163	-11350775.000000000	
1164	-11554418.000000000	
1165	-11624905.000000000	
1166	-11640612.000000000	
1167	-11696977.000000000	
1168	-11799589.000000000	
1169	-11847285.000000000	
1170	-11846126.000000000	
1171	-11793307.000000000	
1172	-11665744.000000000	
1173	-11604947.000000000	
1174	-11621794.000000000	
1175	-11607674.000000000	
1176	-11613390.000000000	
1177	-11724961.000000000	
1178	-11848523.000000000	
1179	-11916786.000000000	
1180	-11936032.000000000	
1181	-11912351.000000000	
1182	-11843065.000000000	
1183	-11697486.000000000	
1184	-11427913.000000000	
1185	-11076762.000000000	
1186	-10698739.000000000	
1187	-10205350.000000000	
1188	-9563985.000000000	
1189	-8821331.000000000	
1190	-7978024.000000000	
1191	-7245310.500000000	
1192	-6596820.000000000	
1193	-6004735.500000000	
1194	-5713407.500000000	
1195	-5852244.500000000	
1196	-6297513.500000000	
1197	-7010388.500000000	
1198	-7913855.000000000	
1199	-8832425.000000000	
1200	-9593513.000000000	
1201	-10224253.000000000	
1202	-10779855.000000000	
1203	-11133430.000000000	
1204	-11367413.000000000	
1205	-11603016.000000000	
1206	-11792879.000000000	
1207	-12015266.000000000	
1208	-12228162.000000000	
1209	-12328391.000000000	
1210	-12373613.000000000	
1211	-12482115.000000000	
1212	-12540493.000000000	
1213	-12616436.000000000	
1214	-12679065.000000000	
1215	-12800273.000000000	
1216	-12903957.000000000	
1217	-12896403.000000000	
1218	-12794987.000000000	
1219	-12758173.000000000	
1220	-12755616.000000000	
1221	-12796958.000000000	
1222	-12797004.000000000	
1223	-12757581.000000000	
1224	-12695884.000000000	
1225	-12679703.000000000	
1226	-12610452.000000000	
1227	-12462325.000000000	
1228	-12313891.000000000	
1229	-12091597.000000000	
1230	-11697019.000000000	
1231	-11203750.000000000	
1232	-10633424.000000000	
1233	-9960444.000000000	
1234	-9233834.000000000	
1235	-8468949.000000000	
1236	-7623295.000000000	
1237	-6812328.500000000	
1238	-6088915.000000000	
1239	-5497811.500000000	
1240	-5312467.500000000	
1241	-5559294.000000000	
1242	-6034043.500000000	
1243	-6745079.500000000	
1244	-7622816.000000000	
1245	-8500474.000000000	
1246	-9313052.000000000	
1247	-10026139.000000000	
1248	-10553763.000000000	
1249	-10855550.000000000	
1250	-10946300.000000000	
1251	-10960637.000000000	
1252	-11090769.000000000	
1253	-11163513.000000000	
1254	-11062776.000000000	
1255	-11028816.000000000	
1256	-11037822.000000000	
1257	-10957864.000000000	
1258	-10899325.000000000	
1259	-10905979.000000000	
1260	-10961273.000000000	
1261	-11059282.000000000	
1262	-11179855.000000000	
1263	-11308324.000000000	
1264	-11354662.000000000	
1265	-11273681.000000000	
1266	-11093586.000000000	
1267	-10826663.000000000	
1268	-10546513.000000000	
1269	-10090235.000000000	
1270	-9451902.000000000	
1271	-8812755.000000000	
1272	-8178175.000000000	
1273	-7395580.500000000	
1274	-6592467.000000000	
1275	-5898452.500000000	
1276	-5348690.000000000	
1277	-5139540.500000000	
1278	-5409748.500000000	
1279	-6014889.500000000	
1280	-6832468.500000000	
1281	-7738323.000000000	
1282	-8619471.000000000	
1283	-9501986.000000000	
1284	-10162853.000000000	
1285	-10553383.000000000	
1286	-10837583.000000000	
1287	-11104381.000000000	
1288	-11344764.000000000	
1289	-11584379.000000000	
1290	-11795323.000000000	
1291	-11943459.000000000	
1292	-12143182.000000000	
1293	-12299895.000000000	
1294	-12344689.000000000	
1295	-12320749.000000000	
1296	-12308246.000000000	
1297	-12383859.000000000	
1298	-12464634.000000000	
1299	-12488397.000000000	
1300	-12491003.000000000	
1301	-12477048.000000000	
1302	-12438092.000000000	
1303	-12392097.000000000	
1304	-12370766.000000000	
1305	-12280440.000000000	
1306	-12127993.000000000	
1307	-11962063.000000000	
1308	-11754574.000000000	
1309	-11553189.000000000	
1310	-11246373.000000000	
1311	-10722984.000000000	
1312	-10022307.000000000	
1313	-9297102.000000000	
1314	-8658380.000000000	
1315	-7854502.500000000	
1316	-6848893.500000000	
1317	-5918377.500000000	
1318	-5156607.000000000	
1319	-4636756.500000000	
1320	-4541354.000000000	
1321	-4939476.500000000	
1322	-5717674.000000000	
1323	-6705107.000000000	
1324	-7728124.500000000	
1325	-8671995.000000000	
1326	-9399761.000000000	
1327	-9929171.000000000	
1328	-10271827.000000000	
1329	-10480511.000000000	
1330	-10619049.000000000	
1331	-10655314.000000000	
1332	-10669055.000000000	
1333	-10716329.000000000	
1334	-10693454.000000000	
1335	-10612682.000000000	
1336	-10542371.000000000	
1337	-10481533.000000000	
1338	-10503334.000000000	
1339	-10619122.000000000	
1340	-10711754.000000000	
1341	-10742392.000000000	
1342	-10728138.000000000	
1343	-10725409.000000000	
1344	-10599369.000000000	
1345	-10301134.000000000	
1346	-9929768.000000000	
1347	-9435644.000000000	
1348	-8811390.000000000	
1349	-8108883.000000000	
1350	-7255763.500000000	
1351	-6384211.500000000	
1352	-5659859.000000000	
1353	-5124904.000000000	
1354	-4884863.000000000	
1355	-5023231.000000000	
1356	-5431419.500000000	
1357	-6170062.500000000	
1358	-7164107.000000000	
1359	-8262731.000000000	
1360	-9243294.000000000	
1361	-9932965.000000000	
1362	-10453972.000000000	
1363	-10826449.000000000	
1364	-11075832.000000000	
1365	-11367412.000000000	
1366	-11652853.000000000	
1367	-11794382.000000000	
1368	-11893875.000000000	
1369	-12023369.000000000	
1370	-12059249.000000000	
1371	-12073545.000000000	
1372	-12087500.000000000	
1373	-12056310.000000000	
1374	-12103494.000000000	
1375	-12151196.000000000	
1376	-12157682.000000000	
1377	-12076487.000000000	
1378	-12015223.000000000	
1379	-11969786.000000000	
1380	-11850184.000000000	
1381	-11748724.000000000	
1382	-11654731.000000000	
1383	-11494516.000000000	
1384	-11231647.000000000	
1385	-10835527.000000000	
1386	-10310130.000000000	
1387	-9721807.000000000	
1388	-9069906.000000000	
1389	-8280276.000000000	
1390	-7354834.500000000	
1391	-6402601.500000000	
1392	-5579131.000000000	
1393	-4989138.500000000	
1394	-4654505.500000000	
1395	-4704211.000000000	
1396	-5240318.000000000	
1397	-6083624.500000000	
1398	-7055528.000000000	
1399	-8018854.500000000	
1400	-8928678.000000000	
1401	-9667241.000000000	
1402	-10166992.000000000	
1403	-10424911.000000000	
1404	-10520272.000000000	
1405	-10553504.000000000	
1406	-10591855.000000000	
1407	-10600952.000000000	
1408	-10526242.000000000	
1409	-10504058.000000000	
1410	-10560080.000000000	
1411	-10629240.000000000	
1412	-10625783.000000000	
1413	-10617765.000000000	
1414	-10554277.000000000	
1415	-10525605.000000000	
1416	-10476666.000000000	
1417	-10322768.000000000	
1418	-10074536.000000000	
1419	-9705769.000000000	
1420	-9194963.000000000	
1421	-8545406.000000000	
1422	-7864190.500000000	
1423	-7185706.000000000	
1424	-6418133.000000000	
1425	-5679785.500000000	
1426	-5287592.500000000	
1427	-5258495.500000000	
1428	-5498280.500000000	
1429	-5990354.000000000	
1430	-6783225.000000000	
1431	-7744461.000000000	
1432	-8685735.000000000	
1433	-9570257.000000000	
1434	-10230815.000000000	
1435	-10656328.000000000	
1436	-10941003.000000000	
1437	-11200716.000000000	
1438	-11427874.000000000	
1439	-11624225.000000000	
1440	-11754395.000000000	
1441	-11833583.000000000	
1442	-11874678.000000000	
1443	-11924852.000000000	
1444	-11955570.000000000	
1445	-11934493.000000000	
1446	-11905266.000000000	
1447	-11896004.000000000	
1448	-11831971.000000000	
1449	-11744632.000000000	
1450	-11702818.000000000	
1451	-11708441.000000000	
1452	-11636247.000000000	
1453	-11396084.000000000	
1454	-11065633.000000000	
1455	-10722384.000000000	
1456	-10345511.000000000	
1457	-9886631.000000000	
1458	-9286395.000000000	
1459	-8640291.000000000	
1460	-7951566.000000000	
1461	-7153659.500000000	
1462	-6390778.000000000	
1463	-5876605.000000000	
1464	-5579259.000000000	
1465	-5512190.000000000	
1466	-5784061.500000000	
1467	-6531152.000000000	
1468	-7560653.500000000	
1469	-8510158.000000000	
1470	-9370705.000000000	
1471	-10028285.000000000	
1472	-10448255.000000000	
1473	-10716410.000000000	
1474	-10870603.000000000	
1475	-10994933.000000000	
1476	-11065331.000000000	
1477	-11041955.000000000	
1478	-11012642.000000000	
1479	-10963878.000000000	
1480	-10940627.000000000	
1481	-10912806.000000000	
1482	-10873596.000000000	
1483	-10889510.000000000	
1484	-10970148.000000000	
1485	-10926885.000000000	
1486	-10847269.000000000	
1487	-10641659.000000000	
1488	-10330661.000000000	
1489	-10005150.000000000	
1490	-9630751.000000000	
1491	-9148584.000000000	
1492	-8616659.000000000	
1493	-8111868.000000000	
1494	-7726756.000000000	
1495	-7516071.500000000	
1496	-7464740.000000000	
1497	-7664679.500000000	
1498	-8127821.000000000	
1499	-8839075.000000000	
1500	-9693985.000000000	
1501	-10519672.000000000	
1502	-11192992.000000000	
1503	-11644154.000000000	
1504	-11914398.000000000	
1505	-12078272.000000000	
1506	-12178881.000000000	
1507	-12236353.000000000	
1508	-12279497.000000000	
1509	-12332962.000000000	
1510	-12395384.000000000	
1511	-12497609.000000000	
1512	-12553669.000000000	
1513	-12503152.000000000	
1514	-12436638.000000000	
1515	-12461133.000000000	
1516	-12539551.000000000	
1517	-12458230.000000000	
1518	-12276168.000000000	
1519	-12168436.000000000	
1520	-12063352.000000000	
1521	-11857140.000000000	
1522	-11635663.000000000	
1523	-11482745.000000000	
1524	-11228408.000000000	
1525	-10780880.000000000	
1526	-10262564.000000000	
1527	-9727528.000000000	
1528	-9212454.000000000	
1529	-8714025.000000000	
1530	-8160041.500000000	
1531	-7759444.500000000	
1532	-7662458.000000000	
1533	-7820052.000000000	
1534	-8243133.500000000	
1535	-8905501.000000000	
1536	-9655337.000000000	
1537	-10421625.000000000	
1538	-11046263.000000000	
1539	-11423778.000000000	
1540	-11549045.000000000	
1541	-11524635.000000000	
1542	-11580527.000000000	
1543	-11650157.000000000	
1544	-11631008.000000000	
1545	-11596835.000000000	
1546	-11599092.000000000	
1547	-11555909.000000000	
1548	-11444856.000000000	
1549	-11367243.000000000	
1550	-11429917.000000000	
1551	-11487692.000000000	
1552	-11448312.000000000	
1553	-11328845.000000000	
1554	-11221446.000000000	
1555	-10955335.000000000	
1556	-10581619.000000000	
1557	-10234021.000000000	
1558	-9880401.000000000	
1559	-9528870.000000000	
1560	-9268178.000000000	
1561	-9239803.000000000	
1562	-9350607.000000000	
1563	-9496186.000000000	
1564	-9871352.000000000	
1565	-10459808.000000000	
1566	-11047758.000000000	
1567	-11521569.000000000	
1568	-11823096.000000000	
1569	-11989783.000000000	
1570	-12150543.000000000	
1571	-12348728.000000000	
1572	-12473964.000000000	
1573	-12557421.000000000	
1574	-12563698.000000000	
1575	-12525044.000000000	
1576	-12546590.000000000	
1577	-12596384.000000000	
1578	-12617067.000000000	
1579	-12546483.000000000	
1580	-12471270.000000000	
1581	-12415349.000000000	
1582	-12404302.000000000	
1583	-12400671.000000000	
1584	-12339745.000000000	
1585	-12192200.000000000	
1586	-11966669.000000000	
1587	-11769890.000000000	
1588	-11601829.000000000	
1589	-11319162.000000000	
1590	-10911103.000000000	
1591	-10548390.000000000	
1592	-10314835.000000000	
1593	-9957797.000000000	
1594	-9483046.000000000	
1595	-9132241.000000000	
1596	-9031546.000000000	
1597	-9219192.000000000	
1598	-9579644.000000000	
1599	-10023031.000000000	
1600	-10538488.000000000	
1601	-11052326.000000000	
1602	-11446420.000000000	
1603	-11691066.000000000	
1604	-11838707.000000000	
1605	-11916308.000000000	
1606	-11932907.000000000	
1607	-11849290.000000000	
1608	-11772576.000000000	
1609	-11756148.000000000	
1610	-11745312.000000000	
1611	-11685790.000000000	
1612	-11626092.000000000	
1613	-11653958.000000000	
1614	-11689337.000000000	
1615	-11702478.000000000	
1616	-11647732.000000000	
1617	-11446174.000000000	
1618	-11201482.000000000	
1619	-10936948.000000000	
1620	-10627876.000000000	
1621	-10433146.000000000	
1622	-10314406.000000000	
1623	-10123984.000000000	
1624	-9972905.000000000	
1625	-9937826.000000000	
1626	-10025247.000000000	
1627	-10309328.000000000	
1628	-10763509.000000000	
1629	-11132400.000000000	
1630	-11450309.000000000	
1631	-11670765.000000000	
1632	-11824498.000000000	
1633	-11956089.000000000	
1634	-11982502.000000000	
1635	-11944055.000000000	
1636	-11983906.000000000	
1637	-11957620.000000000	
1638	-11912997.000000000	
1639	-11872752.000000000	
1640	-11948187.000000000	
1641	-11915554.000000000	
1642	-11802790.000000000	
1643	-11735925.000000000	
1644	-11684211.000000000	
1645	-11609841.000000000	
1646	-11518662.000000000	
1647	-11418744.000000000	
1648	-11303459.000000000	
1649	-11191587.000000000	
1650	-11027230.000000000	
1651	-10774050.000000000	
1652	-10487119.000000000	
1653	-10276215.000000000	
1654	-10059250.000000000	
1655	-9805477.000000000	
1656	-9586470.000000000	
1657	-9407907.000000000	
1658	-9327609.000000000	
1659	-9444982.000000000	
1660	-9749494.000000000	
1661	-10026874.000000000	
1662	-10317010.000000000	
1663	-10706925.000000000	
1664	-10911680.000000000	
1665	-10889845.000000000	
1666	-10927527.000000000	
1667	-10969596.000000000	
1668	-10901884.000000000	
1669	-10783178.000000000	
1670	-10784288.000000000	
1671	-10794875.000000000	
1672	-10749777.000000000	
1673	-10696527.000000000	
1674	-10641278.000000000	
1675	-10517544.000000000	
1676	-10338296.000000000	
1677	-10271775.000000000	
1678	-10271226.000000000	
1679	-10115404.000000000	
1680	-9856671.000000000	
1681	-9618255.000000000	
1682	-9409234.000000000	
1683	-9255420.000000000	
1684	-9140135.000000000	
1685	-9060263.000000000	
1686	-9055654.000000000	
1687	-9133217.000000000	
1688	-9329657.000000000	
1689	-9557198.000000000	
1690	-9748773.000000000	
1691	-9871398.000000000	
1692	-9833596.000000000	
1693	-9780049.000000000	
1694	-9827708.000000000	
1695	-9873577.000000000	
1696	-9858764.000000000	
1697	-9727694.000000000	
1698	-9600032.000000000	
1699	-9485607.000000000	
1700	-9421478.000000000	
1701	-9392420.000000000	
1702	-9266555.000000000	
1703	-9086587.000000000	
1704	-8993020.000000000	
1705	-8945228.000000000	
1706	-8831177.000000000	
1707	-8621428.000000000	
1708	-8344828.000000000	
1709	-8120140.000000000	
1710	-7960650.500000000	
1711	-7724713.000000000	
1712	-7348307.000000000	
1713	-6971646.500000000	
1714	-6681258.000000000	
1715	-6421289.500000000	
1716	-6277801.500000000	
1717	-6191571.500000000	
1718	-6191997.500000000	
1719	-6234706.500000000	
1720	-6390058.000000000	
1721	-6472910.500000000	
1722	-6485370.000000000	
1723	-6449577.000000000	
1724	-6445992.500000000	
1725	-6379817.500000000	
1726	-6183252.500000000	
1727	-5998889.000000000	
1728	-5877887.000000000	
1729	-5723988.500000000	
1730	-5541883.500000000	
1731	-5321724.000000000	
1732	-5190697.500000000	
1733	-5094826.000000000	
1734	-4961406.000000000	
1735	-4840915.500000000	
1736	-4665300.500000000	
1737	-4469844.500000000	
1738	-4271530.000000000	
1739	-4123988.500000000	
1740	-4023124.500000000	
1741	-3924988.500000000	
1742	-3891368.250000000	
1743	-3826132.250000000	
1744	-3695016.750000000	
1745	-3574909.500000000	
1746	-3561683.250000000	
1747	-3649449.250000000	
1748	-3662974.750000000	
1749	-3531348.000000000	
1750	-3427497.750000000	
1751	-3396519.750000000	
1752	-3364262.750000000	
1753	-3265236.000000000	
1754	-3120681.250000000	
1755	-2999380.000000000	
1756	-2945663.000000000	
1757	-2915198.750000000	
1758	-2840404.250000000	
1759	-2735443.500000000	
1760	-2630739.250000000	
1761	-2505256.000000000	
1762	-2371284.000000000	
1763	-2232015.750000000	
1764	-2093565.375000000	
1765	-1983611.125000000	
1766	-1902888.125000000	
1767	-1841362.250000000	
1768	-1762686.125000000	
1769	-1611134.125000000	
1770	-1514494.000000000	
1771	-1425363.375000000	
1772	-1397629.875000000	
1773	-1388755.000000000	
1774	-1360893.625000000	
1775	-1285755.875000000	
1776	-1174181.750000000	
1777	-1118589.000000000	
1778	-1063335.875000000	
1779	-959698.625000000	
1780	-918013.125000000	
1781	-865233.562500000	
1782	-793126.000000000	
1783	-755154.062500000	
1784	-723367.312500000	
1785	-676945.750000000	
1786	-647676.500000000	
1787	-613543.125000000	
1788	-581713.500000000	
1789	-565584.125000000	
1790	-531706.250000000	
1791	-522872.031250000	
1792	-522958.687500000	
1793	-516645.812500000	
1794	-502560.906250000	
1795	-492191.718750000	
1796	-484002.125000000	
1797	-485923.312500000	
1798	-486775.062500000	
1799	-484298.187500000	
1800	-481090.468750000	
1801	-476308.687500000	
1802	-468244.312500000	
1803	-462954.000000000	
1804	-464828.937500000	
1805	-463375.000000000	
1806	-459188.437500000	
1807	-458113.968750000	
1808	-458155.531250000	
1809	-459080.875000000	
1810	-456790.875000000	
1811	-454965.000000000	
1812	-454349.968750000	
1813	-452876.531250000	
1814	-453362.968750000	
1815	-453006.468750000	
1816	-452066.343750000	
1817	-450624.937500000	
1818	-450725.531250000	
1819	-451012.468750000	
1820	-449992.406250000	
1821	-450069.781250000	
1822	-449999.593750000	
1823	-449501.562500000	
1824	-448908.156250000	
1825	-449621.312500000	
1826	-448729.937500000	
1827	-448114.593750000	
1828	-447495.093750000	
1829	-447449.687500000	
1830	-447029.093750000	
1831	-446631.500000000	
1832	-448445.468750000	
1833	-447555.343750000	
1834	-447084.437500000	
1835	-447375.125000000	
1836	-447305.875000000	
1837	-447329.343750000	
1838	-447284.875000000	
1839	-447740.468750000	
1840	-447693.562500000	
1841	-447839.187500000	
1842	-448062.187500000	
1843	-448128.937500000	
1844	-448289.125000000	
1845	-448849.125000000	
1846	-449014.781250000	
1847	-448807.062500000	
1848	-449222.218750000	
1849	-449287.937500000	
1850	-448648.531250000	
1851	-449076.093750000	
1852	-448539.437500000	
1853	-448382.250000000	
1854	-448938.531250000	
1855	-449395.562500000	
1856	-448781.562500000	
1857	-448875.343750000	
1858	-449089.437500000	
1859	-448789.000000000	
1860	-448824.250000000	
1861	-448924.812500000	
1862	-448064.906250000	
1863	-447850.218750000	
1864	-447928.375000000	
1865	-447772.375000000	
1866	-448039.656250000	
1867	-447796.531250000	
1868	-447270.843750000	
1869	-446526.406250000	
1870	-446503.218750000	
1871	-446432.937500000	
1872	-446086.625000000	
1873	-445824.250000000	
1874	-445228.906250000	
1875	-445068.468750000	
1876	-444605.250000000	
1877	-443869.437500000	
1878	-443916.812500000	
1879	-443608.343750000	
1880	-443890.875000000	
1881	-444201.000000000	
1882	-444140.312500000	
1883	-443541.531250000	
1884	-443639.812500000	
1885	-443246.718750000	
1886	-442902.343750000	
1887	-442708.468750000	
1888	-442725.375000000	
1889	-442627.812500000	
1890	-442051.406250000	
1891	-442273.343750000	
1892	-442495.968750000	
1893	-441995.750000000	
1894	-442018.218750000	
1895	-441882.218750000	
1896	-441477.593750000	
1897	-441376.625000000	
1898	-441153.968750000	
1899	-440308.875000000	
1900	-440564.562500000	
1901	-440260.125000000	
1902	-440405.093750000	
1903	-440872.468750000	
1904	-440112.937500000	
1905	-439894.562500000	
1906	-439843.500000000	
1907	-440072.375000000	
1908	-439819.312500000	
1909	-439544.500000000	
1910	-439920.093750000	
1911	-439790.812500000	
1912	-439149.656250000	
1913	-439064.156250000	
1914	-439133.687500000	
1915	-439356.312500000	
1916	-439556.531250000	
1917	-439685.125000000	
1918	-439202.656250000	
1919	-438928.437500000	
1920	-438351.375000000	
1921	-438720.531250000	
1922	-438832.906250000	
1923	-439049.937500000	
1924	-438534.656250000	
1925	-438195.937500000	
1926	-437325.375000000	
1927	-437154.875000000	
1928	-437288.312500000	
1929	-437032.312500000	
1930	-436897.718750000	
1931	-437022.875000000	
1932	-436775.406250000	
1933	-435811.093750000	
1934	-434993.062500000	
1935	-434967.468750000	
1936	-434281.500000000	
1937	-433051.343750000	
1938	-433857.656250000	
1939	-433812.750000000	
1940	-432102.437500000	
1941	-431337.187500000	
1942	-431105.218750000	
1943	-430811.250000000	
1944	-430702.031250000	
1945	-430022.718750000	
1946	-429594.781250000	
1947	-429167.968750000	
1948	-428422.312500000	
1949	-428227.187500000	
1950	-426864.593750000	
1951	-426491.687500000	
1952	-426202.093750000	
1953	-425463.593750000	
1954	-424254.093750000	
1955	-424442.156250000	
1956	-423942.250000000	
1957	-423472.531250000	
1958	-423349.500000000	
1959	-422453.312500000	
1960	-421942.968750000	
1961	-422113.812500000	
1962	-421878.781250000	
1963	-420904.593750000	
1964	-420613.250000000	
1965	-419570.312500000	
1966	-419023.875000000	
1967	-419590.812500000	
1968	-418779.156250000	
1969	-418168.000000000	
1970	-417115.781250000	
1971	-415569.781250000	
1972	-416345.250000000	
1973	-416650.875000000	
1974	-416183.093750000	
1975	-415371.875000000	
1976	-414450.781250000	
1977	-414201.625000000	
1978	-413856.968750000	
1979	-413831.906250000	
1980	-413608.062500000	
1981	-413242.250000000	
1982	-412056.812500000	
1983	-411800.125000000	
1984	-411657.187500000	
1985	-411538.437500000	
1986	-411107.468750000	
1987	-411151.500000000	
1988	-410658.093750000	
1989	-410632.781250000	
1990	-410628.375000000	
1991	-409778.281250000	
1992	-409278.687500000	
1993	-409614.562500000	
1994	-409055.500000000	
1995	-409062.187500000	
1996	-408777.906250000	
1997	-408637.437500000	
1998	-408392.875000000	
1999	-408337.250000000	
2000	-408214.718750000	
2001	-407982.187500000	
2002	-407887.968750000	
2003	-407794.125000000	
2004	-407470.875000000	
2005	-407605.406250000	
2006	-407467.718750000	
2007	-407123.093750000	
2008	-407397.062500000	
2009	-407377.593750000	
2010	-407082.375000000	
2011	-407156.968750000	
2012	-407032.375000000	
2013	-407021.968750000	
2014	-406947.250000000	
2015	-406705.531250000	
2016	-406707.218750000	
2017	-406573.843750000	
2018	-406417.187500000	
2019	-406495.062500000	
2020	-406588.750000000	
2021	-406543.437500000	
2022	-406297.750000000	
2023	-406217.125000000	
2024	-406345.218750000	
2025	-406233.875000000	
2026	-406285.125000000	
2027	-406171.656250000	
2028	-405970.625000000	
2029	-405962.750000000	
2030	-405950.093750000	
2031	-405873.781250000	
2032	-405863.968750000	
2033	-405781.781250000	
2034	-405900.375000000	
2035	-405780.718750000	
2036	-405811.437500000	
2037	-405750.718750000	
2038	-405605.625000000	
2039	-405628.843750000	
2040	-405638.812500000	
2041	-405628.031250000	
2042	-405656.562500000	
2043	-405590.812500000	
2044	-405562.031250000	
2045	-405671.187500000	
2046	-405648.718750000	
2047	-459102.656250000	
2048	-459278.781250000	
2049	-459542.968750000	
2050	-448928.531250000	
2051	-459955.812500000	
2052	-460210.625000000	
2053	-460500.437500000	
2054	-449817.281250000	
2055	-460863.781250000	
2056	-461263.718750000	
2057	-461539.625000000	
2058	-450771.218750000	
2059	-462050.093750000	
2060	-462357.250000000	
2061	-451355.781250000	
2062	-462823.843750000	
2063	-463121.781250000	
2064	-463404.625000000	
2065	-452266.968750000	
2066	-463887.656250000	
2067	-464156.656250000	
2068	-464478.812500000	
2069	-453154.375000000	
2070	-465026.281250000	
2071	-465341.937500000	
2072	-465650.312500000	
2073	-454142.625000000	
2074	-466215.125000000	
2075	-466508.968750000	
2076	-454804.781250000	
2077	-467090.031250000	
2078	-467426.687500000	
2079	-467771.437500000	
2080	-455941.625000000	
2081	-468420.687500000	
2082	-468720.875000000	
2083	-469119.093750000	
2084	-457098.531250000	
2085	-469792.625000000	
2086	-470184.093750000	
2087	-470486.187500000	
2088	-458342.125000000	
2089	-471251.281250000	
2090	-471666.218750000	
2091	-459332.125000000	
2092	-472434.125000000	
2093	-472818.437500000	
2094	-473214.250000000	
2095	-460596.000000000	
2096	-473940.000000000	
2097	-474362.593750000	
2098	-474779.531250000	
2099	-461980.281250000	
2100	-475563.593750000	
2101	-475963.281250000	
2102	-476361.250000000	
2103	-463286.281250000	
2104	-477192.312500000	
2105	-477629.750000000	
2106	-464333.406250000	
2107	-478381.625000000	
2108	-478803.781250000	
2109	-479216.156250000	
2110	-465675.000000000	
2111	-480014.437500000	
2112	-480464.343750000	
2113	-480899.593750000	
2114	-467101.000000000	
2115	-481722.437500000	
2116	-482206.656250000	
2117	-482626.125000000	
2118	-468551.406250000	
2119	-483378.062500000	
2120	-484003.343750000	
2121	-469630.718750000	
2122	-484913.281250000	
2123	-485449.500000000	
2124	-485963.906250000	
2125	-471434.531250000	
2126	-486939.062500000	
2127	-487507.062500000	
2128	-488079.281250000	
2129	-473263.656250000	
2130	-489171.718750000	
2131	-489688.062500000	
2132	-490296.281250000	
2133	-475112.687500000	
2134	-491420.531250000	
2135	-492012.187500000	
2136	-476647.718750000	
2137	-493181.062500000	
2138	-493811.625000000	
2139	-494452.531250000	
2140	-478748.093750000	
2141	-495644.406250000	
2142	-496285.937500000	
2143	-496925.968750000	
2144	-480791.875000000	
2145	-498161.437500000	
2146	-498827.218750000	
2147	-499498.343750000	
2148	-483041.625000000	
2149	-500752.968750000	
2150	-501442.312500000	
2151	-484684.093750000	
2152	-502718.187500000	
2153	-503308.312500000	
2154	-504155.312500000	
2155	-486934.593750000	
2156	-505504.562500000	
2157	-506257.031250000	
2158	-507033.875000000	
2159	-489441.281250000	
2160	-508361.593750000	
2161	-509182.656250000	
2162	-510116.750000000	
2163	-492132.593750000	
2164	-511670.156250000	
2165	-512529.500000000	
2166	-494204.062500000	
2167	-514184.187500000	
2168	-515108.093750000	
2169	-516068.437500000	
2170	-497130.000000000	
2171	-517777.343750000	
2172	-518860.187500000	
2173	-519868.875000000	
2174	-500577.531250000	
2175	-521756.343750000	
2176	-522823.031250000	
2177	-523915.875000000	
2178	-504119.593750000	
2179	-525871.875000000	
2180	-527102.562500000	
2181	-506881.031250000	
2182	-529242.125000000	
2183	-530446.500000000	
2184	-531664.437500000	
2185	-510861.437500000	
2186	-533945.375000000	
2187	-535227.625000000	
2188	-536512.187500000	
2189	-515066.312500000	
2190	-538919.875000000	
2191	-540262.375000000	
2192	-541628.250000000	
2193	-519525.312500000	
2194	-544211.937500000	
2195	-545668.250000000	
2196	-523066.812500000	
2197	-548393.750000000	
2198	-549923.500000000	
2199	-551476.937500000	
2200	-528135.187500000	
2201	-554394.312500000	
2202	-556032.625000000	
2203	-557696.750000000	
2204	-533561.125000000	
2205	-560831.812500000	
2206	-562583.125000000	
2207	-564371.562500000	
2208	-539388.500000000	
2209	-567740.625000000	
2210	-569625.625000000	
2211	-543980.875000000	
2212	-573183.875000000	
2213	-575188.312500000	
2214	-577231.437500000	
2215	-550643.375000000	
2216	-581090.500000000	
2217	-583249.937500000	
2218	-585461.937500000	
2219	-557846.187500000	
2220	-589649.187500000	
2221	-591998.812500000	
2222	-594396.062500000	
2223	-565677.562500000	
2224	-598954.000000000	
2225	-601524.812500000	
2226	-571933.812500000	
2227	-606390.937500000	
2228	-609126.875000000	
2229	-611935.687500000	
2230	-581079.687500000	
2231	-617273.062500000	
2232	-620285.750000000	
2233	-623381.625000000	
2234	-591136.625000000	
2235	-629260.687500000	
2236	-632578.000000000	
2237	-635993.125000000	
2238	-602236.875000000	
2239	-642513.625000000	
2240	-646202.312500000	
2241	-611237.187500000	
2242	-653246.937500000	
2243	-657241.562500000	
2244	-661345.937500000	
2245	-624583.625000000	
2246	-669210.437500000	
2247	-673692.375000000	
2248	-678318.000000000	
2249	-639588.937500000	
2250	-687190.875000000	
2251	-692243.500000000	
2252	-697469.125000000	
2253	-656542.187500000	
2254	-707506.562500000	
2255	-713261.437500000	
2256	-670566.500000000	
2257	-724359.437500000	
2258	-730721.000000000	
2259	-737317.937500000	
2260	-691960.375000000	
2261	-750110.625000000	
2262	-757474.625000000	
2263	-765122.687500000	
2264	-716746.437500000	
2265	-780003.000000000	
2266	-788607.000000000	
2267	-797590.750000000	
2268	-745791.625000000	
2269	-815133.562500000	
2270	-825332.000000000	
2271	-770671.312500000	
2272	-845295.000000000	
2273	-856981.562500000	
2274	-869257.625000000	
2275	-810258.125000000	
2276	-893470.687500000	
2277	-907702.187500000	
2278	-922739.500000000	
2279	-858668.625000000	
2280	-952660.062500000	
2281	-970420.125000000	
2282	-989309.375000000	
2283	-919362.687500000	
2284	-1027266.125000000	
2285	-1050008.750000000	
2286	-975024.250000000	
2287	-1096156.000000000	
2288	-1124122.875000000	
2289	-1154340.125000000	
2290	-1071634.625000000	
2291	-1216613.250000000	
2292	-1254998.000000000	
2293	-1297057.500000000	
2294	-1205556.625000000	
2295	-1385636.500000000	
2296	-1441559.750000000	
2297	-1504092.250000000	
2298	-1403616.500000000	
2299	-1640146.875000000	
2300	-1729198.000000000	
2301	-1624204.000000000	
2302	-1929946.000000000	
2303	-2066811.750000000	
2304	-2230187.750000000	
2305	-2135694.500000000	
2306	-2629476.500000000	
2307	-2929566.000000000	
2308	-3322010.500000000	
2309	-3360241.000000000	
2310	-4478288.500000000	
2311	-5596365.000000000	
2312	-7552998.500000000	
2313	-10217774.000000000	
2314	-16777216.000000000	
2315	NaN	
