0	-16777216.000000000	
1	-16640341.000000000	
2	-16680614.000000000	
3	-16267030.000000000	
4	-16548943.000000000	
5	-16682631.000000000	
6	-16426328.000000000	
7	-16027675.000000000	
8	-16222037.000000000	
9	-16443711.000000000	
10	-16343312.000000000	
11	-16381937.000000000	
12	-16601700.000000000	
13	-16650029.000000000	
14	-16520282.000000000	
15	-16316190.000000000	
16	-16242006.000000000	
17	-16250914.000000000	
18	-16424578.000000000	
19	-16526484.000000000	
20	-16524333.000000000	
21	-16577879.000000000	
22	-16515460.000000000	
23	-16453787.000000000	
24	-16282432.000000000	
25	-16197936.000000000	
26	-16332504.000000000	
27	-16439986.000000000	
28	-16437561.000000000	
29	-16486752.000000000	
30	-16464251.000000000	
31	-16426308.000000000	
32	-16342476.000000000	
33	-16323986.000000000	
34	-16380441.000000000	
35	-16321894.000000000	
36	-16126151.000000000	
37	-16179408.000000000	
38	-16302645.000000000	
39	-16365950.000000000	
40	-16373426.000000000	
41	-16361859.000000000	
42	-16341171.000000000	
43	-16311509.000000000	
44	-16353072.000000000	
45	-16362815.000000000	
46	-16279801.000000000	
47	-16356642.000000000	
48	-16341031.000000000	
49	-16130068.000000000	
50	-16083898.000000000	
51	-16206209.000000000	
52	-16249809.000000000	
53	-16287315.000000000	
54	-16305540.000000000	
55	-16226452.000000000	
56	-16233552.000000000	
57	-16304575.000000000	
58	-16407719.000000000	
59	-16423367.000000000	
60	-16302991.000000000	
61	-16249434.000000000	
62	-16230564.000000000	
63	-16096420.000000000	
64	-16053853.000000000	
65	-16127524.000000000	
66	-16135733.000000000	
67	-16089519.000000000	
68	-16164178.000000000	
69	-16285696.000000000	
70	-16263709.000000000	
71	-16261466.000000000	
72	-16307084.000000000	
73	-16294625.000000000	
74	-16298584.000000000	
75	-16362842.000000000	
76	-16353845.000000000	
77	-16272068.000000000	
78	-16251351.000000000	
79	-16345073.000000000	
80	-16367750.000000000	
81	-16330469.000000000	
82	-16359268.000000000	
83	-16315221.000000000	
84	-16194531.000000000	
85	-16195637.000000000	
86	-16282581.000000000	
87	-16293763.000000000	
88	-16200011.000000000	
89	-16157601.000000000	
90	-16233013.000000000	
91	-16318864.000000000	
92	-16317757.000000000	
93	-16272622.000000000	
94	-16216502.000000000	
95	-16232310.000000000	
96	-16267464.000000000	
97	-16360276.000000000	
98	-16423974.000000000	
99	-16377333.000000000	
100	-16352652.000000000	
101	-16302292.000000000	
102	-16179224.000000000	
103	-16118547.000000000	
104	-16158512.000000000	
105	-16195859.000000000	
106	-16260695.000000000	
107	-16343270.000000000	
108	-16333924.000000000	
109	-16295633.000000000	
110	-16365570.000000000	
111	-16404964.000000000	
112	-16356782.000000000	
113	-16305879.000000000	
114	-16263171.000000000	
115	-16236671.000000000	
116	-16201430.000000000	
117	-16188848.000000000	
118	-16216066.000000000	
119	-16307258.000000000	
120	-16412342.000000000	
121	-16435472.000000000	
122	-16323993.000000000	
123	-16143465.000000000	
124	-16148964.000000000	
125	-16310287.000000000	
126	-16419229.000000000	
127	-16426851.000000000	
128	-16363476.000000000	
129	-16340961.000000000	
130	-16252392.000000000	
131	-16101170.000000000	
132	-16147840.000000000	
133	-16303542.000000000	
134	-16340421.000000000	
135	-16320323.000000000	
136	-16247232.000000000	
137	-16134620.000000000	
138	-16162592.000000000	
139	-16147720.000000000	
140	-16144290.000000000	
141	-16278621.000000000	
142	-16378725.000000000	
143	-16337817.000000000	
144	-16309447.000000000	
145	-16359966.000000000	
146	-16417338.000000000	
147	-16389999.000000000	
148	-16293918.000000000	
149	-16221541.000000000	
150	-16206679.000000000	
151	-16198200.000000000	
152	-16195633.000000000	
153	-16226726.000000000	
154	-16319947.000000000	
155	-16328698.000000000	
156	-16290332.000000000	
157	-16292914.000000000	
158	-16312345.000000000	
159	-16264251.000000000	
160	-16194483.000000000	
161	-16262259.000000000	
162	-16371124.000000000	
163	-16321528.000000000	
164	-16225493.000000000	
165	-16221557.000000000	
166	-16215537.000000000	
167	-16227894.000000000	
168	-16315171.000000000	
169	-16333155.000000000	
170	-16298646.000000000	
171	-16253116.000000000	
172	-16217194.000000000	
173	-16244046.000000000	
174	-16244843.000000000	
175	-16246939.000000000	
176	-16322450.000000000	
177	-16343757.000000000	
178	-16293049.000000000	
179	-16302571.000000000	
180	-16311787.000000000	
181	-16264480.000000000	
182	-16198064.000000000	
183	-16208764.000000000	
184	-16322051.000000000	
185	-16409738.000000000	
186	-16399466.000000000	
187	-16364201.000000000	
188	-16295361.000000000	
189	-16253220.000000000	
190	-16290500.000000000	
191	-16339636.000000000	
192	-16305025.000000000	
193	-16249764.000000000	
194	-16251906.000000000	
195	-16260284.000000000	
196	-16245564.000000000	
197	-16282748.000000000	
198	-16319356.000000000	
199	-16327233.000000000	
200	-16307287.000000000	
201	-16308829.000000000	
202	-16326879.000000000	
203	-16287025.000000000	
204	-16259565.000000000	
205	-16316247.000000000	
206	-16351909.000000000	
207	-16360384.000000000	
208	-16396758.000000000	
209	-16370982.000000000	
210	-16341544.000000000	
211	-16343170.000000000	
212	-16344555.000000000	
213	-16355317.000000000	
214	-16386504.000000000	
215	-16363439.000000000	
216	-16298826.000000000	
217	-16247612.000000000	
218	-16286258.000000000	
219	-16312491.000000000	
220	-16254469.000000000	
221	-16240436.000000000	
222	-16262845.000000000	
223	-16306829.000000000	
224	-16389550.000000000	
225	-16380322.000000000	
226	-16313984.000000000	
227	-16319137.000000000	
228	-16325671.000000000	
229	-16274274.000000000	
230	-16237662.000000000	
231	-16262959.000000000	
232	-16317432.000000000	
233	-16354648.000000000	
234	-16352890.000000000	
235	-16350472.000000000	
236	-16369645.000000000	
237	-16350209.000000000	
238	-16299694.000000000	
239	-16276270.000000000	
240	-16288229.000000000	
241	-16286187.000000000	
242	-16307980.000000000	
243	-16333673.000000000	
244	-16279371.000000000	
245	-16305596.000000000	
246	-16339369.000000000	
247	-16295096.000000000	
248	-16256831.000000000	
249	-16225284.000000000	
250	-16202733.000000000	
251	-16254459.000000000	
252	-16320176.000000000	
253	-16377046.000000000	
254	-16379929.000000000	
255	-16330906.000000000	
256	-16286776.000000000	
257	-16277442.000000000	
258	-16267093.000000000	
259	-16322410.000000000	
260	-16331213.000000000	
261	-16264496.000000000	
262	-16239169.000000000	
263	-16226395.000000000	
264	-16182872.000000000	
265	-16185229.000000000	
266	-16247000.000000000	
267	-16326989.000000000	
268	-16345858.000000000	
269	-16309369.000000000	
270	-16278795.000000000	
271	-16236107.000000000	
272	-16232044.000000000	
273	-16305646.000000000	
274	-16372602.000000000	
275	-16374665.000000000	
276	-16328555.000000000	
277	-16319199.000000000	
278	-16297100.000000000	
279	-16231854.000000000	
280	-16227489.000000000	
281	-16220070.000000000	
282	-16225412.000000000	
283	-16249517.000000000	
284	-16255999.000000000	
285	-16248202.000000000	
286	-16250838.000000000	
287	-16222081.000000000	
288	-16243695.000000000	
289	-16289404.000000000	
290	-16263972.000000000	
291	-16237569.000000000	
292	-16227636.000000000	
293	-16247050.000000000	
294	-16274105.000000000	
295	-16223751.000000000	
296	-16214880.000000000	
297	-16266643.000000000	
298	-16251527.000000000	
299	-16238432.000000000	
300	-16303753.000000000	
301	-16343074.000000000	
302	-16308472.000000000	
303	-16242440.000000000	
304	-16175109.000000000	
305	-16147168.000000000	
306	-16169101.000000000	
307	-16240315.000000000	
308	-16260925.000000000	
309	-16211415.000000000	
310	-16166066.000000000	
311	-16169748.000000000	
312	-16182842.000000000	
313	-16191353.000000000	
314	-16197431.000000000	
315	-16208227.000000000	
316	-16217741.000000000	
317	-16243246.000000000	
318	-16271234.000000000	
319	-16225457.000000000	
320	-16146350.000000000	
321	-16100998.000000000	
322	-16121909.000000000	
323	-16151562.000000000	
324	-16168070.000000000	
325	-16219619.000000000	
326	-16241298.000000000	
327	-16209296.000000000	
328	-16192098.000000000	
329	-16141532.000000000	
330	-16104248.000000000	
331	-16152466.000000000	
332	-16195735.000000000	
333	-16167096.000000000	
334	-16105990.000000000	
335	-16058721.000000000	
336	-16059453.000000000	
337	-16082662.000000000	
338	-16111890.000000000	
339	-16126694.000000000	
340	-16125335.000000000	
341	-16119610.000000000	
342	-16148535.000000000	
343	-16167765.000000000	
344	-16157053.000000000	
345	-16079802.000000000	
346	-15988710.000000000	
347	-15982133.000000000	
348	-15990671.000000000	
349	-16002412.000000000	
350	-16048606.000000000	
351	-16020495.000000000	
352	-15947763.000000000	
353	-15982572.000000000	
354	-15983516.000000000	
355	-15945711.000000000	
356	-15913481.000000000	
357	-15862416.000000000	
358	-15846847.000000000	
359	-15899668.000000000	
360	-15913152.000000000	
361	-15920240.000000000	
362	-15936917.000000000	
363	-15884016.000000000	
364	-15784606.000000000	
365	-15720463.000000000	
366	-15717539.000000000	
367	-15756934.000000000	
368	-15717389.000000000	
369	-15616116.000000000	
370	-15596624.000000000	
371	-15683738.000000000	
372	-15684716.000000000	
373	-15556007.000000000	
374	-15445375.000000000	
375	-15437470.000000000	
376	-15466130.000000000	
377	-15529546.000000000	
378	-15497001.000000000	
379	-15345199.000000000	
380	-15299547.000000000	
381	-15325605.000000000	
382	-15340401.000000000	
383	-15350891.000000000	
384	-15364582.000000000	
385	-15412469.000000000	
386	-15393360.000000000	
387	-15308657.000000000	
388	-15303786.000000000	
389	-15305615.000000000	
390	-15306153.000000000	
391	-15361542.000000000	
392	-15377281.000000000	
393	-15363885.000000000	
394	-15354011.000000000	
395	-15383186.000000000	
396	-15467382.000000000	
397	-15531114.000000000	
398	-15535810.000000000	
399	-15546618.000000000	
400	-15588692.000000000	
401	-15597433.000000000	
402	-15614607.000000000	
403	-15679796.000000000	
404	-15744409.000000000	
405	-15781876.000000000	
406	-15774424.000000000	
407	-15753087.000000000	
408	-15686812.000000000	
409	-15649279.000000000	
410	-15750142.000000000	
411	-15864136.000000000	
412	-15905555.000000000	
413	-15898731.000000000	
414	-15859101.000000000	
415	-15835038.000000000	
416	-15818405.000000000	
417	-15787775.000000000	
418	-15769890.000000000	
419	-15771046.000000000	
420	-15816572.000000000	
421	-15832876.000000000	
422	-15824045.000000000	
423	-15869742.000000000	
424	-15877257.000000000	
425	-15861291.000000000	
426	-15816573.000000000	
427	-15807439.000000000	
428	-15847579.000000000	
429	-15873724.000000000	
430	-15868530.000000000	
431	-15846643.000000000	
432	-15815238.000000000	
433	-15835615.000000000	
434	-15869498.000000000	
435	-15862122.000000000	
436	-15846632.000000000	
437	-15795016.000000000	
438	-15761393.000000000	
439	-15776237.000000000	
440	-15748731.000000000	
441	-15743993.000000000	
442	-15784020.000000000	
443	-15801514.000000000	
444	-15808216.000000000	
445	-15809995.000000000	
446	-15808453.000000000	
447	-15816209.000000000	
448	-15817957.000000000	
449	-15851806.000000000	
450	-15859091.000000000	
451	-15830973.000000000	
452	-15821803.000000000	
453	-15820858.000000000	
454	-15782049.000000000	
455	-15757898.000000000	
456	-15821258.000000000	
457	-15855699.000000000	
458	-15827885.000000000	
459	-15804036.000000000	
460	-15772491.000000000	
461	-15804520.000000000	
462	-15811306.000000000	
463	-15767325.000000000	
464	-15812976.000000000	
465	-15883120.000000000	
466	-15830723.000000000	
467	-15773677.000000000	
468	-15805809.000000000	
469	-15809062.000000000	
470	-15765113.000000000	
471	-15757696.000000000	
472	-15740066.000000000	
473	-15673581.000000000	
474	-15634837.000000000	
475	-15672417.000000000	
476	-15683171.000000000	
477	-15676221.000000000	
478	-15724069.000000000	
479	-15704567.000000000	
480	-15649266.000000000	
481	-15695217.000000000	
482	-15673346.000000000	
483	-15554262.000000000	
484	-15569455.000000000	
485	-15687671.000000000	
486	-15736390.000000000	
487	-15674315.000000000	
488	-15542148.000000000	
489	-15415505.000000000	
490	-15451854.000000000	
491	-15458175.000000000	
492	-15417738.000000000	
493	-15333001.000000000	
494	-15278334.000000000	
495	-15229433.000000000	
496	-15149781.000000000	
497	-15111052.000000000	
498	-15039543.000000000	
499	-14897585.000000000	
500	-14811275.000000000	
501	-14761870.000000000	
502	-14622904.000000000	
503	-14510907.000000000	
504	-14494435.000000000	
505	-14385197.000000000	
506	-14195978.000000000	
507	-14101771.000000000	
508	-14036164.000000000	
509	-13945531.000000000	
510	-13909177.000000000	
511	-13913009.000000000	
512	-13855336.000000000	
513	-13736430.000000000	
514	-13672092.000000000	
515	-13761354.000000000	
516	-13884995.000000000	
517	-13908065.000000000	
518	-13909819.000000000	
519	-13981253.000000000	
520	-14058604.000000000	
521	-14090335.000000000	
522	-14169608.000000000	
523	-14256400.000000000	
524	-14273003.000000000	
525	-14309141.000000000	
526	-14430344.000000000	
527	-14623740.000000000	
528	-14792160.000000000	
529	-14927594.000000000	
530	-15048039.000000000	
531	-15086182.000000000	
532	-15110022.000000000	
533	-15195471.000000000	
534	-15267707.000000000	
535	-15285162.000000000	
536	-15280304.000000000	
537	-15287471.000000000	
538	-15280222.000000000	
539	-15252102.000000000	
540	-15215437.000000000	
541	-15206159.000000000	
542	-15250114.000000000	
543	-15287502.000000000	
544	-15248545.000000000	
545	-15287586.000000000	
546	-15353535.000000000	
547	-15365647.000000000	
548	-15388572.000000000	
549	-15407658.000000000	
550	-15422681.000000000	
551	-15391284.000000000	
552	-15349511.000000000	
553	-15372851.000000000	
554	-15375847.000000000	
555	-15406903.000000000	
556	-15416708.000000000	
557	-15390672.000000000	
558	-15360338.000000000	
559	-15319130.000000000	
560	-15284905.000000000	
561	-15273333.000000000	
562	-15312760.000000000	
563	-15303161.000000000	
564	-15206095.000000000	
565	-15112411.000000000	
566	-15107502.000000000	
567	-15166451.000000000	
568	-15261338.000000000	
569	-15258651.000000000	
570	-15160356.000000000	
571	-15108217.000000000	
572	-15135568.000000000	
573	-15146923.000000000	
574	-15169790.000000000	
575	-15238617.000000000	
576	-15248430.000000000	
577	-15221341.000000000	
578	-15214850.000000000	
579	-15239466.000000000	
580	-15309267.000000000	
581	-15336355.000000000	
582	-15345241.000000000	
583	-15339017.000000000	
584	-15266692.000000000	
585	-15199578.000000000	
586	-15253814.000000000	
587	-15349026.000000000	
588	-15311518.000000000	
589	-15230209.000000000	
590	-15248941.000000000	
591	-15295655.000000000	
592	-15213831.000000000	
593	-15071321.000000000	
594	-15054417.000000000	
595	-15148235.000000000	
596	-15136342.000000000	
597	-15081782.000000000	
598	-15051229.000000000	
599	-14918151.000000000	
600	-14762410.000000000	
601	-14690444.000000000	
602	-14661617.000000000	
603	-14654690.000000000	
604	-14610913.000000000	
605	-14504208.000000000	
606	-14332263.000000000	
607	-14169370.000000000	
608	-14023827.000000000	
609	-13833446.000000000	
610	-13593024.000000000	
611	-13346061.000000000	
612	-13126246.000000000	
613	-13038187.000000000	
614	-12947058.000000000	
615	-12736706.000000000	
616	-12469580.000000000	
617	-12309626.000000000	
618	-12237942.000000000	
619	-12163485.000000000	
620	-12110834.000000000	
621	-12068128.000000000	
622	-12019319.000000000	
623	-12111902.000000000	
624	-12334153.000000000	
625	-12535501.000000000	
626	-12589690.000000000	
627	-12691625.000000000	
628	-12985890.000000000	
629	-13259679.000000000	
630	-13445197.000000000	
631	-13664281.000000000	
632	-13859867.000000000	
633	-14064452.000000000	
634	-14274786.000000000	
635	-14416003.000000000	
636	-14512173.000000000	
637	-14592007.000000000	
638	-14613171.000000000	
639	-14634041.000000000	
640	-14710822.000000000	
641	-14726007.000000000	
642	-14750370.000000000	
643	-14758182.000000000	
644	-14680208.000000000	
645	-14716893.000000000	
646	-14854195.000000000	
647	-14945418.000000000	
648	-15005137.000000000	
649	-15110356.000000000	
650	-15151232.000000000	
651	-15076792.000000000	
652	-15055367.000000000	
653	-15058601.000000000	
654	-15051306.000000000	
655	-15080057.000000000	
656	-15121396.000000000	
657	-15078559.000000000	
658	-14999762.000000000	
659	-15039792.000000000	
660	-15036773.000000000	
661	-14945484.000000000	
662	-14955160.000000000	
663	-15013065.000000000	
664	-15037269.000000000	
665	-15045981.000000000	
666	-14993022.000000000	
667	-14984875.000000000	
668	-15048492.000000000	
669	-15070296.000000000	
670	-15064891.000000000	
671	-15083881.000000000	
672	-15119536.000000000	
673	-15106971.000000000	
674	-15015925.000000000	
675	-14932742.000000000	
676	-14922543.000000000	
677	-14961793.000000000	
678	-14942991.000000000	
679	-14895882.000000000	
680	-14868878.000000000	
681	-14815418.000000000	
682	-14699370.000000000	
683	-14600341.000000000	
684	-14534716.000000000	
685	-14418651.000000000	
686	-14269450.000000000	
687	-14135702.000000000	
688	-14004205.000000000	
689	-13855254.000000000	
690	-13559112.000000000	
691	-13240507.000000000	
692	-13085837.000000000	
693	-12904428.000000000	
694	-12611263.000000000	
695	-12325751.000000000	
696	-12077817.000000000	
697	-11848567.000000000	
698	-11589028.000000000	
699	-11380945.000000000	
700	-11270731.000000000	
701	-11206003.000000000	
702	-11210872.000000000	
703	-11274320.000000000	
704	-11374417.000000000	
705	-11531558.000000000	
706	-11727016.000000000	
707	-12014159.000000000	
708	-12338724.000000000	
709	-12611660.000000000	
710	-12903882.000000000	
711	-13247691.000000000	
712	-13552881.000000000	
713	-13800258.000000000	
714	-13950359.000000000	
715	-14100123.000000000	
716	-14286275.000000000	
717	-14379797.000000000	
718	-14348095.000000000	
719	-14330893.000000000	
720	-14372883.000000000	
721	-14440166.000000000	
722	-14450368.000000000	
723	-14434187.000000000	
724	-14492676.000000000	
725	-14503645.000000000	
726	-14462550.000000000	
727	-14472881.000000000	
728	-14552750.000000000	
729	-14559654.000000000	
730	-14498360.000000000	
731	-14435006.000000000	
732	-14390373.000000000	
733	-14350642.000000000	
734	-14301624.000000000	
735	-14287247.000000000	
736	-14234377.000000000	
737	-14165215.000000000	
738	-14190471.000000000	
739	-14244501.000000000	
740	-14197096.000000000	
741	-14143753.000000000	
742	-14164439.000000000	
743	-14262890.000000000	
744	-14330769.000000000	
745	-14313491.000000000	
746	-14390105.000000000	
747	-14446471.000000000	
748	-14404487.000000000	
749	-14468877.000000000	
750	-14550195.000000000	
751	-14541834.000000000	
752	-14551182.000000000	
753	-14578439.000000000	
754	-14618291.000000000	
755	-14598197.000000000	
756	-14517694.000000000	
757	-14449769.000000000	
758	-14447883.000000000	
759	-14494424.000000000	
760	-14469134.000000000	
761	-14297867.000000000	
762	-14149260.000000000	
763	-14106459.000000000	
764	-14023515.000000000	
765	-13866605.000000000	
766	-13673927.000000000	
767	-13453974.000000000	
768	-13205270.000000000	
769	-12843324.000000000	
770	-12439405.000000000	
771	-12110537.000000000	
772	-11820874.000000000	
773	-11517773.000000000	
774	-11194748.000000000	
775	-10833359.000000000	
776	-10401063.000000000	
777	-10098429.000000000	
778	-10030330.000000000	
779	-10123979.000000000	
780	-10170353.000000000	
781	-10236016.000000000	
782	-10407840.000000000	
783	-10646602.000000000	
784	-11008456.000000000	
785	-11541794.000000000	
786	-12039921.000000000	
787	-12423110.000000000	
788	-12757536.000000000	
789	-13090717.000000000	
790	-13409048.000000000	
791	-13630571.000000000	
792	-13790014.000000000	
793	-13879913.000000000	
794	-13902875.000000000	
795	-13982745.000000000	
796	-14113682.000000000	
797	-14147638.000000000	
798	-14162831.000000000	
799	-14217234.000000000	
800	-14262892.000000000	
801	-14250302.000000000	
802	-14245006.000000000	
803	-14326700.000000000	
804	-14422108.000000000	
805	-14434285.000000000	
806	-14453308.000000000	
807	-14510903.000000000	
808	-14510816.000000000	
809	-14534757.000000000	
810	-14587711.000000000	
811	-14516376.000000000	
812	-14438034.000000000	
813	-14496186.000000000	
814	-14582970.000000000	
815	-14598071.000000000	
816	-14620086.000000000	
817	-14680114.000000000	
818	-14665139.000000000	
819	-14557411.000000000	
820	-14463716.000000000	
821	-14431410.000000000	
822	-14401404.000000000	
823	-14332645.000000000	
824	-14241182.000000000	
825	-14221159.000000000	
826	-14205623.000000000	
827	-14070334.000000000	
828	-13925236.000000000	
829	-13780243.000000000	
830	-13592894.000000000	
831	-13355381.000000000	
832	-13114271.000000000	
833	-12865053.000000000	
834	-12472983.000000000	
835	-11995921.000000000	
836	-11601270.000000000	
837	-11199952.000000000	
838	-10814674.000000000	
839	-10398494.000000000	
840	-9986246.000000000	
841	-9644196.000000000	
842	-9418879.000000000	
843	-9331924.000000000	
844	-9369214.000000000	
845	-9527593.000000000	
846	-9813112.000000000	
847	-10190230.000000000	
848	-10623935.000000000	
849	-10993144.000000000	
850	-11455269.000000000	
851	-12010175.000000000	
852	-12443621.000000000	
853	-12755695.000000000	
854	-12969065.000000000	
855	-13184054.000000000	
856	-13425679.000000000	
857	-13552231.000000000	
858	-13612687.000000000	
859	-13710865.000000000	
860	-13747998.000000000	
861	-13717438.000000000	
862	-13672682.000000000	
863	-13713472.000000000	
864	-13799097.000000000	
865	-13830802.000000000	
866	-13819286.000000000	
867	-13837377.000000000	
868	-13768685.000000000	
869	-13702036.000000000	
870	-13665554.000000000	
871	-13557381.000000000	
872	-13433399.000000000	
873	-13383999.000000000	
874	-13386817.000000000	
875	-13425598.000000000	
876	-13436953.000000000	
877	-13355379.000000000	
878	-13294311.000000000	
879	-13336204.000000000	
880	-13435456.000000000	
881	-13542728.000000000	
882	-13663558.000000000	
883	-13763551.000000000	
884	-13839453.000000000	
885	-13879017.000000000	
886	-13894076.000000000	
887	-13894876.000000000	
888	-13867235.000000000	
889	-13788776.000000000	
890	-13741033.000000000	
891	-13699345.000000000	
892	-13566875.000000000	
893	-13435724.000000000	
894	-13247219.000000000	
895	-12966043.000000000	
896	-12701939.000000000	
897	-12487885.000000000	
898	-12148600.000000000	
899	-11754278.000000000	
900	-11257167.000000000	
901	-10740642.000000000	
902	-10317988.000000000	
903	-9878781.000000000	
904	-9367679.000000000	
905	-8906707.000000000	
906	-8617850.000000000	
907	-8548346.000000000	
908	-8527646.000000000	
909	-8669305.000000000	
910	-9055098.000000000	
911	-9564707.000000000	
912	-10090365.000000000	
913	-10642343.000000000	
914	-11160866.000000000	
915	-11651359.000000000	
916	-12151201.000000000	
917	-12559645.000000000	
918	-12825453.000000000	
919	-13012720.000000000	
920	-13134959.000000000	
921	-13203094.000000000	
922	-13285692.000000000	
923	-13363850.000000000	
924	-13394400.000000000	
925	-13444968.000000000	
926	-13648867.000000000	
927	-13827678.000000000	
928	-13874364.000000000	
929	-13897827.000000000	
930	-13962306.000000000	
931	-13952322.000000000	
932	-13929283.000000000	
933	-13976002.000000000	
934	-13962007.000000000	
935	-13893224.000000000	
936	-13903803.000000000	
937	-13952143.000000000	
938	-13976588.000000000	
939	-14022268.000000000	
940	-14016427.000000000	
941	-13974451.000000000	
942	-13921288.000000000	
943	-13862367.000000000	
944	-13822384.000000000	
945	-13793635.000000000	
946	-13662319.000000000	
947	-13504881.000000000	
948	-13408962.000000000	
949	-13213975.000000000	
950	-12927428.000000000	
951	-12642210.000000000	
952	-12253223.000000000	
953	-11805688.000000000	
954	-11380561.000000000	
955	-10889085.000000000	
956	-10243409.000000000	
957	-9684562.000000000	
958	-9214375.000000000	
959	-8788691.000000000	
960	-8413524.000000000	
961	-8102612.500000000	
962	-7873492.000000000	
963	-7920978.500000000	
964	-8263804.000000000	
965	-8745298.000000000	
966	-9281277.000000000	
967	-9942271.000000000	
968	-10593530.000000000	
969	-11182798.000000000	
970	-11715489.000000000	
971	-12184606.000000000	
972	-12512841.000000000	
973	-12729976.000000000	
974	-12911011.000000000	
975	-13011578.000000000	
976	-13048095.000000000	
977	-13125234.000000000	
978	-13246442.000000000	
979	-13316038.000000000	
980	-13267485.000000000	
981	-13228779.000000000	
982	-13252806.000000000	
983	-13231514.000000000	
984	-13113282.000000000	
985	-12959369.000000000	
986	-12878385.000000000	
987	-12859358.000000000	
988	-12860140.000000000	
989	-12747929.000000000	
990	-12634480.000000000	
991	-12585623.000000000	
992	-12555071.000000000	
993	-12700789.000000000	
994	-12932131.000000000	
995	-13113243.000000000	
996	-13278832.000000000	
997	-13349356.000000000	
998	-13324306.000000000	
999	-13290424.000000000	
1000	-13278462.000000000	
1001	-13171503.000000000	
1002	-13067538.000000000	
1003	-12931084.000000000	
1004	-12817773.000000000	
1005	-12759541.000000000	
1006	-12536262.000000000	
1007	-12155379.000000000	
1008	-11835724.000000000	
1009	-11512399.000000000	
1010	-11022070.000000000	
1011	-10434850.000000000	
1012	-9854713.000000000	
1013	-9159081.000000000	
1014	-8477310.000000000	
1015	-7959379.500000000	
1016	-7582845.500000000	
1017	-7358291.000000000	
1018	-7315964.000000000	
1019	-7437309.000000000	
1020	-7740671.000000000	
1021	-8250451.000000000	
1022	-9018111.000000000	
1023	-9816570.000000000	
1024	-10527484.000000000	
1025	-11091406.000000000	
1026	-11624482.000000000	
1027	-12055538.000000000	
1028	-12269043.000000000	
1029	-12419616.000000000	
1030	-12536691.000000000	
1031	-12555809.000000000	
1032	-12645489.000000000	
1033	-12850545.000000000	
1034	-13029663.000000000	
1035	-13134877.000000000	
1036	-13258180.000000000	
1037	-13413018.000000000	
1038	-13464431.000000000	
1039	-13466056.000000000	
1040	-13492590.000000000	
1041	-13507314.000000000	
1042	-13494211.000000000	
1043	-13543398.000000000	
1044	-13509861.000000000	
1045	-13450480.000000000	
1046	-13466094.000000000	
1047	-13434777.000000000	
1048	-13359388.000000000	
1049	-13303924.000000000	
1050	-13269664.000000000	
1051	-13236195.000000000	
1052	-13112461.000000000	
1053	-12977641.000000000	
1054	-12769346.000000000	
1055	-12456858.000000000	
1056	-12124062.000000000	
1057	-11705080.000000000	
1058	-11139451.000000000	
1059	-10506665.000000000	
1060	-9914789.000000000	
1061	-9283665.000000000	
1062	-8509224.000000000	
1063	-7834787.000000000	
1064	-7240227.000000000	
1065	-6826579.500000000	
1066	-6717854.500000000	
1067	-6913189.500000000	
1068	-7241556.500000000	
1069	-7778047.000000000	
1070	-8453075.000000000	
1071	-9194623.000000000	
1072	-10041596.000000000	
1073	-10807242.000000000	
1074	-11315527.000000000	
1075	-11632163.000000000	
1076	-11844086.000000000	
1077	-11989185.000000000	
1078	-12135835.000000000	
1079	-12217507.000000000	
1080	-12350196.000000000	
1081	-12534851.000000000	
1082	-12591304.000000000	
1083	-12607860.000000000	
1084	-12598393.000000000	
1085	-12524581.000000000	
1086	-12418040.000000000	
1087	-12276769.000000000	
1088	-12162250.000000000	
1089	-12126672.000000000	
1090	-12110580.000000000	
1091	-12044022.000000000	
1092	-11988893.000000000	
1093	-12090263.000000000	
1094	-12290620.000000000	
1095	-12431818.000000000	
1096	-12526200.000000000	
1097	-12621305.000000000	
1098	-12714022.000000000	
1099	-12797601.000000000	
1100	-12791581.000000000	
1101	-12652999.000000000	
1102	-12510918.000000000	
1103	-12427761.000000000	
1104	-12287011.000000000	
1105	-12018553.000000000	
1106	-11717881.000000000	
1107	-11353079.000000000	
1108	-10930726.000000000	
1109	-10400336.000000000	
1110	-9650941.000000000	
1111	-8895231.000000000	
1112	-8189011.000000000	
1113	-7482538.000000000	
1114	-6884479.000000000	
1115	-6550954.000000000	
1116	-6412842.000000000	
1117	-6402984.500000000	
1118	-6733566.500000000	
1119	-7446697.000000000	
1120	-8201937.500000000	
1121	-9031549.000000000	
1122	-9916669.000000000	
1123	-10636582.000000000	
1124	-11067082.000000000	
1125	-11383108.000000000	
1126	-11629598.000000000	
1127	-11795828.000000000	
1128	-11915895.000000000	
1129	-12130552.000000000	
1130	-12325751.000000000	
1131	-12490149.000000000	
1132	-12634401.000000000	
1133	-12689354.000000000	
1134	-12730829.000000000	
1135	-12829722.000000000	
1136	-12863735.000000000	
1137	-12889541.000000000	
1138	-12896709.000000000	
1139	-12874911.000000000	
1140	-12901442.000000000	
1141	-12931136.000000000	
1142	-12888844.000000000	
1143	-12787771.000000000	
1144	-12681848.000000000	
1145	-12634947.000000000	
1146	-12538905.000000000	
1147	-12385816.000000000	
1148	-12240076.000000000	
1149	-12008780.000000000	
1150	-11702727.000000000	
1151	-11256781.000000000	
1152	-10682579.000000000	
1153	-10008446.000000000	
1154	-9270909.000000000	
1155	-8522068.000000000	
1156	-7713486.000000000	
1157	-6952911.000000000	
1158	-6358186.000000000	
1159	-6008530.000000000	
1160	-5931045.500000000	
1161	-6184958.000000000	
1162	-6773119.000000000	
1163	-7546878.500000000	
1164	-8402813.000000000	
1165	-9262631.000000000	
1166	-10034126.000000000	
1167	-10541903.000000000	
1168	-10884136.000000000	
1169	-11204602.000000000	
1170	-11480608.000000000	
1171	-11635617.000000000	
1172	-11766558.000000000	
1173	-11969526.000000000	
1174	-12139938.000000000	
1175	-12126373.000000000	
1176	-12004003.000000000	
1177	-11919053.000000000	
1178	-11866442.000000000	
1179	-11791471.000000000	
1180	-11689037.000000000	
1181	-11620807.000000000	
1182	-11574264.000000000	
1183	-11519313.000000000	
1184	-11522383.000000000	
1185	-11647395.000000000	
1186	-11805899.000000000	
1187	-11977581.000000000	
1188	-12172694.000000000	
1189	-12267586.000000000	
1190	-12183114.000000000	
1191	-12069029.000000000	
1192	-11999008.000000000	
1193	-11840888.000000000	
1194	-11636049.000000000	
1195	-11351718.000000000	
1196	-10989904.000000000	
1197	-10577533.000000000	
1198	-10042533.000000000	
1199	-9332008.000000000	
1200	-8515241.000000000	
1201	-7642025.000000000	
1202	-6842837.000000000	
1203	-6227966.000000000	
1204	-5756371.000000000	
1205	-5485268.000000000	
1206	-5516412.500000000	
1207	-5862092.500000000	
1208	-6500472.500000000	
1209	-7338836.500000000	
1210	-8224212.500000000	
1211	-9043620.000000000	
1212	-9737720.000000000	
1213	-10304676.000000000	
1214	-10783607.000000000	
1215	-11097168.000000000	
1216	-11291378.000000000	
1217	-11465068.000000000	
1218	-11666325.000000000	
1219	-11809783.000000000	
1220	-11905828.000000000	
1221	-12051320.000000000	
1222	-12229793.000000000	
1223	-12394912.000000000	
1224	-12436943.000000000	
1225	-12408867.000000000	
1226	-12415645.000000000	
1227	-12384112.000000000	
1228	-12341702.000000000	
1229	-12361847.000000000	
1230	-12389281.000000000	
1231	-12295248.000000000	
1232	-12144585.000000000	
1233	-11973881.000000000	
1234	-11718011.000000000	
1235	-11410296.000000000	
1236	-11121531.000000000	
1237	-10766033.000000000	
1238	-10198911.000000000	
1239	-9440508.000000000	
1240	-8606800.000000000	
1241	-7766864.500000000	
1242	-6957268.500000000	
1243	-6160507.500000000	
1244	-5442512.500000000	
1245	-4924073.500000000	
1246	-4825033.000000000	
1247	-5185517.500000000	
1248	-5855566.500000000	
1249	-6705278.500000000	
1250	-7685075.500000000	
1251	-8647421.000000000	
1252	-9472978.000000000	
1253	-10102308.000000000	
1254	-10464247.000000000	
1255	-10667941.000000000	
1256	-10839676.000000000	
1257	-10972072.000000000	
1258	-11097469.000000000	
1259	-11213309.000000000	
1260	-11315495.000000000	
1261	-11340110.000000000	
1262	-11299789.000000000	
1263	-11243726.000000000	
1264	-11145553.000000000	
1265	-11061927.000000000	
1266	-10928337.000000000	
1267	-10811473.000000000	
1268	-10863955.000000000	
1269	-11012305.000000000	
1270	-11122252.000000000	
1271	-11217480.000000000	
1272	-11373179.000000000	
1273	-11479034.000000000	
1274	-11529592.000000000	
1275	-11480059.000000000	
1276	-11269023.000000000	
1277	-10993315.000000000	
1278	-10689278.000000000	
1279	-10267306.000000000	
1280	-9794857.000000000	
1281	-9266044.000000000	
1282	-8617638.000000000	
1283	-7886505.000000000	
1284	-7052116.000000000	
1285	-6261162.000000000	
1286	-5683924.500000000	
1287	-5177983.500000000	
1288	-4943615.500000000	
1289	-5176234.000000000	
1290	-5707434.000000000	
1291	-6448979.000000000	
1292	-7382013.500000000	
1293	-8315092.500000000	
1294	-9190314.000000000	
1295	-9849930.000000000	
1296	-10232308.000000000	
1297	-10553083.000000000	
1298	-10857894.000000000	
1299	-11097510.000000000	
1300	-11301541.000000000	
1301	-11507876.000000000	
1302	-11665275.000000000	
1303	-11802279.000000000	
1304	-11893243.000000000	
1305	-11957158.000000000	
1306	-11945547.000000000	
1307	-11919605.000000000	
1308	-11956259.000000000	
1309	-11965521.000000000	
1310	-11878348.000000000	
1311	-11751154.000000000	
1312	-11600119.000000000	
1313	-11443282.000000000	
1314	-11263176.000000000	
1315	-11030770.000000000	
1316	-10699295.000000000	
1317	-10242424.000000000	
1318	-9598206.000000000	
1319	-8853033.000000000	
1320	-8028329.500000000	
1321	-7141887.500000000	
1322	-6321919.500000000	
1323	-5565225.000000000	
1324	-4895017.000000000	
1325	-4493480.000000000	
1326	-4511442.500000000	
1327	-4880895.000000000	
1328	-5528660.000000000	
1329	-6415828.500000000	
1330	-7432190.500000000	
1331	-8372435.000000000	
1332	-9157502.000000000	
1333	-9747113.000000000	
1334	-10136231.000000000	
1335	-10379900.000000000	
1336	-10560163.000000000	
1337	-10747166.000000000	
1338	-10894584.000000000	
1339	-10894973.000000000	
1340	-10880758.000000000	
1341	-10851359.000000000	
1342	-10721484.000000000	
1343	-10569805.000000000	
1344	-10550000.000000000	
1345	-10581450.000000000	
1346	-10612603.000000000	
1347	-10721317.000000000	
1348	-10842748.000000000	
1349	-10923769.000000000	
1350	-10952185.000000000	
1351	-10964645.000000000	
1352	-10958161.000000000	
1353	-10882722.000000000	
1354	-10702970.000000000	
1355	-10377938.000000000	
1356	-9920379.000000000	
1357	-9488338.000000000	
1358	-9039014.000000000	
1359	-8378700.000000000	
1360	-7562358.500000000	
1361	-6785191.500000000	
1362	-6072361.000000000	
1363	-5412906.000000000	
1364	-4915795.000000000	
1365	-4782207.500000000	
1366	-4994899.000000000	
1367	-5442515.500000000	
1368	-6105982.000000000	
1369	-6997797.000000000	
1370	-8056060.000000000	
1371	-8974120.000000000	
1372	-9622056.000000000	
1373	-10126243.000000000	
1374	-10559356.000000000	
1375	-10815185.000000000	
1376	-11007565.000000000	
1377	-11149860.000000000	
1378	-11283527.000000000	
1379	-11439133.000000000	
1380	-11593333.000000000	
1381	-11596236.000000000	
1382	-11496523.000000000	
1383	-11566277.000000000	
1384	-11676911.000000000	
1385	-11638305.000000000	
1386	-11498748.000000000	
1387	-11377104.000000000	
1388	-11227162.000000000	
1389	-11046465.000000000	
1390	-10775117.000000000	
1391	-10379302.000000000	
1392	-9846227.000000000	
1393	-9209126.000000000	
1394	-8546815.000000000	
1395	-7802154.000000000	
1396	-6941693.000000000	
1397	-6101375.000000000	
1398	-5359955.500000000	
1399	-4774868.500000000	
1400	-4535550.000000000	
1401	-4640298.000000000	
1402	-5060435.000000000	
1403	-5780137.000000000	
1404	-6673619.500000000	
1405	-7603025.500000000	
1406	-8510793.000000000	
1407	-9326666.000000000	
1408	-9958475.000000000	
1409	-10268752.000000000	
1410	-10442579.000000000	
1411	-10585466.000000000	
1412	-10691323.000000000	
1413	-10830415.000000000	
1414	-10844876.000000000	
1415	-10714743.000000000	
1416	-10591908.000000000	
1417	-10515536.000000000	
1418	-10409591.000000000	
1419	-10388089.000000000	
1420	-10522877.000000000	
1421	-10615248.000000000	
1422	-10581757.000000000	
1423	-10616191.000000000	
1424	-10697727.000000000	
1425	-10630015.000000000	
1426	-10467707.000000000	
1427	-10372984.000000000	
1428	-10192552.000000000	
1429	-9749457.000000000	
1430	-9186557.000000000	
1431	-8661203.000000000	
1432	-7976062.500000000	
1433	-7171235.500000000	
1434	-6485030.500000000	
1435	-5865042.500000000	
1436	-5358672.500000000	
1437	-5124347.500000000	
1438	-5196284.500000000	
1439	-5458856.000000000	
1440	-5952081.500000000	
1441	-6797097.000000000	
1442	-7725393.000000000	
1443	-8613155.000000000	
1444	-9416014.000000000	
1445	-10016718.000000000	
1446	-10366582.000000000	
1447	-10616863.000000000	
1448	-10846542.000000000	
1449	-11045063.000000000	
1450	-11179165.000000000	
1451	-11271584.000000000	
1452	-11333832.000000000	
1453	-11389388.000000000	
1454	-11392547.000000000	
1455	-11313652.000000000	
1456	-11264840.000000000	
1457	-11240012.000000000	
1458	-11109323.000000000	
1459	-10897011.000000000	
1460	-10677240.000000000	
1461	-10362280.000000000	
1462	-9954855.000000000	
1463	-9602169.000000000	
1464	-9202508.000000000	
1465	-8548255.000000000	
1466	-7828985.000000000	
1467	-7157588.500000000	
1468	-6511015.500000000	
1469	-5963815.500000000	
1470	-5635199.000000000	
1471	-5582845.000000000	
1472	-5729364.500000000	
1473	-6207444.500000000	
1474	-6952829.000000000	
1475	-7866059.000000000	
1476	-8811636.000000000	
1477	-9650850.000000000	
1478	-10244600.000000000	
1479	-10636023.000000000	
1480	-10848250.000000000	
1481	-10966823.000000000	
1482	-11090558.000000000	
1483	-11146450.000000000	
1484	-11087055.000000000	
1485	-11023949.000000000	
1486	-11024505.000000000	
1487	-10978554.000000000	
1488	-10931362.000000000	
1489	-10941599.000000000	
1490	-11014338.000000000	
1491	-11138040.000000000	
1492	-11144400.000000000	
1493	-11067088.000000000	
1494	-11046695.000000000	
1495	-11062476.000000000	
1496	-11011064.000000000	
1497	-10811423.000000000	
1498	-10455116.000000000	
1499	-10034302.000000000	
1500	-9621242.000000000	
1501	-9198708.000000000	
1502	-8697078.000000000	
1503	-8322896.500000000	
1504	-8046455.500000000	
1505	-7744547.000000000	
1506	-7568545.500000000	
1507	-7562701.500000000	
1508	-7782388.000000000	
1509	-8256590.500000000	
1510	-8912079.000000000	
1511	-9648673.000000000	
1512	-10384336.000000000	
1513	-10927949.000000000	
1514	-11258660.000000000	
1515	-11514355.000000000	
1516	-11746933.000000000	
1517	-11920076.000000000	
1518	-11997601.000000000	
1519	-12036807.000000000	
1520	-12037069.000000000	
1521	-12027426.000000000	
1522	-11950367.000000000	
1523	-11903947.000000000	
1524	-11812976.000000000	
1525	-11719117.000000000	
1526	-11688141.000000000	
1527	-11607708.000000000	
1528	-11446474.000000000	
1529	-11226019.000000000	
1530	-10864210.000000000	
1531	-10413523.000000000	
1532	-9963943.000000000	
1533	-9517512.000000000	
1534	-9070705.000000000	
1535	-8610712.000000000	
1536	-8187554.500000000	
1537	-7848233.500000000	
1538	-7642576.500000000	
1539	-7687675.500000000	
1540	-8015699.500000000	
1541	-8511688.000000000	
1542	-9136671.000000000	
1543	-9897672.000000000	
1544	-10539846.000000000	
1545	-10949070.000000000	
1546	-11233309.000000000	
1547	-11445960.000000000	
1548	-11615265.000000000	
1549	-11554164.000000000	
1550	-11380597.000000000	
1551	-11400009.000000000	
1552	-11490296.000000000	
1553	-11468408.000000000	
1554	-11459696.000000000	
1555	-11489180.000000000	
1556	-11475274.000000000	
1557	-11444599.000000000	
1558	-11388880.000000000	
1559	-11279780.000000000	
1560	-11281402.000000000	
1561	-11311781.000000000	
1562	-11261051.000000000	
1563	-11226407.000000000	
1564	-11107403.000000000	
1565	-10870223.000000000	
1566	-10552105.000000000	
1567	-10259240.000000000	
1568	-9992657.000000000	
1569	-9670952.000000000	
1570	-9408670.000000000	
1571	-9254896.000000000	
1572	-9222050.000000000	
1573	-9379319.000000000	
1574	-9685405.000000000	
1575	-10057073.000000000	
1576	-10444441.000000000	
1577	-10891981.000000000	
1578	-11329828.000000000	
1579	-11629216.000000000	
1580	-11834298.000000000	
1581	-11975781.000000000	
1582	-12031564.000000000	
1583	-12067316.000000000	
1584	-12203504.000000000	
1585	-12314481.000000000	
1586	-12309072.000000000	
1587	-12259619.000000000	
1588	-12160032.000000000	
1589	-12059727.000000000	
1590	-11961764.000000000	
1591	-11795189.000000000	
1592	-11600804.000000000	
1593	-11486547.000000000	
1594	-11387642.000000000	
1595	-11115171.000000000	
1596	-10854861.000000000	
1597	-10581710.000000000	
1598	-10212051.000000000	
1599	-9889320.000000000	
1600	-9593127.000000000	
1601	-9327614.000000000	
1602	-9219453.000000000	
1603	-9159833.000000000	
1604	-9221914.000000000	
1605	-9553047.000000000	
1606	-10051308.000000000	
1607	-10552306.000000000	
1608	-11053128.000000000	
1609	-11472751.000000000	
1610	-11687324.000000000	
1611	-11731189.000000000	
1612	-11794973.000000000	
1613	-11808922.000000000	
1614	-11789684.000000000	
1615	-11783504.000000000	
1616	-11713315.000000000	
1617	-11664115.000000000	
1618	-11692747.000000000	
1619	-11637114.000000000	
1620	-11556852.000000000	
1621	-11561038.000000000	
1622	-11587235.000000000	
1623	-11576441.000000000	
1624	-11517605.000000000	
1625	-11395917.000000000	
1626	-11295306.000000000	
1627	-11224306.000000000	
1628	-11122424.000000000	
1629	-10956319.000000000	
1630	-10797127.000000000	
1631	-10551540.000000000	
1632	-10277196.000000000	
1633	-10054780.000000000	
1634	-9877802.000000000	
1635	-9781246.000000000	
1636	-9851771.000000000	
1637	-10009597.000000000	
1638	-10194767.000000000	
1639	-10462756.000000000	
1640	-10840355.000000000	
1641	-11250716.000000000	
1642	-11449117.000000000	
1643	-11588476.000000000	
1644	-11643384.000000000	
1645	-11608182.000000000	
1646	-11577976.000000000	
1647	-11572729.000000000	
1648	-11543066.000000000	
1649	-11584113.000000000	
1650	-11561933.000000000	
1651	-11476302.000000000	
1652	-11382434.000000000	
1653	-11247644.000000000	
1654	-11135297.000000000	
1655	-11072760.000000000	
1656	-10843687.000000000	
1657	-10541222.000000000	
1658	-10354936.000000000	
1659	-10162593.000000000	
1660	-9909026.000000000	
1661	-9621842.000000000	
1662	-9380351.000000000	
1663	-9285361.000000000	
1664	-9290993.000000000	
1665	-9321208.000000000	
1666	-9465128.000000000	
1667	-9755769.000000000	
1668	-10079526.000000000	
1669	-10270461.000000000	
1670	-10401098.000000000	
1671	-10572916.000000000	
1672	-10776098.000000000	
1673	-10925259.000000000	
1674	-10886735.000000000	
1675	-10733435.000000000	
1676	-10672082.000000000	
1677	-10682573.000000000	
1678	-10755106.000000000	
1679	-10746527.000000000	
1680	-10656755.000000000	
1681	-10589434.000000000	
1682	-10545060.000000000	
1683	-10484556.000000000	
1684	-10418641.000000000	
1685	-10323625.000000000	
1686	-10162942.000000000	
1687	-9984677.000000000	
1688	-9836831.000000000	
1689	-9725899.000000000	
1690	-9606735.000000000	
1691	-9493202.000000000	
1692	-9311827.000000000	
1693	-9041108.000000000	
1694	-8801107.000000000	
1695	-8741587.000000000	
1696	-8783572.000000000	
1697	-8854220.000000000	
1698	-8863988.000000000	
1699	-8903417.000000000	
1700	-9075540.000000000	
1701	-9261652.000000000	
1702	-9367590.000000000	
1703	-9421986.000000000	
1704	-9460605.000000000	
1705	-9446055.000000000	
1706	-9308713.000000000	
1707	-9171825.000000000	
1708	-9156467.000000000	
1709	-9166158.000000000	
1710	-9050657.000000000	
1711	-8839584.000000000	
1712	-8674472.000000000	
1713	-8530771.000000000	
1714	-8286034.500000000	
1715	-8038014.000000000	
1716	-7869269.000000000	
1717	-7724287.500000000	
1718	-7480958.500000000	
1719	-7174312.500000000	
1720	-6921428.000000000	
1721	-6681983.000000000	
1722	-6502568.500000000	
1723	-6318075.500000000	
1724	-6168270.000000000	
1725	-6141819.000000000	
1726	-6190804.500000000	
1727	-6266280.500000000	
1728	-6333652.500000000	
1729	-6345598.500000000	
1730	-6357674.000000000	
1731	-6359593.500000000	
1732	-6250109.500000000	
1733	-6121168.500000000	
1734	-6055804.000000000	
1735	-5905534.500000000	
1736	-5721811.000000000	
1737	-5570986.000000000	
1738	-5410217.500000000	
1739	-5365716.500000000	
1740	-5304234.000000000	
1741	-5077674.000000000	
1742	-4858749.000000000	
1743	-4732115.500000000	
1744	-4603988.500000000	
1745	-4413608.500000000	
1746	-4169469.250000000	
1747	-3987284.500000000	
1748	-3835007.250000000	
1749	-3763710.750000000	
1750	-3655081.750000000	
1751	-3508904.000000000	
1752	-3440724.250000000	
1753	-3422032.000000000	
1754	-3410857.500000000	
1755	-3352659.000000000	
1756	-3246504.750000000	
1757	-3161513.000000000	
1758	-3168852.250000000	
1759	-3155028.500000000	
1760	-3089791.000000000	
1761	-3004543.000000000	
1762	-2914472.250000000	
1763	-2846631.500000000	
1764	-2770430.500000000	
1765	-2632912.250000000	
1766	-2494544.500000000	
1767	-2424616.000000000	
1768	-2317949.750000000	
1769	-2220926.250000000	
1770	-2116520.250000000	
1771	-2038355.750000000	
1772	-1967102.375000000	
1773	-1893587.750000000	
1774	-1787518.375000000	
1775	-1666856.875000000	
1776	-1543422.000000000	
1777	-1442257.750000000	
1778	-1357349.500000000	
1779	-1310844.875000000	
1780	-1291602.625000000	
1781	-1241640.125000000	
1782	-1148754.500000000	
1783	-1058770.000000000	
1784	-988711.937500000	
1785	-947452.812500000	
1786	-913789.437500000	
1787	-853373.250000000	
1788	-761085.187500000	
1789	-722983.750000000	
1790	-691452.812500000	
1791	-645159.250000000	
1792	-610342.000000000	
1793	-596005.187500000	
1794	-568058.937500000	
1795	-540070.937500000	
1796	-519803.062500000	
1797	-522360.312500000	
1798	-518905.000000000	
1799	-526459.187500000	
1800	-509177.968750000	
1801	-494116.781250000	
1802	-482468.250000000	
1803	-477812.406250000	
1804	-481184.906250000	
1805	-488053.750000000	
1806	-479352.937500000	
1807	-471925.937500000	
1808	-473291.250000000	
1809	-473715.312500000	
1810	-468289.656250000	
1811	-464410.781250000	
1812	-463983.562500000	
1813	-463206.406250000	
1814	-458762.406250000	
1815	-457988.687500000	
1816	-457391.750000000	
1817	-455628.343750000	
1818	-455195.468750000	
1819	-453348.843750000	
1820	-454014.625000000	
1821	-453109.843750000	
1822	-452502.781250000	
1823	-451184.500000000	
1824	-450437.031250000	
1825	-450402.781250000	
1826	-449572.156250000	
1827	-448984.000000000	
1828	-448561.281250000	
1829	-448391.375000000	
1830	-448653.812500000	
1831	-447438.562500000	
1832	-446312.031250000	
1833	-446811.875000000	
1834	-447091.218750000	
1835	-446724.375000000	
1836	-446531.281250000	
1837	-447031.031250000	
1838	-446773.687500000	
1839	-447094.156250000	
1840	-446970.968750000	
1841	-447209.843750000	
1842	-447333.250000000	
1843	-446896.531250000	
1844	-447226.625000000	
1845	-447655.156250000	
1846	-447798.343750000	
1847	-447801.156250000	
1848	-448155.500000000	
1849	-448042.093750000	
1850	-448190.406250000	
1851	-447771.406250000	
1852	-447983.906250000	
1853	-448173.062500000	
1854	-447522.906250000	
1855	-448043.625000000	
1856	-448180.187500000	
1857	-448752.781250000	
1858	-448338.125000000	
1859	-448173.218750000	
1860	-448127.968750000	
1861	-448002.750000000	
1862	-447875.437500000	
1863	-447025.718750000	
1864	-446774.750000000	
1865	-446654.406250000	
1866	-446939.406250000	
1867	-447233.125000000	
1868	-447062.250000000	
1869	-447020.562500000	
1870	-446643.687500000	
1871	-446873.812500000	
1872	-446488.312500000	
1873	-446383.562500000	
1874	-446172.375000000	
1875	-445330.125000000	
1876	-445088.593750000	
1877	-444818.656250000	
1878	-444934.406250000	
1879	-444263.031250000	
1880	-444519.687500000	
1881	-444508.406250000	
1882	-444388.562500000	
1883	-444276.187500000	
1884	-443926.531250000	
1885	-443234.375000000	
1886	-443046.500000000	
1887	-443552.562500000	
1888	-443796.781250000	
1889	-443557.906250000	
1890	-443186.250000000	
1891	-443146.031250000	
1892	-442599.968750000	
1893	-442155.593750000	
1894	-442207.125000000	
1895	-442644.875000000	
1896	-441516.187500000	
1897	-441631.875000000	
1898	-440753.437500000	
1899	-441069.812500000	
1900	-440519.875000000	
1901	-440567.062500000	
1902	-440540.281250000	
1903	-440210.406250000	
1904	-440332.781250000	
1905	-440227.281250000	
1906	-439440.281250000	
1907	-438836.343750000	
1908	-438918.218750000	
1909	-439458.437500000	
1910	-439124.750000000	
1911	-438576.656250000	
1912	-438718.531250000	
1913	-438029.781250000	
1914	-437916.593750000	
1915	-438173.750000000	
1916	-438073.187500000	
1917	-438361.750000000	
1918	-438723.781250000	
1919	-438475.000000000	
1920	-438194.875000000	
1921	-438034.968750000	
1922	-438261.500000000	
1923	-438221.343750000	
1924	-438506.906250000	
1925	-437970.906250000	
1926	-437874.312500000	
1927	-437915.593750000	
1928	-437206.843750000	
1929	-437460.406250000	
1930	-437103.125000000	
1931	-436893.718750000	
1932	-437145.718750000	
1933	-436300.312500000	
1934	-436002.281250000	
1935	-435683.281250000	
1936	-435524.718750000	
1937	-434887.562500000	
1938	-434390.937500000	
1939	-434029.312500000	
1940	-434193.843750000	
1941	-433261.750000000	
1942	-431958.593750000	
1943	-431342.812500000	
1944	-431469.312500000	
1945	-431273.656250000	
1946	-431053.500000000	
1947	-430559.968750000	
1948	-429457.093750000	
1949	-429067.593750000	
1950	-428938.000000000	
1951	-428150.156250000	
1952	-427767.250000000	
1953	-426789.312500000	
1954	-426440.343750000	
1955	-425908.218750000	
1956	-425720.062500000	
1957	-424957.000000000	
1958	-425236.437500000	
1959	-424805.250000000	
1960	-423443.187500000	
1961	-424012.375000000	
1962	-423282.187500000	
1963	-422811.937500000	
1964	-422245.125000000	
1965	-421651.562500000	
1966	-421397.906250000	
1967	-419957.937500000	
1968	-420433.656250000	
1969	-419227.656250000	
1970	-418158.406250000	
1971	-417929.718750000	
1972	-417732.406250000	
1973	-417757.718750000	
1974	-417349.625000000	
1975	-416829.406250000	
1976	-415783.593750000	
1977	-415458.531250000	
1978	-414880.187500000	
1979	-414778.781250000	
1980	-414344.343750000	
1981	-414535.937500000	
1982	-413599.343750000	
1983	-412753.906250000	
1984	-412450.156250000	
1985	-412420.968750000	
1986	-411982.000000000	
1987	-411560.875000000	
1988	-411052.937500000	
1989	-410900.843750000	
1990	-411033.250000000	
1991	-410921.125000000	
1992	-410646.500000000	
1993	-410578.812500000	
1994	-410568.656250000	
1995	-409471.062500000	
1996	-409476.750000000	
1997	-409470.843750000	
1998	-408831.062500000	
1999	-408812.750000000	
2000	-408734.468750000	
2001	-408483.750000000	
2002	-408161.312500000	
2003	-408035.187500000	
2004	-407886.125000000	
2005	-407936.968750000	
2006	-407614.906250000	
2007	-407492.031250000	
2008	-407640.843750000	
2009	-407543.937500000	
2010	-407477.000000000	
2011	-407248.875000000	
2012	-407099.781250000	
2013	-407153.468750000	
2014	-406817.250000000	
2015	-406783.375000000	
2016	-406720.812500000	
2017	-406961.250000000	
2018	-407024.531250000	
2019	-406603.093750000	
2020	-406682.500000000	
2021	-406681.156250000	
2022	-406621.656250000	
2023	-406300.343750000	
2024	-406202.156250000	
2025	-406231.750000000	
2026	-406091.718750000	
2027	-405940.531250000	
2028	-405927.062500000	
2029	-405957.062500000	
2030	-405866.187500000	
2031	-405950.125000000	
2032	-405849.218750000	
2033	-405793.468750000	
2034	-405715.125000000	
2035	-405706.968750000	
2036	-405702.531250000	
2037	-405658.500000000	
2038	-405551.906250000	
2039	-405520.875000000	
2040	-405584.625000000	
2041	-405488.156250000	
2042	-405610.968750000	
2043	-405602.968750000	
2044	-405520.687500000	
2045	-405491.406250000	
2046	-405578.281250000	
2047	-458892.406250000	
2048	-459074.781250000	
2049	-448511.156250000	
2050	-459590.875000000	
2051	-459825.812500000	
2052	-449197.656250000	
2053	-460229.968750000	
2054	-460477.375000000	
2055	-449796.250000000	
2056	-461044.843750000	
2057	-461412.375000000	
2058	-450442.687500000	
2059	-461841.781250000	
2060	-462075.906250000	
2061	-451120.906250000	
2062	-462573.906250000	
2063	-462889.906250000	
2064	-451730.031250000	
2065	-463392.625000000	
2066	-463675.781250000	
2067	-452361.812500000	
2068	-464217.593750000	
2069	-464489.937500000	
2070	-453102.875000000	
2071	-464999.000000000	
2072	-465256.062500000	
2073	-453805.500000000	
2074	-465886.437500000	
2075	-466226.062500000	
2076	-454593.812500000	
2077	-466803.937500000	
2078	-467121.375000000	
2079	-455377.250000000	
2080	-467756.406250000	
2081	-468095.812500000	
2082	-456151.750000000	
2083	-468705.343750000	
2084	-469088.843750000	
2085	-457044.843750000	
2086	-469749.625000000	
2087	-470129.062500000	
2088	-457942.468750000	
2089	-470852.281250000	
2090	-471233.093750000	
2091	-458904.062500000	
2092	-472000.375000000	
2093	-472415.312500000	
2094	-459882.875000000	
2095	-473115.625000000	
2096	-473506.343750000	
2097	-460823.437500000	
2098	-474299.656250000	
2099	-474756.875000000	
2100	-461924.187500000	
2101	-475515.875000000	
2102	-475884.468750000	
2103	-462848.062500000	
2104	-476679.156250000	
2105	-477173.281250000	
2106	-463937.781250000	
2107	-477836.968750000	
2108	-478337.562500000	
2109	-464926.218750000	
2110	-479122.031250000	
2111	-479568.937500000	
2112	-465966.187500000	
2113	-480362.312500000	
2114	-480809.750000000	
2115	-466961.250000000	
2116	-481636.531250000	
2117	-482104.812500000	
2118	-468093.187500000	
2119	-482943.656250000	
2120	-483421.906250000	
2121	-469245.687500000	
2122	-484352.937500000	
2123	-484863.031250000	
2124	-470451.218750000	
2125	-485786.406250000	
2126	-486166.750000000	
2127	-471743.750000000	
2128	-487352.062500000	
2129	-487916.156250000	
2130	-473092.281250000	
2131	-488958.125000000	
2132	-489492.531250000	
2133	-474520.281250000	
2134	-490679.218750000	
2135	-475343.062500000	
2136	-491789.437500000	
2137	-492386.968750000	
2138	-476963.593750000	
2139	-493581.625000000	
2140	-494232.093750000	
2141	-478527.625000000	
2142	-495382.718750000	
2143	-496033.625000000	
2144	-480083.187500000	
2145	-497270.093750000	
2146	-497926.125000000	
2147	-481689.906250000	
2148	-499166.468750000	
2149	-499838.031250000	
2150	-483293.375000000	
2151	-501086.031250000	
2152	-501787.562500000	
2153	-484965.656250000	
2154	-503100.562500000	
2155	-503767.687500000	
2156	-486704.031250000	
2157	-505160.656250000	
2158	-505907.500000000	
2159	-488477.156250000	
2160	-507307.125000000	
2161	-508108.218750000	
2162	-490311.500000000	
2163	-509549.093750000	
2164	-510487.625000000	
2165	-492449.500000000	
2166	-512052.000000000	
2167	-512941.250000000	
2168	-494567.875000000	
2169	-514631.500000000	
2170	-515563.750000000	
2171	-496845.125000000	
2172	-517329.593750000	
2173	-518313.593750000	
2174	-499240.500000000	
2175	-520112.156250000	
2176	-521228.781250000	
2177	-501756.343750000	
2178	-523177.625000000	
2179	-524265.281250000	
2180	-504411.031250000	
2181	-526330.937500000	
2182	-527396.937500000	
2183	-507219.156250000	
2184	-529634.187500000	
2185	-530841.875000000	
2186	-510145.375000000	
2187	-533099.187500000	
2188	-534362.000000000	
2189	-513212.468750000	
2190	-536722.000000000	
2191	-538037.312500000	
2192	-516411.906250000	
2193	-540501.750000000	
2194	-541869.562500000	
2195	-519754.812500000	
2196	-544467.937500000	
2197	-545926.500000000	
2198	-523296.156250000	
2199	-548683.437500000	
2200	-550210.562500000	
2201	-527022.250000000	
2202	-553076.125000000	
2203	-554681.750000000	
2204	-530939.812500000	
2205	-557717.500000000	
2206	-559410.437500000	
2207	-535064.500000000	
2208	-562601.750000000	
2209	-564386.062500000	
2210	-539421.062500000	
2211	-567759.562500000	
2212	-569650.625000000	
2213	-544012.125000000	
2214	-573215.937500000	
2215	-575215.875000000	
2216	-548883.812500000	
2217	-578980.250000000	
2218	-581098.562500000	
2219	-554028.312500000	
2220	-585099.500000000	
2221	-587353.312500000	
2222	-559510.625000000	
2223	-591617.312500000	
2224	-563236.812500000	
2225	-596040.562500000	
2226	-598537.500000000	
2227	-569318.187500000	
2228	-603274.187500000	
2229	-605934.937500000	
2230	-575820.562500000	
2231	-611008.000000000	
2232	-613871.625000000	
2233	-582780.937500000	
2234	-619296.812500000	
2235	-622363.000000000	
2236	-590245.312500000	
2237	-628191.437500000	
2238	-631480.687500000	
2239	-598262.812500000	
2240	-637749.062500000	
2241	-641309.750000000	
2242	-606922.625000000	
2243	-648094.437500000	
2244	-651935.875000000	
2245	-616289.562500000	
2246	-659286.187500000	
2247	-663469.562500000	
2248	-626465.937500000	
2249	-671456.437500000	
2250	-676000.250000000	
2251	-637546.437500000	
2252	-684722.687500000	
2253	-689702.312500000	
2254	-649655.312500000	
2255	-699244.625000000	
2256	-704723.937500000	
2257	-662996.937500000	
2258	-715252.375000000	
2259	-721287.562500000	
2260	-677685.125000000	
2261	-732911.500000000	
2262	-739598.812500000	
2263	-693985.937500000	
2264	-752559.250000000	
2265	-760008.500000000	
2266	-712184.187500000	
2267	-774480.125000000	
2268	-782862.812500000	
2269	-732595.250000000	
2270	-799138.375000000	
2271	-808587.750000000	
2272	-755643.437500000	
2273	-827075.875000000	
2274	-837855.562500000	
2275	-781951.437500000	
2276	-859015.062500000	
2277	-871378.812500000	
2278	-812157.562500000	
2279	-895772.812500000	
2280	-910160.125000000	
2281	-847260.125000000	
2282	-938683.187500000	
2283	-955562.625000000	
2284	-888533.750000000	
2285	-989307.875000000	
2286	-1009437.250000000	
2287	-937779.187500000	
2288	-1050022.125000000	
2289	-1074411.750000000	
2290	-997539.312500000	
2291	-1124124.375000000	
2292	-1154352.000000000	
2293	-1071647.250000000	
2294	-1216620.875000000	
2295	-1254992.375000000	
2296	-1165862.125000000	
2297	-1335335.000000000	
2298	-1385705.375000000	
2299	-1289804.750000000	
2300	-1493221.250000000	
2301	-1562162.250000000	
2302	-1459989.125000000	
2303	-1713530.875000000	
2304	-1813613.250000000	
2305	-1708342.250000000	
2306	-2042358.375000000	
2307	-2200808.500000000	
2308	-2104880.750000000	
2309	-2586198.750000000	
2310	-2874130.750000000	
2311	-2838457.000000000	
2312	-3658384.000000000	
2313	-3771516.500000000	
2314	-5161620.500000000	
2315	-6755908.000000000	
2316	-8577989.000000000	
2317	-16777216.000000000	
2318	-16777216.000000000	
2319	NaN	
