0	-16777216.000000000	
1	-15491072.000000000	
2	-14974976.000000000	
3	-14824243.000000000	
4	-14590383.000000000	
5	-14192818.000000000	
6	-14265003.000000000	
7	-13603089.000000000	
8	-13351996.000000000	
9	-13433155.000000000	
10	-13556590.000000000	
11	-13596535.000000000	
12	-13866883.000000000	
13	-13802129.000000000	
14	-13732666.000000000	
15	-13677363.000000000	
16	-13687808.000000000	
17	-13332721.000000000	
18	-13119033.000000000	
19	-13155260.000000000	
20	-13236613.000000000	
21	-13038506.000000000	
22	-13079328.000000000	
23	-13213514.000000000	
24	-13259885.000000000	
25	-13261678.000000000	
26	-13132900.000000000	
27	-13076616.000000000	
28	-13229253.000000000	
29	-13186655.000000000	
30	-12930757.000000000	
31	-12816111.000000000	
32	-12920105.000000000	
33	-12962816.000000000	
34	-12870873.000000000	
35	-12580970.000000000	
36	-12579140.000000000	
37	-12731823.000000000	
38	-12769236.000000000	
39	-12699998.000000000	
40	-12770583.000000000	
41	-12828879.000000000	
42	-12618733.000000000	
43	-12373594.000000000	
44	-12463474.000000000	
45	-12621552.000000000	
46	-12594455.000000000	
47	-12632064.000000000	
48	-12604639.000000000	
49	-12451143.000000000	
50	-12381843.000000000	
51	-12391009.000000000	
52	-12287506.000000000	
53	-12120286.000000000	
54	-12013767.000000000	
55	-12086087.000000000	
56	-12170403.000000000	
57	-12045096.000000000	
58	-11843334.000000000	
59	-11900755.000000000	
60	-11924404.000000000	
61	-11828826.000000000	
62	-11763434.000000000	
63	-11852186.000000000	
64	-11923792.000000000	
65	-12012643.000000000	
66	-12084994.000000000	
67	-12104371.000000000	
68	-11971327.000000000	
69	-11912850.000000000	
70	-11931493.000000000	
71	-11936776.000000000	
72	-11953384.000000000	
73	-11996388.000000000	
74	-11990056.000000000	
75	-11907776.000000000	
76	-11867005.000000000	
77	-11993759.000000000	
78	-12019214.000000000	
79	-11941533.000000000	
80	-11812217.000000000	
81	-11610511.000000000	
82	-11572056.000000000	
83	-11679347.000000000	
84	-11577479.000000000	
85	-11358691.000000000	
86	-11253496.000000000	
87	-11171505.000000000	
88	-11152500.000000000	
89	-11009076.000000000	
90	-10830929.000000000	
91	-10827687.000000000	
92	-10901134.000000000	
93	-10840064.000000000	
94	-10793006.000000000	
95	-10788500.000000000	
96	-10697132.000000000	
97	-10653796.000000000	
98	-10730063.000000000	
99	-10665241.000000000	
100	-10577234.000000000	
101	-10524533.000000000	
102	-10609701.000000000	
103	-10651112.000000000	
104	-10635961.000000000	
105	-10559715.000000000	
106	-10410418.000000000	
107	-10386404.000000000	
108	-10460122.000000000	
109	-10359778.000000000	
110	-10366818.000000000	
111	-10459702.000000000	
112	-10517910.000000000	
113	-10405183.000000000	
114	-10334465.000000000	
115	-10441768.000000000	
116	-10525171.000000000	
117	-10421707.000000000	
118	-10354982.000000000	
119	-10277356.000000000	
120	-10241660.000000000	
121	-10158797.000000000	
122	-10093823.000000000	
123	-10148637.000000000	
124	-10209363.000000000	
125	-10175852.000000000	
126	-10183551.000000000	
127	-10257476.000000000	
128	-10291187.000000000	
129	-10365454.000000000	
130	-10403673.000000000	
131	-10457560.000000000	
132	-10425751.000000000	
133	-10379623.000000000	
134	-10469311.000000000	
135	-10548597.000000000	
136	-10606229.000000000	
137	-10663734.000000000	
138	-10620228.000000000	
139	-10579508.000000000	
140	-10587043.000000000	
141	-10722404.000000000	
142	-10775292.000000000	
143	-10728486.000000000	
144	-10741025.000000000	
145	-10846508.000000000	
146	-10912279.000000000	
147	-10909323.000000000	
148	-10962834.000000000	
149	-11010748.000000000	
150	-11060532.000000000	
151	-11198723.000000000	
152	-11326291.000000000	
153	-11488109.000000000	
154	-11689096.000000000	
155	-11795248.000000000	
156	-11793248.000000000	
157	-11871647.000000000	
158	-11890935.000000000	
159	-11855572.000000000	
160	-11881036.000000000	
161	-11968687.000000000	
162	-12038781.000000000	
163	-12089421.000000000	
164	-11990437.000000000	
165	-11836413.000000000	
166	-11856781.000000000	
167	-11920894.000000000	
168	-11789750.000000000	
169	-11641436.000000000	
170	-11594249.000000000	
171	-11545327.000000000	
172	-11427233.000000000	
173	-11285460.000000000	
174	-11134626.000000000	
175	-11025065.000000000	
176	-10888169.000000000	
177	-10653776.000000000	
178	-10425498.000000000	
179	-10226339.000000000	
180	-10055813.000000000	
181	-9927359.000000000	
182	-9924978.000000000	
183	-9837914.000000000	
184	-9669350.000000000	
185	-9584711.000000000	
186	-9498606.000000000	
187	-9309277.000000000	
188	-9130887.000000000	
189	-8984139.000000000	
190	-8901180.000000000	
191	-8838154.000000000	
192	-8716369.000000000	
193	-8579439.000000000	
194	-8453247.000000000	
195	-8357536.500000000	
196	-8357438.500000000	
197	-8285976.000000000	
198	-8214489.500000000	
199	-8160675.500000000	
200	-8050049.000000000	
201	-7966736.000000000	
202	-7921072.000000000	
203	-7822116.000000000	
204	-7723004.500000000	
205	-7641817.500000000	
206	-7676410.500000000	
207	-7733668.500000000	
208	-7806568.000000000	
209	-7865069.500000000	
210	-7791493.000000000	
211	-7689337.000000000	
212	-7779731.000000000	
213	-7901010.500000000	
214	-8001742.000000000	
215	-8187949.500000000	
216	-8317751.500000000	
217	-8445882.000000000	
218	-8555085.000000000	
219	-8636834.000000000	
220	-8702199.000000000	
221	-8766779.000000000	
222	-8878519.000000000	
223	-9040687.000000000	
224	-9160036.000000000	
225	-9192759.000000000	
226	-9281902.000000000	
227	-9564112.000000000	
228	-9757684.000000000	
229	-9873128.000000000	
230	-10090498.000000000	
231	-10334778.000000000	
232	-10458585.000000000	
233	-10621017.000000000	
234	-10807110.000000000	
235	-11005822.000000000	
236	-11256767.000000000	
237	-11499952.000000000	
238	-11728528.000000000	
239	-11865588.000000000	
240	-11929149.000000000	
241	-12043450.000000000	
242	-12155560.000000000	
243	-12283124.000000000	
244	-12473257.000000000	
245	-12629541.000000000	
246	-12735310.000000000	
247	-12876589.000000000	
248	-13074256.000000000	
249	-13279608.000000000	
250	-13420308.000000000	
251	-13590041.000000000	
252	-13743480.000000000	
253	-13815154.000000000	
254	-13905710.000000000	
255	-14121196.000000000	
256	-14308693.000000000	
257	-14399670.000000000	
258	-14471897.000000000	
259	-14551143.000000000	
260	-14668466.000000000	
261	-14828169.000000000	
262	-14948062.000000000	
263	-15053134.000000000	
264	-15132215.000000000	
265	-15215734.000000000	
266	-15364518.000000000	
267	-15521649.000000000	
268	-15630266.000000000	
269	-15666212.000000000	
270	-15689058.000000000	
271	-15727482.000000000	
272	-15788473.000000000	
273	-15854921.000000000	
274	-15898525.000000000	
275	-15992495.000000000	
276	-16109416.000000000	
277	-16136082.000000000	
278	-16153526.000000000	
279	-16205571.000000000	
280	-16279625.000000000	
281	-16303252.000000000	
282	-16287917.000000000	
283	-16305521.000000000	
284	-16316122.000000000	
285	-16328919.000000000	
286	-16359910.000000000	
287	-16399599.000000000	
288	-16446322.000000000	
289	-16471437.000000000	
290	-16487111.000000000	
291	-16488832.000000000	
292	-16487018.000000000	
293	-16510175.000000000	
294	-16541505.000000000	
295	-16539345.000000000	
296	-16519068.000000000	
297	-16524051.000000000	
298	-16553686.000000000	
299	-16580664.000000000	
300	-16590840.000000000	
301	-16599728.000000000	
302	-16612652.000000000	
303	-16598036.000000000	
304	-16615261.000000000	
305	-16647051.000000000	
306	-16654802.000000000	
307	-16663518.000000000	
308	-16657866.000000000	
309	-16630109.000000000	
310	-16644060.000000000	
311	-16671089.000000000	
312	-16671416.000000000	
313	-16661293.000000000	
314	-16660357.000000000	
315	-16663852.000000000	
316	-16652214.000000000	
317	-16651860.000000000	
318	-16644873.000000000	
319	-16643293.000000000	
320	-16642155.000000000	
321	-16660157.000000000	
322	-16677652.000000000	
323	-16683052.000000000	
324	-16661485.000000000	
325	-16624187.000000000	
326	-16620028.000000000	
327	-16646240.000000000	
328	-16669172.000000000	
329	-16682777.000000000	
330	-16676160.000000000	
331	-16669212.000000000	
332	-16670310.000000000	
333	-16690613.000000000	
334	-16698044.000000000	
335	-16692983.000000000	
336	-16701392.000000000	
337	-16689572.000000000	
338	-16679114.000000000	
339	-16692026.000000000	
340	-16672673.000000000	
341	-16656320.000000000	
342	-16672048.000000000	
343	-16690049.000000000	
344	-16714460.000000000	
345	-16717334.000000000	
346	-16712276.000000000	
347	-16694369.000000000	
348	-16659625.000000000	
349	-16662584.000000000	
350	-16688653.000000000	
351	-16697804.000000000	
352	-16694224.000000000	
353	-16685378.000000000	
354	-16679150.000000000	
355	-16686059.000000000	
356	-16702948.000000000	
357	-16707717.000000000	
358	-16713476.000000000	
359	-16713669.000000000	
360	-16691557.000000000	
361	-16658755.000000000	
362	-16655150.000000000	
363	-16693643.000000000	
364	-16701369.000000000	
365	-16691026.000000000	
366	-16707434.000000000	
367	-16705350.000000000	
368	-16680758.000000000	
369	-16692762.000000000	
370	-16717334.000000000	
371	-16712806.000000000	
372	-16680526.000000000	
373	-16668079.000000000	
374	-16644975.000000000	
375	-16693618.000000000	
376	-16705970.000000000	
377	-16694460.000000000	
378	-16700737.000000000	
379	-16706700.000000000	
380	-16705015.000000000	
381	-16707095.000000000	
382	-16714552.000000000	
383	-16702332.000000000	
384	-16685044.000000000	
385	-16693184.000000000	
386	-16689874.000000000	
387	-16667293.000000000	
388	-16675377.000000000	
389	-16701135.000000000	
390	-16717405.000000000	
391	-16718863.000000000	
392	-16729664.000000000	
393	-16728683.000000000	
394	-16717217.000000000	
395	-16698907.000000000	
396	-16688979.000000000	
397	-16692470.000000000	
398	-16699746.000000000	
399	-16702314.000000000	
400	-16696667.000000000	
401	-16689395.000000000	
402	-16694347.000000000	
403	-16708991.000000000	
404	-16703642.000000000	
405	-16670828.000000000	
406	-16660542.000000000	
407	-16692458.000000000	
408	-16700810.000000000	
409	-16680098.000000000	
410	-16676344.000000000	
411	-16696187.000000000	
412	-16710567.000000000	
413	-16700922.000000000	
414	-16699855.000000000	
415	-16698018.000000000	
416	-16681422.000000000	
417	-16678779.000000000	
418	-16685858.000000000	
419	-16690121.000000000	
420	-16698094.000000000	
421	-16698402.000000000	
422	-16691404.000000000	
423	-16687910.000000000	
424	-16690430.000000000	
425	-16702632.000000000	
426	-16708988.000000000	
427	-16703612.000000000	
428	-16690982.000000000	
429	-16690983.000000000	
430	-16701221.000000000	
431	-16702075.000000000	
432	-16689998.000000000	
433	-16670840.000000000	
434	-16674977.000000000	
435	-16702500.000000000	
436	-16720122.000000000	
437	-16710694.000000000	
438	-16708478.000000000	
439	-16703655.000000000	
440	-16708261.000000000	
441	-16717263.000000000	
442	-16705531.000000000	
443	-16695676.000000000	
444	-16689310.000000000	
445	-16680174.000000000	
446	-16673557.000000000	
447	-16664265.000000000	
448	-16664999.000000000	
449	-16672935.000000000	
450	-16690595.000000000	
451	-16707106.000000000	
452	-16711847.000000000	
453	-16707027.000000000	
454	-16699048.000000000	
455	-16699858.000000000	
456	-16685777.000000000	
457	-16663591.000000000	
458	-16667943.000000000	
459	-16676223.000000000	
460	-16684329.000000000	
461	-16689916.000000000	
462	-16689660.000000000	
463	-16703526.000000000	
464	-16710227.000000000	
465	-16698406.000000000	
466	-16690427.000000000	
467	-16694013.000000000	
468	-16688595.000000000	
469	-16688211.000000000	
470	-16691880.000000000	
471	-16697982.000000000	
472	-16703698.000000000	
473	-16711377.000000000	
474	-16709372.000000000	
475	-16685093.000000000	
476	-16672548.000000000	
477	-16677197.000000000	
478	-16663031.000000000	
479	-16663203.000000000	
480	-16701009.000000000	
481	-16715602.000000000	
482	-16705743.000000000	
483	-16698362.000000000	
484	-16697300.000000000	
485	-16688978.000000000	
486	-16683555.000000000	
487	-16678561.000000000	
488	-16661282.000000000	
489	-16657572.000000000	
490	-16673359.000000000	
491	-16673234.000000000	
492	-16664187.000000000	
493	-16656592.000000000	
494	-16661285.000000000	
495	-16685734.000000000	
496	-16689403.000000000	
497	-16676306.000000000	
498	-16662185.000000000	
499	-16657535.000000000	
500	-16649897.000000000	
501	-16650322.000000000	
502	-16668066.000000000	
503	-16671523.000000000	
504	-16664058.000000000	
505	-16691111.000000000	
506	-16700240.000000000	
507	-16672720.000000000	
508	-16646474.000000000	
509	-16630647.000000000	
510	-16645023.000000000	
511	-16665764.000000000	
512	-16668795.000000000	
513	-16644348.000000000	
514	-16633297.000000000	
515	-16651261.000000000	
516	-16682234.000000000	
517	-16684110.000000000	
518	-16657572.000000000	
519	-16646951.000000000	
520	-16664403.000000000	
521	-16666322.000000000	
522	-16640550.000000000	
523	-16616529.000000000	
524	-16610812.000000000	
525	-16603043.000000000	
526	-16605674.000000000	
527	-16623723.000000000	
528	-16617891.000000000	
529	-16612732.000000000	
530	-16616617.000000000	
531	-16602835.000000000	
532	-16598482.000000000	
533	-16612644.000000000	
534	-16604111.000000000	
535	-16591524.000000000	
536	-16593831.000000000	
537	-16586749.000000000	
538	-16559741.000000000	
539	-16562642.000000000	
540	-16575443.000000000	
541	-16570492.000000000	
542	-16567842.000000000	
543	-16566220.000000000	
544	-16538232.000000000	
545	-16517754.000000000	
546	-16535290.000000000	
547	-16546557.000000000	
548	-16540926.000000000	
549	-16544550.000000000	
550	-16536316.000000000	
551	-16487592.000000000	
552	-16480167.000000000	
553	-16531367.000000000	
554	-16561062.000000000	
555	-16520614.000000000	
556	-16476112.000000000	
557	-16505296.000000000	
558	-16531837.000000000	
559	-16523943.000000000	
560	-16516092.000000000	
561	-16522750.000000000	
562	-16515835.000000000	
563	-16519675.000000000	
564	-16514639.000000000	
565	-16500518.000000000	
566	-16487974.000000000	
567	-16475217.000000000	
568	-16494072.000000000	
569	-16550049.000000000	
570	-16583200.000000000	
571	-16559481.000000000	
572	-16553725.000000000	
573	-16537812.000000000	
574	-16553553.000000000	
575	-16559654.000000000	
576	-16578088.000000000	
577	-16604201.000000000	
578	-16619645.000000000	
579	-16599549.000000000	
580	-16581373.000000000	
581	-16588923.000000000	
582	-16598523.000000000	
583	-16602575.000000000	
584	-16620796.000000000	
585	-16623060.000000000	
586	-16600063.000000000	
587	-16602194.000000000	
588	-16629032.000000000	
589	-16615847.000000000	
590	-16598481.000000000	
591	-16595879.000000000	
592	-16604325.000000000	
593	-16621522.000000000	
594	-16630781.000000000	
595	-16622630.000000000	
596	-16626381.000000000	
597	-16633592.000000000	
598	-16634491.000000000	
599	-16630437.000000000	
600	-16616657.000000000	
601	-16612604.000000000	
602	-16621990.000000000	
603	-16643622.000000000	
604	-16642807.000000000	
605	-16637603.000000000	
606	-16642596.000000000	
607	-16660303.000000000	
608	-16660175.000000000	
609	-16640550.000000000	
610	-16649768.000000000	
611	-16658940.000000000	
612	-16639443.000000000	
613	-16641576.000000000	
614	-16631463.000000000	
615	-16612435.000000000	
616	-16629200.000000000	
617	-16660516.000000000	
618	-16662353.000000000	
619	-16631375.000000000	
620	-16610085.000000000	
621	-16602067.000000000	
622	-16605651.000000000	
623	-16622371.000000000	
624	-16639431.000000000	
625	-16654445.000000000	
626	-16653986.000000000	
627	-16637862.000000000	
628	-16630867.000000000	
629	-16646480.000000000	
630	-16646480.000000000	
631	-16611025.000000000	
632	-16597459.000000000	
633	-16611496.000000000	
634	-16606630.000000000	
635	-16610256.000000000	
636	-16624424.000000000	
637	-16636287.000000000	
638	-16649854.000000000	
639	-16661588.000000000	
640	-16651945.000000000	
641	-16631380.000000000	
642	-16619732.000000000	
643	-16631209.000000000	
644	-16646524.000000000	
645	-16632190.000000000	
646	-16605905.000000000	
647	-16612814.000000000	
648	-16628005.000000000	
649	-16627409.000000000	
650	-16622079.000000000	
651	-16623945.000000000	
652	-16621468.000000000	
653	-16628298.000000000	
654	-16626386.000000000	
655	-16625618.000000000	
656	-16626385.000000000	
657	-16618149.000000000	
658	-16640673.000000000	
659	-16669942.000000000	
660	-16644731.000000000	
661	-16607269.000000000	
662	-16611664.000000000	
663	-16621138.000000000	
664	-16621437.000000000	
665	-16618621.000000000	
666	-16602448.000000000	
667	-16598820.000000000	
668	-16607013.000000000	
669	-16612562.000000000	
670	-16615635.000000000	
671	-16612561.000000000	
672	-16607354.000000000	
673	-16593616.000000000	
674	-16593403.000000000	
675	-16611323.000000000	
676	-16618919.000000000	
677	-16601640.000000000	
678	-16580179.000000000	
679	-16597843.000000000	
680	-16607141.000000000	
681	-16571472.000000000	
682	-16557906.000000000	
683	-16558461.000000000	
684	-16542502.000000000	
685	-16518563.000000000	
686	-16493978.000000000	
687	-16475758.000000000	
688	-16473211.000000000	
689	-16494462.000000000	
690	-16512211.000000000	
691	-16491900.000000000	
692	-16450166.000000000	
693	-16404425.000000000	
694	-16372902.000000000	
695	-16345513.000000000	
696	-16306129.000000000	
697	-16252281.000000000	
698	-16225572.000000000	
699	-16217767.000000000	
700	-16172371.000000000	
701	-16125055.000000000	
702	-16094591.000000000	
703	-16050473.000000000	
704	-15988051.000000000	
705	-15902248.000000000	
706	-15839613.000000000	
707	-15805347.000000000	
708	-15722320.000000000	
709	-15612499.000000000	
710	-15536210.000000000	
711	-15481552.000000000	
712	-15391529.000000000	
713	-15251966.000000000	
714	-15151700.000000000	
715	-15120553.000000000	
716	-15082708.000000000	
717	-15033002.000000000	
718	-15025365.000000000	
719	-15059241.000000000	
720	-15050068.000000000	
721	-15006889.000000000	
722	-15025577.000000000	
723	-15091112.000000000	
724	-15126141.000000000	
725	-15139452.000000000	
726	-15184126.000000000	
727	-15259689.000000000	
728	-15342761.000000000	
729	-15419645.000000000	
730	-15509629.000000000	
731	-15598249.000000000	
732	-15682047.000000000	
733	-15801597.000000000	
734	-15884924.000000000	
735	-15905874.000000000	
736	-15958270.000000000	
737	-16018260.000000000	
738	-16040914.000000000	
739	-16071206.000000000	
740	-16139859.000000000	
741	-16188372.000000000	
742	-16195966.000000000	
743	-16176638.000000000	
744	-16166484.000000000	
745	-16178303.000000000	
746	-16183208.000000000	
747	-16188927.000000000	
748	-16215720.000000000	
749	-16235260.000000000	
750	-16228306.000000000	
751	-16160381.000000000	
752	-16133116.000000000	
753	-16138152.000000000	
754	-16136617.000000000	
755	-16108871.000000000	
756	-16078666.000000000	
757	-16083023.000000000	
758	-16075347.000000000	
759	-16029055.000000000	
760	-15985533.000000000	
761	-15942225.000000000	
762	-15878436.000000000	
763	-15811536.000000000	
764	-15743486.000000000	
765	-15674280.000000000	
766	-15583400.000000000	
767	-15481169.000000000	
768	-15332222.000000000	
769	-15152510.000000000	
770	-15020711.000000000	
771	-14907002.000000000	
772	-14739834.000000000	
773	-14547028.000000000	
774	-14329173.000000000	
775	-14111786.000000000	
776	-13946880.000000000	
777	-13766526.000000000	
778	-13575038.000000000	
779	-13451861.000000000	
780	-13310976.000000000	
781	-13159595.000000000	
782	-13080960.000000000	
783	-13036544.000000000	
784	-13055787.000000000	
785	-13079253.000000000	
786	-13089109.000000000	
787	-13133226.000000000	
788	-13205376.000000000	
789	-13327104.000000000	
790	-13473877.000000000	
791	-13588906.000000000	
792	-13698987.000000000	
793	-13875072.000000000	
794	-14157483.000000000	
795	-14414293.000000000	
796	-14576170.000000000	
797	-14759253.000000000	
798	-14966953.000000000	
799	-15135307.000000000	
800	-15293088.000000000	
801	-15465470.000000000	
802	-15567444.000000000	
803	-15646847.000000000	
804	-15696168.000000000	
805	-15691049.000000000	
806	-15708500.000000000	
807	-15742463.000000000	
808	-15768660.000000000	
809	-15779326.000000000	
810	-15766697.000000000	
811	-15753000.000000000	
812	-15760756.000000000	
813	-15774235.000000000	
814	-15770405.000000000	
815	-15715241.000000000	
816	-15665108.000000000	
817	-15667284.000000000	
818	-15687251.000000000	
819	-15675476.000000000	
820	-15616297.000000000	
821	-15530536.000000000	
822	-15453737.000000000	
823	-15381162.000000000	
824	-15273897.000000000	
825	-15127592.000000000	
826	-14970237.000000000	
827	-14824190.000000000	
828	-14662443.000000000	
829	-14474880.000000000	
830	-14252202.000000000	
831	-14019966.000000000	
832	-13836501.000000000	
833	-13689642.000000000	
834	-13533098.000000000	
835	-13409280.000000000	
836	-13298133.000000000	
837	-13140523.000000000	
838	-13042985.000000000	
839	-13041962.000000000	
840	-13060393.000000000	
841	-13058816.000000000	
842	-13099050.000000000	
843	-13194153.000000000	
844	-13360895.000000000	
845	-13561771.000000000	
846	-13737301.000000000	
847	-13938517.000000000	
848	-14180394.000000000	
849	-14399060.000000000	
850	-14605780.000000000	
851	-14811263.000000000	
852	-15017898.000000000	
853	-15250602.000000000	
854	-15463594.000000000	
855	-15602986.000000000	
856	-15709728.000000000	
857	-15788619.000000000	
858	-15831799.000000000	
859	-15858685.000000000	
860	-15887315.000000000	
861	-15887827.000000000	
862	-15908306.000000000	
863	-15942821.000000000	
864	-16010067.000000000	
865	-16041514.000000000	
866	-16022097.000000000	
867	-16046458.000000000	
868	-16065917.000000000	
869	-16080979.000000000	
870	-16122362.000000000	
871	-16148686.000000000	
872	-16161016.000000000	
873	-16188369.000000000	
874	-16239699.000000000	
875	-16276776.000000000	
876	-16288552.000000000	
877	-16285479.000000000	
878	-16277926.000000000	
879	-16302888.000000000	
880	-16335357.000000000	
881	-16346362.000000000	
882	-16322598.000000000	
883	-16294823.000000000	
884	-16291794.000000000	
885	-16299730.000000000	
886	-16300834.000000000	
887	-16283722.000000000	
888	-16284837.000000000	
889	-16332498.000000000	
890	-16354172.000000000	
891	-16336210.000000000	
892	-16314578.000000000	
893	-16275198.000000000	
894	-16230997.000000000	
895	-16250664.000000000	
896	-16266195.000000000	
897	-16223359.000000000	
898	-16205182.000000000	
899	-16237396.000000000	
900	-16262825.000000000	
901	-16250196.000000000	
902	-16214611.000000000	
903	-16163028.000000000	
904	-16125523.000000000	
905	-16090876.000000000	
906	-16037203.000000000	
907	-16017577.000000000	
908	-15955112.000000000	
909	-15875455.000000000	
910	-15814442.000000000	
911	-15781289.000000000	
912	-15669419.000000000	
913	-15504169.000000000	
914	-15329151.000000000	
915	-15176362.000000000	
916	-14993449.000000000	
917	-14729812.000000000	
918	-14489002.000000000	
919	-14235563.000000000	
920	-13955242.000000000	
921	-13694251.000000000	
922	-13408043.000000000	
923	-13056256.000000000	
924	-12681769.000000000	
925	-12389674.000000000	
926	-12164009.000000000	
927	-11932843.000000000	
928	-11684651.000000000	
929	-11536896.000000000	
930	-11546197.000000000	
931	-11637931.000000000	
932	-11758635.000000000	
933	-11925035.000000000	
934	-12128042.000000000	
935	-12393386.000000000	
936	-12720597.000000000	
937	-13039189.000000000	
938	-13381803.000000000	
939	-13742548.000000000	
940	-14030676.000000000	
941	-14263680.000000000	
942	-14466474.000000000	
943	-14638804.000000000	
944	-14823551.000000000	
945	-14976853.000000000	
946	-15041621.000000000	
947	-15060221.000000000	
948	-15076351.000000000	
949	-15090644.000000000	
950	-15085395.000000000	
951	-15029716.000000000	
952	-14979700.000000000	
953	-14958409.000000000	
954	-14886094.000000000	
955	-14783188.000000000	
956	-14687229.000000000	
957	-14506622.000000000	
958	-14251646.000000000	
959	-13967145.000000000	
960	-13625897.000000000	
961	-13227776.000000000	
962	-12806357.000000000	
963	-12354475.000000000	
964	-11896021.000000000	
965	-11341184.000000000	
966	-10753024.000000000	
967	-10171264.000000000	
968	-9582805.000000000	
969	-9052160.000000000	
970	-8635136.000000000	
971	-8330368.000000000	
972	-8101760.000000000	
973	-7978624.000000000	
974	-8001109.500000000	
975	-8172032.000000000	
976	-8500779.000000000	
977	-8925568.000000000	
978	-9382357.000000000	
979	-9896064.000000000	
980	-10472661.000000000	
981	-11131562.000000000	
982	-11830400.000000000	
983	-12427306.000000000	
984	-12892288.000000000	
985	-13244885.000000000	
986	-13504981.000000000	
987	-13768021.000000000	
988	-14003840.000000000	
989	-14112000.000000000	
990	-14156202.000000000	
991	-14232874.000000000	
992	-14322687.000000000	
993	-14321621.000000000	
994	-14260949.000000000	
995	-14291498.000000000	
996	-14313642.000000000	
997	-14268670.000000000	
998	-14206373.000000000	
999	-14195664.000000000	
1000	-14126163.000000000	
1001	-13918673.000000000	
1002	-13633659.000000000	
1003	-13319164.000000000	
1004	-12948266.000000000	
1005	-12546474.000000000	
1006	-12153040.000000000	
1007	-11763879.000000000	
1008	-11361359.000000000	
1009	-10951636.000000000	
1010	-10630955.000000000	
1011	-10378282.000000000	
1012	-10186325.000000000	
1013	-10126251.000000000	
1014	-10161792.000000000	
1015	-10270379.000000000	
1016	-10490880.000000000	
1017	-10832725.000000000	
1018	-11228203.000000000	
1019	-11649963.000000000	
1020	-12085973.000000000	
1021	-12544683.000000000	
1022	-13030307.000000000	
1023	-13462735.000000000	
1024	-13809704.000000000	
1025	-14091392.000000000	
1026	-14347050.000000000	
1027	-14594218.000000000	
1028	-14764073.000000000	
1029	-14858196.000000000	
1030	-14944168.000000000	
1031	-14981758.000000000	
1032	-14998397.000000000	
1033	-15127509.000000000	
1034	-15277696.000000000	
1035	-15331112.000000000	
1036	-15394174.000000000	
1037	-15526697.000000000	
1038	-15588906.000000000	
1039	-15569748.000000000	
1040	-15629311.000000000	
1041	-15698985.000000000	
1042	-15705426.000000000	
1043	-15715877.000000000	
1044	-15719037.000000000	
1045	-15740925.000000000	
1046	-15774206.000000000	
1047	-15778643.000000000	
1048	-15802622.000000000	
1049	-15836456.000000000	
1050	-15845375.000000000	
1051	-15841662.000000000	
1052	-15856597.000000000	
1053	-15848402.000000000	
1054	-15801766.000000000	
1055	-15751591.000000000	
1056	-15762810.000000000	
1057	-15793023.000000000	
1058	-15790673.000000000	
1059	-15730641.000000000	
1060	-15709691.000000000	
1061	-15742973.000000000	
1062	-15741817.000000000	
1063	-15663353.000000000	
1064	-15580668.000000000	
1065	-15529683.000000000	
1066	-15444094.000000000	
1067	-15297662.000000000	
1068	-15105706.000000000	
1069	-14899284.000000000	
1070	-14665642.000000000	
1071	-14370389.000000000	
1072	-13963307.000000000	
1073	-13551701.000000000	
1074	-13119956.000000000	
1075	-12529535.000000000	
1076	-11924949.000000000	
1077	-11398357.000000000	
1078	-10872526.000000000	
1079	-10406397.000000000	
1080	-10016252.000000000	
1081	-9710763.000000000	
1082	-9542997.000000000	
1083	-9486208.000000000	
1084	-9573291.000000000	
1085	-9805525.000000000	
1086	-10139947.000000000	
1087	-10570155.000000000	
1088	-11108181.000000000	
1089	-11671467.000000000	
1090	-12128000.000000000	
1091	-12498560.000000000	
1092	-12829995.000000000	
1093	-13083989.000000000	
1094	-13257813.000000000	
1095	-13377749.000000000	
1096	-13456256.000000000	
1097	-13517824.000000000	
1098	-13549138.000000000	
1099	-13545382.000000000	
1100	-13516542.000000000	
1101	-13498154.000000000	
1102	-13420961.000000000	
1103	-13244661.000000000	
1104	-13015507.000000000	
1105	-12713940.000000000	
1106	-12222421.000000000	
1107	-11585749.000000000	
1108	-10889941.000000000	
1109	-10055040.000000000	
1110	-9100075.000000000	
1111	-8135509.500000000	
1112	-7292672.000000000	
1113	-6504618.500000000	
1114	-5763584.000000000	
1115	-5190442.500000000	
1116	-4893610.500000000	
1117	-4814762.500000000	
1118	-4896213.500000000	
1119	-5215744.000000000	
1120	-5829333.000000000	
1121	-6610857.500000000	
1122	-7526570.500000000	
1123	-8519851.000000000	
1124	-9433643.000000000	
1125	-10201472.000000000	
1126	-10843989.000000000	
1127	-11423573.000000000	
1128	-11904725.000000000	
1129	-12214485.000000000	
1130	-12397653.000000000	
1131	-12564138.000000000	
1132	-12681429.000000000	
1133	-12785279.000000000	
1134	-12942549.000000000	
1135	-13092010.000000000	
1136	-13179264.000000000	
1137	-13182165.000000000	
1138	-13086805.000000000	
1139	-12875307.000000000	
1140	-12565971.000000000	
1141	-12224126.000000000	
1142	-11807445.000000000	
1143	-11283499.000000000	
1144	-10698496.000000000	
1145	-10127147.000000000	
1146	-9617579.000000000	
1147	-9195349.000000000	
1148	-8840917.000000000	
1149	-8571989.000000000	
1150	-8488235.000000000	
1151	-8555051.000000000	
1152	-8779051.000000000	
1153	-9169664.000000000	
1154	-9609515.000000000	
1155	-10111488.000000000	
1156	-10694613.000000000	
1157	-11272064.000000000	
1158	-11769812.000000000	
1159	-12153856.000000000	
1160	-12514389.000000000	
1161	-12863317.000000000	
1162	-13107327.000000000	
1163	-13305173.000000000	
1164	-13507882.000000000	
1165	-13723435.000000000	
1166	-13919572.000000000	
1167	-14069503.000000000	
1168	-14202281.000000000	
1169	-14358228.000000000	
1170	-14537129.000000000	
1171	-14677204.000000000	
1172	-14763007.000000000	
1173	-14815572.000000000	
1174	-14887979.000000000	
1175	-14981802.000000000	
1176	-15047680.000000000	
1177	-15105834.000000000	
1178	-15150079.000000000	
1179	-15175545.000000000	
1180	-15188388.000000000	
1181	-15214761.000000000	
1182	-15240405.000000000	
1183	-15242708.000000000	
1184	-15221333.000000000	
1185	-15210708.000000000	
1186	-15255594.000000000	
1187	-15334397.000000000	
1188	-15388158.000000000	
1189	-15347834.000000000	
1190	-15242790.000000000	
1191	-15165824.000000000	
1192	-15103829.000000000	
1193	-15036244.000000000	
1194	-14937257.000000000	
1195	-14752085.000000000	
1196	-14523391.000000000	
1197	-14271488.000000000	
1198	-13936810.000000000	
1199	-13432362.000000000	
1200	-12816299.000000000	
1201	-12199424.000000000	
1202	-11532032.000000000	
1203	-10802261.000000000	
1204	-10081152.000000000	
1205	-9475968.000000000	
1206	-9005397.000000000	
1207	-8655445.000000000	
1208	-8446251.000000000	
1209	-8421461.000000000	
1210	-8630315.000000000	
1211	-9021269.000000000	
1212	-9438763.000000000	
1213	-9855104.000000000	
1214	-10321365.000000000	
1215	-10774272.000000000	
1216	-11137067.000000000	
1217	-11476395.000000000	
1218	-11744896.000000000	
1219	-11866880.000000000	
1220	-11992359.000000000	
1221	-12150095.000000000	
1222	-12250111.000000000	
1223	-12300971.000000000	
1224	-12247467.000000000	
1225	-12107477.000000000	
1226	-11904810.000000000	
1227	-11511637.000000000	
1228	-10903851.000000000	
1229	-10154795.000000000	
1230	-9298816.000000000	
1231	-8249301.500000000	
1232	-7054421.500000000	
1233	-5885098.500000000	
1234	-4845184.000000000	
1235	-4049194.750000000	
1236	-3559168.000000000	
1237	-3350101.250000000	
1238	-3352576.000000000	
1239	-3564160.000000000	
1240	-3992661.250000000	
1241	-4706133.500000000	
1242	-5702912.000000000	
1243	-6737237.500000000	
1244	-7688960.000000000	
1245	-8537813.000000000	
1246	-9192064.000000000	
1247	-9697109.000000000	
1248	-10163584.000000000	
1249	-10545323.000000000	
1250	-10793813.000000000	
1251	-11032277.000000000	
1252	-11317077.000000000	
1253	-11559509.000000000	
1254	-11721727.000000000	
1255	-11844819.000000000	
1256	-11849429.000000000	
1257	-11672703.000000000	
1258	-11379413.000000000	
1259	-10974464.000000000	
1260	-10431182.000000000	
1261	-9839523.000000000	
1262	-9311528.000000000	
1263	-8775296.000000000	
1264	-8217045.500000000	
1265	-7852117.500000000	
1266	-7652864.000000000	
1267	-7567104.000000000	
1268	-7720234.500000000	
1269	-8066346.500000000	
1270	-8447104.000000000	
1271	-8889301.000000000	
1272	-9370283.000000000	
1273	-9817600.000000000	
1274	-10227325.000000000	
1275	-10635047.000000000	
1276	-10991615.000000000	
1277	-11300779.000000000	
1278	-11611008.000000000	
1279	-11920896.000000000	
1280	-12251901.000000000	
1281	-12530387.000000000	
1282	-12796927.000000000	
1283	-13070123.000000000	
1284	-13252948.000000000	
1285	-13414826.000000000	
1286	-13615487.000000000	
1287	-13815253.000000000	
1288	-13990059.000000000	
1289	-14128981.000000000	
1290	-14248703.000000000	
1291	-14335231.000000000	
1292	-14422569.000000000	
1293	-14514644.000000000	
1294	-14566015.000000000	
1295	-14621226.000000000	
1296	-14710400.000000000	
1297	-14696917.000000000	
1298	-14620373.000000000	
1299	-14626730.000000000	
1300	-14630741.000000000	
1301	-14599081.000000000	
1302	-14594304.000000000	
1303	-14584405.000000000	
1304	-14497315.000000000	
1305	-14375546.000000000	
1306	-14286925.000000000	
1307	-14161193.000000000	
1308	-13867221.000000000	
1309	-13385387.000000000	
1310	-12813184.000000000	
1311	-12216874.000000000	
1312	-11523797.000000000	
1313	-10725632.000000000	
1314	-9917568.000000000	
1315	-9191211.000000000	
1316	-8669780.000000000	
1317	-8329087.000000000	
1318	-8045056.000000000	
1319	-7858176.000000000	
1320	-7998250.500000000	
1321	-8362666.500000000	
1322	-8678400.000000000	
1323	-8997291.000000000	
1324	-9342464.000000000	
1325	-9649835.000000000	
1326	-9909035.000000000	
1327	-10115627.000000000	
1328	-10262912.000000000	
1329	-10410240.000000000	
1330	-10569344.000000000	
1331	-10605311.000000000	
1332	-10487680.000000000	
1333	-10281643.000000000	
1334	-9949227.000000000	
1335	-9396437.000000000	
1336	-8637824.000000000	
1337	-7687552.000000000	
1338	-6531029.500000000	
1339	-5299200.000000000	
1340	-4300288.000000000	
1341	-3599274.750000000	
1342	-3165397.250000000	
1343	-2934400.000000000	
1344	-2964864.000000000	
1345	-3205802.750000000	
1346	-3604522.750000000	
1347	-4086442.750000000	
1348	-4622378.500000000	
1349	-5250389.500000000	
1350	-5983488.000000000	
1351	-6639701.500000000	
1352	-7220864.000000000	
1353	-7766741.500000000	
1354	-8246442.500000000	
1355	-8697813.000000000	
1356	-9189931.000000000	
1357	-9637461.000000000	
1358	-9992747.000000000	
1359	-10231808.000000000	
1360	-10332628.000000000	
1361	-10307369.000000000	
1362	-10176555.000000000	
1363	-9961599.000000000	
1364	-9583957.000000000	
1365	-9046357.000000000	
1366	-8465024.000000000	
1367	-8036138.500000000	
1368	-7714944.000000000	
1369	-7383680.000000000	
1370	-7186730.500000000	
1371	-7190485.500000000	
1372	-7301760.000000000	
1373	-7526869.000000000	
1374	-7798016.000000000	
1375	-8075818.000000000	
1376	-8430421.000000000	
1377	-8766891.000000000	
1378	-9116287.000000000	
1379	-9531476.000000000	
1380	-9922816.000000000	
1381	-10316032.000000000	
1382	-10754261.000000000	
1383	-11187029.000000000	
1384	-11510059.000000000	
1385	-11746645.000000000	
1386	-12014037.000000000	
1387	-12300715.000000000	
1388	-12548096.000000000	
1389	-12763178.000000000	
1390	-12948224.000000000	
1391	-13133611.000000000	
1392	-13324331.000000000	
1393	-13503915.000000000	
1394	-13671893.000000000	
1395	-13846869.000000000	
1396	-13947819.000000000	
1397	-13982549.000000000	
1398	-13986345.000000000	
1399	-13959338.000000000	
1400	-13977940.000000000	
1401	-14025899.000000000	
1402	-14000853.000000000	
1403	-13902549.000000000	
1404	-13777066.000000000	
1405	-13630421.000000000	
1406	-13464959.000000000	
1407	-13293140.000000000	
1408	-13037567.000000000	
1409	-12595157.000000000	
1410	-11982336.000000000	
1411	-11300821.000000000	
1412	-10609621.000000000	
1413	-9910229.000000000	
1414	-9288363.000000000	
1415	-8756821.000000000	
1416	-8265472.000000000	
1417	-7932970.500000000	
1418	-7848917.500000000	
1419	-7905621.500000000	
1420	-7978581.500000000	
1421	-8029738.500000000	
1422	-8065237.500000000	
1423	-8145408.000000000	
1424	-8323797.500000000	
1425	-8516395.000000000	
1426	-8646144.000000000	
1427	-8671872.000000000	
1428	-8570923.000000000	
1429	-8440320.000000000	
1430	-8251392.000000000	
1431	-7899861.500000000	
1432	-7355989.500000000	
1433	-6678869.500000000	
1434	-5874816.000000000	
1435	-4958549.500000000	
1436	-4115242.750000000	
1437	-3521792.000000000	
1438	-3178069.250000000	
1439	-3030101.250000000	
1440	-3060309.250000000	
1441	-3221632.000000000	
1442	-3413845.250000000	
1443	-3636778.750000000	
1444	-3921536.000000000	
1445	-4292949.500000000	
1446	-4711936.000000000	
1447	-5087146.500000000	
1448	-5521493.500000000	
1449	-6073557.500000000	
1450	-6599808.000000000	
1451	-7078314.500000000	
1452	-7595178.500000000	
1453	-8047360.000000000	
1454	-8392875.000000000	
1455	-8701867.000000000	
1456	-8840832.000000000	
1457	-8749867.000000000	
1458	-8585600.000000000	
1459	-8434219.000000000	
1460	-8183893.500000000	
1461	-7800960.000000000	
1462	-7425493.500000000	
1463	-7142058.500000000	
1464	-6935082.500000000	
1465	-6837376.000000000	
1466	-6824277.500000000	
1467	-6873728.000000000	
1468	-7001770.500000000	
1469	-7172266.500000000	
1470	-7424469.500000000	
1471	-7726208.000000000	
1472	-8059434.500000000	
1473	-8472704.000000000	
1474	-8879531.000000000	
1475	-9265493.000000000	
1476	-9641728.000000000	
1477	-9957888.000000000	
1478	-10351915.000000000	
1479	-10806485.000000000	
1480	-11157589.000000000	
1481	-11406848.000000000	
1482	-11701333.000000000	
1483	-12022656.000000000	
1484	-12272043.000000000	
1485	-12464639.000000000	
1486	-12652032.000000000	
1487	-12831317.000000000	
1488	-12951039.000000000	
1489	-13062656.000000000	
1490	-13133355.000000000	
1491	-13122389.000000000	
1492	-13169877.000000000	
1493	-13181909.000000000	
1494	-13129600.000000000	
1495	-13095210.000000000	
1496	-13041065.000000000	
1497	-12896085.000000000	
1498	-12689323.000000000	
1499	-12447915.000000000	
1500	-12119893.000000000	
1501	-11641045.000000000	
1502	-11037226.000000000	
1503	-10385578.000000000	
1504	-9817515.000000000	
1505	-9302101.000000000	
1506	-8763989.000000000	
1507	-8289365.500000000	
1508	-8010965.500000000	
1509	-7782954.500000000	
1510	-7529429.500000000	
1511	-7346432.000000000	
1512	-7262378.500000000	
1513	-7216512.000000000	
1514	-7190954.500000000	
1515	-7216170.500000000	
1516	-7180970.500000000	
1517	-7015552.000000000	
1518	-6799232.000000000	
1519	-6487850.500000000	
1520	-6168576.000000000	
1521	-5856085.500000000	
1522	-5455146.500000000	
1523	-4958336.000000000	
1524	-4445994.500000000	
1525	-3992960.000000000	
1526	-3681834.750000000	
1527	-3502336.000000000	
1528	-3448490.750000000	
1529	-3426645.250000000	
1530	-3467648.000000000	
1531	-3544405.250000000	
1532	-3626709.250000000	
1533	-3770240.000000000	
1534	-4022101.250000000	
1535	-4340053.000000000	
1536	-4690133.000000000	
1537	-5021610.500000000	
1538	-5407016.000000000	
1539	-5914026.500000000	
1540	-6451925.000000000	
1541	-6871722.500000000	
1542	-7219541.500000000	
1543	-7470592.000000000	
1544	-7619498.500000000	
1545	-7722368.000000000	
1546	-7781973.500000000	
1547	-7698474.500000000	
1548	-7527594.500000000	
1549	-7338282.500000000	
1550	-7122304.000000000	
1551	-6914133.500000000	
1552	-6778922.500000000	
1553	-6702336.000000000	
1554	-6688938.500000000	
1555	-6733610.500000000	
1556	-6811477.500000000	
1557	-7006378.500000000	
1558	-7333077.500000000	
1559	-7637973.000000000	
1560	-7964714.500000000	
1561	-8377216.000000000	
1562	-8767785.000000000	
1563	-9113002.000000000	
1564	-9500203.000000000	
1565	-9893419.000000000	
1566	-10283348.000000000	
1567	-10685183.000000000	
1568	-11014656.000000000	
1569	-11263828.000000000	
1570	-11531603.000000000	
1571	-11834836.000000000	
1572	-12091861.000000000	
1573	-12250027.000000000	
1574	-12316459.000000000	
1575	-12411435.000000000	
1576	-12463317.000000000	
1577	-12467029.000000000	
1578	-12484949.000000000	
1579	-12510677.000000000	
1580	-12430251.000000000	
1581	-12290985.000000000	
1582	-12197758.000000000	
1583	-12083243.000000000	
1584	-11871317.000000000	
1585	-11511380.000000000	
1586	-11008128.000000000	
1587	-10506283.000000000	
1588	-10057429.000000000	
1589	-9555413.000000000	
1590	-8989483.000000000	
1591	-8451456.000000000	
1592	-7970090.500000000	
1593	-7556181.500000000	
1594	-7135744.000000000	
1595	-6725802.500000000	
1596	-6409770.500000000	
1597	-6174378.500000000	
1598	-5938261.500000000	
1599	-5670397.500000000	
1600	-5476094.500000000	
1601	-5264896.000000000	
1602	-4998144.000000000	
1603	-4833194.500000000	
1604	-4718890.500000000	
1605	-4587861.500000000	
1606	-4426496.000000000	
1607	-4246613.500000000	
1608	-4028117.250000000	
1609	-3837824.000000000	
1610	-3672832.000000000	
1611	-3495594.750000000	
1612	-3385898.750000000	
1613	-3335893.250000000	
1614	-3371005.000000000	
1615	-3440424.750000000	
1616	-3545045.250000000	
1617	-3708586.750000000	
1618	-3978837.250000000	
1619	-4260394.500000000	
1620	-4541738.000000000	
1621	-4854016.000000000	
1622	-5200938.500000000	
1623	-5582421.500000000	
1624	-5959082.500000000	
1625	-6307456.000000000	
1626	-6648832.000000000	
1627	-6858496.000000000	
1628	-6925013.500000000	
1629	-6950272.000000000	
1630	-6905984.000000000	
1631	-6713344.000000000	
1632	-6526421.500000000	
1633	-6391040.000000000	
1634	-6251178.500000000	
1635	-6148906.500000000	
1636	-6108117.500000000	
1637	-6164266.500000000	
1638	-6332672.000000000	
1639	-6583680.000000000	
1640	-6869461.500000000	
1641	-7199317.500000000	
1642	-7585280.000000000	
1643	-8031018.500000000	
1644	-8454314.000000000	
1645	-8813739.000000000	
1646	-9203840.000000000	
1647	-9621887.000000000	
1648	-9973632.000000000	
1649	-10304725.000000000	
1650	-10636501.000000000	
1651	-10898304.000000000	
1652	-11118891.000000000	
1653	-11354837.000000000	
1654	-11540139.000000000	
1655	-11612544.000000000	
1656	-11688832.000000000	
1657	-11775061.000000000	
1658	-11732779.000000000	
1659	-11709180.000000000	
1660	-11762726.000000000	
1661	-11738154.000000000	
1662	-11603706.000000000	
1663	-11401854.000000000	
1664	-11127371.000000000	
1665	-10771026.000000000	
1666	-10401152.000000000	
1667	-9943552.000000000	
1668	-9336320.000000000	
1669	-8680149.000000000	
1670	-8003584.000000000	
1671	-7344597.500000000	
1672	-6770944.000000000	
1673	-6223658.500000000	
1674	-5709653.500000000	
1675	-5255594.500000000	
1676	-4898346.500000000	
1677	-4701525.500000000	
1678	-4607274.500000000	
1679	-4528725.500000000	
1680	-4475050.500000000	
1681	-4457258.500000000	
1682	-4492714.500000000	
1683	-4497920.000000000	
1684	-4456405.500000000	
1685	-4296533.000000000	
1686	-3989717.250000000	
1687	-3709269.250000000	
1688	-3489962.750000000	
1689	-3290240.000000000	
1690	-3158186.750000000	
1691	-3160533.250000000	
1692	-3224277.250000000	
1693	-3311402.750000000	
1694	-3455189.250000000	
1695	-3619840.000000000	
1696	-3814101.250000000	
1697	-4030336.000000000	
1698	-4333525.500000000	
1699	-4667690.500000000	
1700	-4928512.000000000	
1701	-5191936.000000000	
1702	-5475029.500000000	
1703	-5726208.000000000	
1704	-5961641.500000000	
1705	-6119466.000000000	
1706	-6186752.000000000	
1707	-6149205.500000000	
1708	-6041344.000000000	
1709	-5906816.000000000	
1710	-5781077.500000000	
1711	-5736874.500000000	
1712	-5784234.500000000	
1713	-5847247.500000000	
1714	-5958480.500000000	
1715	-6142335.500000000	
1716	-6321962.500000000	
1717	-6556885.500000000	
1718	-6940800.000000000	
1719	-7332394.500000000	
1720	-7734101.000000000	
1721	-8206762.500000000	
1722	-8631083.000000000	
1723	-9024853.000000000	
1724	-9437952.000000000	
1725	-9785856.000000000	
1726	-10065621.000000000	
1727	-10332032.000000000	
1728	-10535339.000000000	
1729	-10727209.000000000	
1730	-10972628.000000000	
1731	-11148757.000000000	
1732	-11205205.000000000	
1733	-11202005.000000000	
1734	-11197440.000000000	
1735	-11232512.000000000	
1736	-11246891.000000000	
1737	-11114965.000000000	
1738	-10852907.000000000	
1739	-10565717.000000000	
1740	-10224043.000000000	
1741	-9763712.000000000	
1742	-9164160.000000000	
1743	-8470059.000000000	
1744	-7741312.000000000	
1745	-7006976.000000000	
1746	-6305066.500000000	
1747	-5681536.000000000	
1748	-5159082.500000000	
1749	-4731178.500000000	
1750	-4453632.000000000	
1751	-4358400.000000000	
1752	-4355413.500000000	
1753	-4403370.500000000	
1754	-4466389.500000000	
1755	-4505344.000000000	
1756	-4513066.500000000	
1757	-4436693.500000000	
1758	-4331264.000000000	
1759	-4175872.000000000	
1760	-3951701.250000000	
1761	-3664426.500000000	
1762	-3432064.000000000	
1763	-3345365.250000000	
1764	-3359744.000000000	
1765	-3364352.000000000	
1766	-3422976.000000000	
1767	-3560149.250000000	
1768	-3737344.000000000	
1769	-3914069.250000000	
1770	-4119680.000000000	
1771	-4356778.000000000	
1772	-4527231.500000000	
1773	-4686591.500000000	
1774	-4911616.000000000	
1775	-5145344.000000000	
1776	-5382783.000000000	
1777	-5572692.500000000	
1778	-5642837.500000000	
1779	-5599957.500000000	
1780	-5565568.000000000	
1781	-5561216.000000000	
1782	-5552469.500000000	
1783	-5545216.000000000	
1784	-5559296.000000000	
1785	-5601493.000000000	
1786	-5689855.500000000	
1787	-5908095.500000000	
1788	-6140970.500000000	
1789	-6347861.500000000	
1790	-6608426.000000000	
1791	-6945664.000000000	
1792	-7345790.000000000	
1793	-7739047.500000000	
1794	-8118101.000000000	
1795	-8504149.000000000	
1796	-8847317.000000000	
1797	-9182763.000000000	
1798	-9511125.000000000	
1799	-9779882.000000000	
1800	-9984000.000000000	
1801	-10205056.000000000	
1802	-10407296.000000000	
1803	-10506368.000000000	
1804	-10558976.000000000	
1805	-10607189.000000000	
1806	-10585899.000000000	
1807	-10495872.000000000	
1808	-10327381.000000000	
1809	-10072106.000000000	
1810	-9744683.000000000	
1811	-9264000.000000000	
1812	-8688768.000000000	
1813	-8089386.500000000	
1814	-7394602.500000000	
1815	-6691498.500000000	
1816	-6035413.500000000	
1817	-5362858.500000000	
1818	-4883072.000000000	
1819	-4606762.500000000	
1820	-4465109.500000000	
1821	-4451754.500000000	
1822	-4499328.000000000	
1823	-4543872.000000000	
1824	-4524117.500000000	
1825	-4437930.500000000	
1826	-4320042.500000000	
1827	-4231424.000000000	
1828	-4067754.750000000	
1829	-3840768.000000000	
1830	-3623253.250000000	
1831	-3533909.250000000	
1832	-3485909.250000000	
1833	-3455957.250000000	
1834	-3458773.250000000	
1835	-3517397.250000000	
1836	-3628842.750000000	
1837	-3767680.000000000	
1838	-3944149.250000000	
1839	-4122794.000000000	
1840	-4301738.000000000	
1841	-4501205.500000000	
1842	-4626730.500000000	
1843	-4741589.000000000	
1844	-4901632.000000000	
1845	-5070633.500000000	
1846	-5185365.500000000	
1847	-5224234.500000000	
1848	-5236735.500000000	
1849	-5232213.500000000	
1850	-5184256.000000000	
1851	-5140650.500000000	
1852	-5136085.500000000	
1853	-5214848.000000000	
1854	-5328042.500000000	
1855	-5424341.500000000	
1856	-5556736.000000000	
1857	-5749290.500000000	
1858	-5979264.000000000	
1859	-6239914.500000000	
1860	-6504448.000000000	
1861	-6848853.000000000	
1862	-7253589.000000000	
1863	-7584128.000000000	
1864	-7901824.000000000	
1865	-8255786.500000000	
1866	-8596776.000000000	
1867	-8846717.000000000	
1868	-9057962.000000000	
1869	-9240789.000000000	
1870	-9407659.000000000	
1871	-9493888.000000000	
1872	-9537834.000000000	
1873	-9562109.000000000	
1874	-9450110.000000000	
1875	-9286271.000000000	
1876	-9094827.000000000	
1877	-8754176.000000000	
1878	-8306090.500000000	
1879	-7732693.500000000	
1880	-7039701.500000000	
1881	-6344064.000000000	
1882	-5708757.500000000	
1883	-5200981.000000000	
1884	-4838399.500000000	
1885	-4577322.500000000	
1886	-4391893.500000000	
1887	-4321194.500000000	
1888	-4296234.500000000	
1889	-4235477.000000000	
1890	-4142208.000000000	
1891	-4102912.000000000	
1892	-4053589.250000000	
1893	-3930538.750000000	
1894	-3770794.750000000	
1895	-3632853.250000000	
1896	-3547861.250000000	
1897	-3509546.750000000	
1898	-3526698.750000000	
1899	-3543850.000000000	
1900	-3555925.250000000	
1901	-3582634.750000000	
1902	-3623168.000000000	
1903	-3741738.750000000	
1904	-3839530.750000000	
1905	-3912618.250000000	
1906	-4018005.250000000	
1907	-4115156.750000000	
1908	-4171050.000000000	
1909	-4237994.500000000	
1910	-4299008.000000000	
1911	-4289920.000000000	
1912	-4255402.500000000	
1913	-4251008.000000000	
1914	-4261120.000000000	
1915	-4227626.500000000	
1916	-4219946.500000000	
1917	-4228992.000000000	
1918	-4313984.000000000	
1919	-4386176.000000000	
1920	-4399360.000000000	
1921	-4468181.500000000	
1922	-4580949.000000000	
1923	-4665173.000000000	
1924	-4798165.500000000	
1925	-4958506.500000000	
1926	-5118634.500000000	
1927	-5312554.500000000	
1928	-5501653.500000000	
1929	-5665535.000000000	
1930	-5815380.000000000	
1931	-5987114.500000000	
1932	-6189312.000000000	
1933	-6346751.500000000	
1934	-6428117.500000000	
1935	-6412586.500000000	
1936	-6369365.500000000	
1937	-6338389.500000000	
1938	-6219178.500000000	
1939	-5952255.500000000	
1940	-5616938.500000000	
1941	-5285589.500000000	
1942	-4899456.000000000	
1943	-4423338.500000000	
1944	-3954986.000000000	
1945	-3551018.750000000	
1946	-3281237.000000000	
1947	-3155157.250000000	
1948	-3072000.000000000	
1949	-3024384.000000000	
1950	-3006762.750000000	
1951	-2950912.000000000	
1952	-2924928.000000000	
1953	-2910208.000000000	
1954	-2854826.750000000	
1955	-2759722.750000000	
1956	-2707498.750000000	
1957	-2684970.750000000	
1958	-2629248.000000000	
1959	-2564693.250000000	
1960	-2532522.750000000	
1961	-2537216.000000000	
1962	-2530688.000000000	
1963	-2520832.000000000	
1964	-2548864.000000000	
1965	-2587904.000000000	
1966	-2599210.750000000	
1967	-2613802.750000000	
1968	-2636885.250000000	
1969	-2632618.750000000	
1970	-2592042.750000000	
1971	-2546944.000000000	
1972	-2489258.750000000	
1973	-2409813.250000000	
1974	-2368000.000000000	
1975	-2347562.750000000	
1976	-2299605.250000000	
1977	-2283349.250000000	
1978	-2283989.250000000	
1979	-2278272.000000000	
1980	-2283562.750000000	
1981	-2276906.750000000	
1982	-2232576.000000000	
1983	-2200405.250000000	
1984	-2176042.750000000	
1985	-2157525.250000000	
1986	-2163840.000000000	
1987	-2142805.250000000	
1988	-2116053.250000000	
1989	-2075221.375000000	
1990	-2007680.000000000	
1991	-1960277.375000000	
1992	-1896362.625000000	
1993	-1811968.000000000	
1994	-1750058.625000000	
1995	-1682261.375000000	
1996	-1605760.000000000	
1997	-1545045.375000000	
1998	-1479765.375000000	
1999	-1379584.000000000	
2000	-1274410.625000000	
2001	-1200000.000000000	
2002	-1162325.375000000	
2003	-1091541.375000000	
2004	-995882.687500000	
2005	-943658.687500000	
2006	-918058.687500000	
2007	-900394.687500000	
2008	-892458.687500000	
2009	-849194.687500000	
2010	-790058.687500000	
2011	-739541.312500000	
2012	-713642.687500000	
2013	-685482.687500000	
2014	-654677.312500000	
2015	-637226.687500000	
2016	-609536.000000000	
2017	-575061.312500000	
2018	-556117.312500000	
2019	-509482.656250000	
2020	-475136.000000000	
2021	-464383.968750000	
2022	-460670.656250000	
2023	-452864.000000000	
2024	-442195.656250000	
2025	-430848.000000000	
2026	-418261.343750000	
2027	-399189.343750000	
2028	-407808.000000000	
2029	-400295.156250000	
2030	-369960.000000000	
2031	-341589.343750000	
2032	-335829.312500000	
2033	-346496.000000000	
2034	-334122.656250000	
2035	-332629.343750000	
2036	-328874.656250000	
2037	-320768.000000000	
2038	-297045.343750000	
2039	-299605.343750000	
2040	-319146.656250000	
2041	-320170.656250000	
2042	-286933.312500000	
2043	-257279.984375000	
2044	-252287.984375000	
2045	-261760.000000000	
2046	-259498.656250000	
2047	-276224.000000000	
2048	-261117.328125000	
2049	-264803.187500000	
2050	-254102.500000000	
2051	-245339.890625000	
2052	-226546.328125000	
2053	-221470.953125000	
2054	-204685.984375000	
2055	-205006.703125000	
2056	-205203.593750000	
2057	-193939.296875000	
2058	-171428.828125000	
2059	-175641.718750000	
2060	-169194.812500000	
2061	-167485.796875000	
2062	-145162.890625000	
2063	-155048.578125000	
2064	-167891.453125000	
2065	-161206.031250000	
2066	-138279.109375000	
2067	-137621.031250000	
2068	-135974.781250000	
2069	-138739.609375000	
2070	-122433.328125000	
2071	-132975.484375000	
2072	-133435.250000000	
2073	-127881.750000000	
2074	-113979.578125000	
2075	-127179.171875000	
2076	-125101.625000000	
2077	-124532.171875000	
2078	-112644.265625000	
2079	-125055.226562500	
2080	-127915.835937500	
2081	-124881.406250000	
2082	-113147.585937500	
2083	-125177.929687500	
2084	-125348.703125000	
2085	-125520.453125000	
2086	-113661.742187500	
2087	-125823.398437500	
2088	-125997.875000000	
2089	-114045.921875000	
2090	-126305.671875000	
2091	-126482.976562500	
2092	-126661.320312500	
2093	-114579.781250000	
2094	-126975.976562500	
2095	-127157.210937500	
2096	-127339.507812500	
2097	-115125.531250000	
2098	-127661.164062500	
2099	-127846.492187500	
2100	-128032.875000000	
2101	-115683.507812500	
2102	-128361.804687500	
2103	-128551.351562500	
2104	-128742.015625000	
2105	-116254.273437500	
2106	-129078.484375000	
2107	-129271.757812500	
2108	-129467.390625000	
2109	-116837.148437500	
2110	-129811.671875000	
2111	-130010.046875000	
2112	-130209.640625000	
2113	-117435.531250000	
2114	-130561.828125000	
2115	-130764.953125000	
2116	-130969.304687500	
2117	-118047.132812500	
2118	-131329.984375000	
2119	-131535.031250000	
2120	-131744.406250000	
2121	-118673.242187500	
2122	-132116.359375000	
2123	-132329.218750000	
2124	-132543.468750000	
2125	-119314.437500000	
2126	-132921.734375000	
2127	-133139.828125000	
2128	-133359.328125000	
2129	-119971.351562500	
2130	-133746.812500000	
2131	-133970.234375000	
2132	-120463.296875000	
2133	-134364.843750000	
2134	-134592.265625000	
2135	-134821.218750000	
2136	-121148.406250000	
2137	-135225.828125000	
2138	-135459.046875000	
2139	-135693.859375000	
2140	-121851.296875000	
2141	-136108.562500000	
2142	-136347.781250000	
2143	-136588.640625000	
2144	-122571.953125000	
2145	-137014.109375000	
2146	-137259.531250000	
2147	-137506.562500000	
2148	-123311.421875000	
2149	-137943.171875000	
2150	-138195.031250000	
2151	-138448.593750000	
2152	-124070.328125000	
2153	-138896.468750000	
2154	-139155.109375000	
2155	-139415.500000000	
2156	-124849.312500000	
2157	-139875.656250000	
2158	-140141.093750000	
2159	-140408.578125000	
2160	-125649.492187500	
2161	-140881.250000000	
2162	-141154.015625000	
2163	-141428.656250000	
2164	-126471.421875000	
2165	-141914.296875000	
2166	-142194.593750000	
2167	-142477.046875000	
2168	-127316.359375000	
2169	-142976.265625000	
2170	-143264.359375000	
2171	-143554.609375000	
2172	-128184.781250000	
2173	-144067.906250000	
2174	-144364.250000000	
2175	-128837.335937500	
2176	-144888.203125000	
2177	-145190.734375000	
2178	-145495.593750000	
2179	-129749.234375000	
2180	-146034.609375000	
2181	-146345.984375000	
2182	-146659.531250000	
2183	-130687.257812500	
2184	-147214.453125000	
2185	-147534.515625000	
2186	-147856.484375000	
2187	-131653.703125000	
2188	-148429.265625000	
2189	-148757.687500000	
2190	-149088.718750000	
2191	-132642.703125000	
2192	-149666.531250000	
2193	-149995.046875000	
2194	-150314.906250000	
2195	-133616.500000000	
2196	-150909.609375000	
2197	-151267.046875000	
2198	-151630.156250000	
2199	-134688.562500000	
2200	-152260.515625000	
2201	-152621.906250000	
2202	-152978.281250000	
2203	-135766.562500000	
2204	-153604.265625000	
2205	-153983.312500000	
2206	-154364.500000000	
2207	-136888.390625000	
2208	-155020.890625000	
2209	-155393.156250000	
2210	-155768.812500000	
2211	-138006.343750000	
2212	-156458.265625000	
2213	-156862.312500000	
2214	-157263.734375000	
2215	-139214.015625000	
2216	-157975.687500000	
2217	-158385.671875000	
2218	-140134.093750000	
2219	-159106.156250000	
2220	-159505.609375000	
2221	-159928.656250000	
2222	-141363.203125000	
2223	-160668.062500000	
2224	-161098.671875000	
2225	-161504.406250000	
2226	-142586.265625000	
2227	-162203.984375000	
2228	-162603.687500000	
2229	-163012.687500000	
2230	-143733.421875000	
2231	-163616.562500000	
2232	-163989.281250000	
2233	-164338.640625000	
2234	-144683.578125000	
2235	-164924.671875000	
2236	-165330.046875000	
2237	-165741.203125000	
2238	-145764.343750000	
2239	-166459.546875000	
2240	-166909.171875000	
2241	-167297.515625000	
2242	-146971.562500000	
2243	-168038.078125000	
2244	-168469.093750000	
2245	-168926.812500000	
2246	-148234.046875000	
2247	-169768.218750000	
2248	-170294.453125000	
2249	-170838.062500000	
2250	-149811.609375000	
2251	-171777.718750000	
2252	-172371.515625000	
2253	-172966.562500000	
2254	-151535.390625000	
2255	-173981.000000000	
2256	-174527.031250000	
2257	-175114.093750000	
2258	-153225.687500000	
2259	-176059.562500000	
2260	-176670.359375000	
2261	-154505.421875000	
2262	-177723.078125000	
2263	-178336.750000000	
2264	-178966.750000000	
2265	-156322.562500000	
2266	-180048.328125000	
2267	-180644.953125000	
2268	-181244.703125000	
2269	-158091.937500000	
2270	-182307.125000000	
2271	-182955.046875000	
2272	-183601.671875000	
2273	-159961.000000000	
2274	-184694.984375000	
2275	-185352.921875000	
2276	-186002.718750000	
2277	-161897.328125000	
2278	-187168.937500000	
2279	-187793.562500000	
2280	-188437.421875000	
2281	-163752.562500000	
2282	-189633.937500000	
2283	-190330.078125000	
2284	-191038.734375000	
2285	-165827.296875000	
2286	-192386.640625000	
2287	-193174.796875000	
2288	-194032.796875000	
2289	-168287.234375000	
2290	-195385.843750000	
2291	-196149.468750000	
2292	-196969.375000000	
2293	-170645.406250000	
2294	-198533.875000000	
2295	-199428.578125000	
2296	-200307.781250000	
2297	-173284.406250000	
2298	-201926.093750000	
2299	-202922.968750000	
2300	-203876.625000000	
2301	-176205.453125000	
2302	-205563.203125000	
2303	-206547.453125000	
2304	-178398.281250000	
2305	-208339.875000000	
2306	-209342.500000000	
2307	-210420.625000000	
2308	-181580.718750000	
2309	-212326.656250000	
2310	-213424.375000000	
2311	-214499.671875000	
2312	-184846.875000000	
2313	-216519.156250000	
2314	-217697.796875000	
2315	-218913.921875000	
2316	-188446.187500000	
2317	-220997.093750000	
2318	-222172.078125000	
2319	-223421.234375000	
2320	-192127.421875000	
2321	-225710.906250000	
2322	-226951.359375000	
2323	-228246.750000000	
2324	-196003.750000000	
2325	-230597.968750000	
2326	-231974.250000000	
2327	-233337.687500000	
2328	-200134.843750000	
2329	-235791.687500000	
2330	-237200.406250000	
2331	-238669.328125000	
2332	-204444.203125000	
2333	-241339.015625000	
2334	-242968.703125000	
2335	-244525.703125000	
2336	-209141.343750000	
2337	-247218.953125000	
2338	-248862.750000000	
2339	-250526.093750000	
2340	-214062.218750000	
2341	-253573.765625000	
2342	-255357.250000000	
2343	-257177.671875000	
2344	-219576.140625000	
2345	-260568.921875000	
2346	-262429.250000000	
2347	-223691.015625000	
2348	-265761.468750000	
2349	-267873.281250000	
2350	-270018.312500000	
2351	-229935.109375000	
2352	-273554.625000000	
2353	-275768.093750000	
2354	-278048.906250000	
2355	-236555.015625000	
2356	-281986.187500000	
2357	-284366.781250000	
2358	-286863.968750000	
2359	-243737.781250000	
2360	-291138.593750000	
2361	-293673.406250000	
2362	-296321.125000000	
2363	-251488.906250000	
2364	-300982.125000000	
2365	-303804.187500000	
2366	-306733.031250000	
2367	-260044.046875000	
2368	-311818.250000000	
2369	-314857.750000000	
2370	-318004.718750000	
2371	-269250.875000000	
2372	-323619.656250000	
2373	-327045.531250000	
2374	-330446.843750000	
2375	-279503.343750000	
2376	-336581.906250000	
2377	-340188.281250000	
2378	-343951.687500000	
2379	-290618.843750000	
2380	-350821.375000000	
2381	-354870.656250000	
2382	-358941.531250000	
2383	-302839.281250000	
2384	-366481.875000000	
2385	-371043.468750000	
2386	-375760.093750000	
2387	-316666.000000000	
2388	-384124.687500000	
2389	-389201.750000000	
2390	-327697.000000000	
2391	-398281.625000000	
2392	-403778.031250000	
2393	-409483.000000000	
2394	-344585.406250000	
2395	-419990.437500000	
2396	-426236.593750000	
2397	-432716.250000000	
2398	-363866.375000000	
2399	-444709.562500000	
2400	-451847.718750000	
2401	-459317.750000000	
2402	-385914.156250000	
2403	-473059.625000000	
2404	-481352.906250000	
2405	-489976.968750000	
2406	-411505.343750000	
2407	-505970.437500000	
2408	-515667.062500000	
2409	-525861.187500000	
2410	-441571.187500000	
2411	-544769.937500000	
2412	-556120.625000000	
2413	-568049.312500000	
2414	-476750.687500000	
2415	-590463.437500000	
2416	-604261.187500000	
2417	-618699.500000000	
2418	-519344.406250000	
2419	-645755.125000000	
2420	-662603.250000000	
2421	-680505.000000000	
2422	-571818.312500000	
2423	-714398.687500000	
2424	-735377.812500000	
2425	-757761.687500000	
2426	-637735.500000000	
2427	-800983.812500000	
2428	-828254.875000000	
2429	-857518.437500000	
2430	-723539.250000000	
2431	-914283.250000000	
2432	-950533.750000000	
2433	-804272.812500000	
2434	-1021988.937500000	
2435	-1068355.125000000	
2436	-1119397.250000000	
2437	-952976.312500000	
2438	-1222234.875000000	
2439	-1290558.875000000	
2440	-1367419.750000000	
2441	-1176021.750000000	
2442	-1527988.250000000	
2443	-1638585.125000000	
2444	-1767359.500000000	
2445	-1547451.375000000	
2446	-2051548.250000000	
2447	-2261128.250000000	
2448	-2519902.250000000	
2449	-2290472.500000000	
2450	-3157190.250000000	
2451	-3695672.500000000	
2452	-4460790.500000000	
2453	-4519484.000000000	
2454	-7026575.500000000	
2455	-10509083.000000000	
2456	-16777216.000000000	
2457	NaN	
2458	NaN	
